34 0.5359375 0.41953125 0.18984375 0.19140625
34 0.4140625 0.2109375 0.26015625 0.1828125
34 0.3234375 0.40390625 0.24296875 0.19296875
34 0.72578125 0.39765625 0.21953125 0.25625
34 0.85546875 0.578125 0.225 0.23515625
34 0.64609375 0.59453125 0.13984375 0.15859375
34 0.48125 0.52578125 0.28671875 0.22890625
34 0.29296875 0.53828125 0.29375 0.21171875
34 0.16328125 0.67421875 0.265625 0.27578125
34 0.3609375 0.72421875 0.2015625 0.21953125
34 0.53828125 0.66796875 0.1265625 0.18046875
34 0.7109375 0.6953125 0.21875 0.2171875
34 0.90859375 0.65078125 0.1828125 0.30703125
