86 0.64375 0.75078125 0.16796875 0.33515625
86 0.87890625 0.75859375 0.196875 0.31875
86 0.92421875 0.4671875 0.13515625 0.21953125
86 0.58984375 0.4953125 0.1390625 0.20703125
86 0.40625 0.5265625 0.159375 0.2515625
86 0.425 0.79375 0.165625 0.34921875
86 0.190625 0.78984375 0.203125 0.35859375
86 0.2125 0.52734375 0.14921875 0.1953125
86 0.25234375 0.35234375 0.12734375 0.1609375
86 0.540625 0.3234375 0.11015625 0.12109375
86 0.82890625 0.328125 0.10703125 0.1734375
86 0.65234375 0.20390625 0.09375 0.1171875
86 0.76328125 0.2046875 0.09921875 0.11953125
86 0.8671875 0.1859375 0.10390625 0.128125
86 0.1578125 0.22890625 0.1109375 0.15
