18 0.2515625 0.721875 0.03125 0.05625
18 0.29921875 0.7234375 0.0265625 0.090625
18 0.19609375 0.70234375 0.04375 0.096875
18 0.2625 0.66015625 0.034375 0.0421875
18 0.3109375 0.6328125 0.0203125 0.0875
18 0.3390625 0.58359375 0.0234375 0.1078125
18 0.35 0.70390625 0.025 0.08125
18 0.38125 0.5453125 0.0375 0.0984375
18 0.36875 0.65703125 0.0484375 0.103125
18 0.340625 0.52265625 0.0390625 0.0859375
18 0.42265625 0.5984375 0.0265625 0.0984375
18 0.37734375 0.7359375 0.0296875 0.103125
18 0.33203125 0.765625 0.034375 0.0796875
18 0.2296875 0.79296875 0.103125 0.0765625
