86 0.753125 0.73359375 0.203125 0.18125
86 0.83046875 0.5703125 0.1953125 0.1671875
86 0.85078125 0.41171875 0.2078125 0.1625
86 0.4875 0.57734375 0.165625 0.1734375
86 0.3375 0.73515625 0.1890625 0.1765625
86 0.53125 0.7390625 0.18125 0.1796875
86 0.33828125 0.41015625 0.18125 0.1609375
86 0.51015625 0.4078125 0.159375 0.1671875
86 0.471875 0.2546875 0.1828125 0.1390625
86 0.30234375 0.2578125 0.1796875 0.1484375
86 0.16796875 0.41953125 0.165625 0.1578125
86 0.15703125 0.5859375 0.1703125 0.1734375
