34 0.4859375 0.31953125 0.2078125 0.171875
34 0.665625 0.32109375 0.2046875 0.125
34 0.565625 0.22734375 0.17890625 0.16171875
34 0.3640625 0.2453125 0.21171875 0.15390625
34 0.346875 0.33046875 0.20234375 0.090625
34 0.4109375 0.4140625 0.20234375 0.17890625
34 0.47109375 0.6140625 0.2296875 0.2828125
34 0.65 0.45703125 0.19765625 0.11328125
34 0.6546875 0.6671875 0.1546875 0.29609375
34 0.29296875 0.478125 0.2140625 0.19375
34 0.2203125 0.63203125 0.209375 0.2921875
34 0.35859375 0.87890625 0.246875 0.22265625
34 0.60625 0.79765625 0.22265625 0.28984375
34 0.7578125 0.71328125 0.11796875 0.18046875
34 0.73125 0.59140625 0.19296875 0.14296875
34 0.74140625 0.4578125 0.1703125 0.1375
