67 0.4265625 0.20859375 0.3328125 0.253125
67 0.81171875 0.4140625 0.2421875 0.2578125
67 0.5796875 0.40078125 0.259375 0.2703125
67 0.3421875 0.396875 0.3015625 0.209375
67 0.2515625 0.57578125 0.24375 0.2046875
67 0.4640625 0.5890625 0.2078125 0.2140625
67 0.68515625 0.58515625 0.246875 0.2421875
67 0.8984375 0.590625 0.2 0.303125
67 0.78984375 0.76484375 0.196875 0.2421875
67 0.596875 0.6984375 0.1828125 0.246875
67 0.39375 0.74453125 0.2359375 0.259375
67 0.13046875 0.765625 0.2609375 0.2890625
