79 0.165625 0.7390625 0.171875 0.228125
79 0.3359375 0.73828125 0.1546875 0.23125
79 0.8609375 0.72265625 0.153125 0.246875
79 0.68984375 0.7390625 0.1640625 0.225
79 0.20546875 0.56015625 0.15 0.1765625
79 0.5078125 0.74765625 0.1609375 0.234375
79 0.36015625 0.5703125 0.1578125 0.2
79 0.52421875 0.5671875 0.15 0.175
79 0.6875 0.5640625 0.140625 0.1828125
79 0.84296875 0.56484375 0.1421875 0.153125
79 0.825 0.43671875 0.1421875 0.1484375
79 0.67265625 0.42890625 0.1515625 0.11875
79 0.51796875 0.43515625 0.134375 0.13125
79 0.36953125 0.43671875 0.1453125 0.140625
79 0.221875 0.4296875 0.153125 0.1203125
