79 0.79375 0.0984375 0.1265625 0.16875
79 0.5578125 0.57578125 0.128125 0.16875
79 0.2984375 0.575 0.13125 0.1703125
79 0.29921875 0.92109375 0.1390625 0.1578125
79 0.559375 0.89765625 0.1140625 0.171875
79 0.4328125 0.91484375 0.1265625 0.165625
79 0.67734375 0.89765625 0.115625 0.1609375
79 0.78828125 0.884375 0.1078125 0.1453125
79 0.30078125 0.75390625 0.134375 0.1640625
79 0.42890625 0.746875 0.128125 0.1640625
79 0.55859375 0.7328125 0.1203125 0.15
79 0.67734375 0.71875 0.121875 0.134375
79 0.78671875 0.71796875 0.11875 0.153125
79 0.540625 0.56328125 0.09375 0.1484375
79 0.42734375 0.575 0.1265625 0.1578125
79 0.67421875 0.55390625 0.11875 0.1328125
79 0.79140625 0.5609375 0.1125 0.14375
79 0.29921875 0.40390625 0.1203125 0.159375
79 0.553125 0.39921875 0.1125 0.14375
79 0.6765625 0.40703125 0.121875 0.1421875
79 0.79609375 0.409375 0.1109375 0.146875
79 0.78671875 0.24765625 0.1078125 0.1234375
79 0.67890625 0.25234375 0.1203125 0.15625
79 0.565625 0.07109375 0.121875 0.1421875
79 0.67890625 0.08828125 0.1046875 0.1421875
