79 0.31640625 0.7484375 0.0984375 0.08125
79 0.225 0.7484375 0.0953125 0.078125
79 0.67890625 0.3625 0.2015625 0.084375
79 0.4921875 0.359375 0.0875 0.0703125
79 0.265625 0.3609375 0.125 0.075
79 0.37578125 0.35859375 0.1078125 0.0703125
79 0.5515625 0.46953125 0.0890625 0.05625
79 0.78046875 0.48046875 0.1015625 0.0671875
79 0.84921875 0.925 0.128125 0.0859375
79 0.95078125 0.92890625 0.084375 0.078125
79 0.41953125 0.7578125 0.1078125 0.08125
79 0.52734375 0.76875 0.0953125 0.0765625
79 0.62421875 0.7765625 0.0875 0.06875
79 0.42109375 0.93203125 0.1 0.071875
79 0.36796875 0.83515625 0.0828125 0.078125
