79 0.13671875 0.209375 0.15078125 0.1140625
79 0.0796875 0.67421875 0.15859375 0.17265625
79 0.571875 0.70234375 0.16796875 0.178125
79 0.28828125 0.221875 0.15 0.13828125
79 0.4296875 0.23046875 0.11875 0.14296875
79 0.1078125 0.3484375 0.1609375 0.14296875
79 0.27265625 0.365625 0.153125 0.153125
79 0.41953125 0.3734375 0.1296875 0.1625
79 0.09296875 0.49921875 0.16171875 0.13671875
79 0.25234375 0.50078125 0.16484375 0.146875
79 0.40234375 0.51640625 0.1359375 0.12578125
79 0.575 0.5171875 0.1609375 0.1453125
79 0.7359375 0.53359375 0.1703125 0.1390625
79 0.903125 0.5515625 0.159375 0.1515625
79 0.896875 0.4 0.16171875 0.128125
79 0.7375 0.39765625 0.16015625 0.115625
79 0.56484375 0.3703125 0.1578125 0.12109375
79 0.23828125 0.68046875 0.175 0.15625
79 0.3921875 0.6890625 0.15859375 0.15703125
79 0.06015625 0.83515625 0.1203125 0.18203125
79 0.20546875 0.8546875 0.1859375 0.190625
79 0.3828125 0.87421875 0.17734375 0.18671875
79 0.74296875 0.709375 0.17421875 0.1796875
79 0.90546875 0.725 0.18828125 0.16953125
79 0.57109375 0.88671875 0.17265625 0.17421875
79 0.73359375 0.88125 0.18046875 0.19140625
79 0.9046875 0.9015625 0.18984375 0.1765625
