54 0.59609375 0.78515625 0.1828125 0.1578125
54 0.30078125 0.66171875 0.2203125 0.1453125
54 0.21953125 0.50625 0.2390625 0.1625
54 0.2515625 0.34375 0.234375 0.16875
54 0.46171875 0.3046875 0.2109375 0.140625
54 0.4109375 0.17578125 0.19375 0.1390625
54 0.68671875 0.27578125 0.2296875 0.1453125
54 0.7546875 0.64296875 0.190625 0.1640625
54 0.57890625 0.58203125 0.2109375 0.1484375
54 0.50234375 0.6828125 0.2203125 0.153125
54 0.46796875 0.49296875 0.2296875 0.1546875
54 0.68671875 0.434375 0.2609375 0.159375
