42 0.03125 0.2796875 0.0625 0.1015625
42 0.03515625 0.17578125 0.0703125 0.10625
42 0.06015625 0.0828125 0.1203125 0.128125
42 0.06015625 0.89140625 0.1203125 0.215625
42 0.07109375 0.0359375 0.1421875 0.071875
42 0.09140625 0.6375 0.1828125 0.2203125
42 0.1328125 0.4796875 0.2078125 0.1703125
42 0.20390625 0.33671875 0.1625 0.1671875
42 0.19765625 0.21328125 0.140625 0.1234375
42 0.2125 0.078125 0.125 0.109375
42 0.21796875 0.1453125 0.1203125 0.1328125
42 0.2421875 0.03515625 0.109375 0.0703125
42 0.34375 0.6765625 0.1984375 0.1703125
42 0.328125 0.52109375 0.1578125 0.1609375
42 0.371875 0.3671875 0.159375 0.1078125
42 0.37734375 0.2625 0.146875 0.1515625
42 0.42421875 0.9078125 0.23125 0.1828125
42 0.384375 0.0984375 0.1265625 0.13125
42 0.3921875 0.18359375 0.13125 0.128125
42 0.4109375 0.04609375 0.078125 0.0921875
42 0.509375 0.0265625 0.0921875 0.053125
42 0.528125 0.11875 0.1078125 0.0984375
42 0.54765625 0.2015625 0.1359375 0.1171875
42 0.5609375 0.296875 0.1421875 0.1515625
42 0.546875 0.05546875 0.1 0.0984375
42 0.58359375 0.525 0.16875 0.1625
42 0.58125 0.38984375 0.153125 0.1515625
42 0.64296875 0.66875 0.1796875 0.2078125
42 0.6203125 0.028125 0.071875 0.05625
42 0.64765625 0.0453125 0.084375 0.0890625
42 0.675 0.0953125 0.0984375 0.0890625
42 0.69375 0.1484375 0.1046875 0.11875
42 0.71953125 0.22890625 0.1296875 0.13125
42 0.7703125 0.3125 0.1265625 0.1328125
42 0.7421875 0.0296875 0.0546875 0.059375
42 0.815625 0.8828125 0.184375 0.1703125
42 0.7828125 0.06171875 0.0984375 0.1046875
42 0.80703125 0.42421875 0.1390625 0.13125
42 0.80234375 0.53359375 0.128125 0.1484375
42 0.80625 0.11875 0.1015625 0.1046875
42 0.865625 0.17421875 0.1078125 0.1203125
42 0.890625 0.2640625 0.125 0.1421875
42 0.9046875 0.66015625 0.1515625 0.1671875
42 0.8796875 0.0375 0.090625 0.075
42 0.921875 0.06953125 0.0953125 0.0875
42 0.9375 0.36328125 0.1234375 0.140625
42 0.94140625 0.4875 0.1171875 0.14375
42 0.94453125 0.8734375 0.109375 0.178125
42 0.95546875 0.1265625 0.0875 0.10625
42 0.96484375 0.18046875 0.0703125 0.096875
42 0.98203125 0.62265625 0.034375 0.1265625
42 0.98359375 0.2609375 0.03125 0.09375
