42 0.515625 0.546875 0.9671875 0.5203125
42 0.53359375 0.70546875 0.9328125 0.5875
42 0.44921875 0.9640625 0.1125 0.071875
42 0.6046875 0.0640625 0.41875 0.128125
42 0.65625 0.13828125 0.44375 0.2
42 0.70625 0.21484375 0.4578125 0.25
42 0.55 0.93046875 0.0953125 0.1375
42 0.5546875 0.39140625 0.065625 0.078125
42 0.78125 0.30234375 0.4125 0.2578125
42 0.634375 0.890625 0.090625 0.1328125
42 0.71484375 0.83828125 0.0984375 0.140625
42 0.78359375 0.80078125 0.0640625 0.1296875
42 0.8484375 0.75078125 0.0875 0.1328125
42 0.9171875 0.70390625 0.0765625 0.1328125
42 0.97734375 0.65546875 0.0453125 0.121875
