20 0.515625 0.546875 0.9671875 0.5203125
20 0.53359375 0.70546875 0.93203125 0.5875
20 0.44921875 0.9640625 0.1125 0.07109375
20 0.6046875 0.0640625 0.41875 0.12734375
20 0.65625 0.13828125 0.44296875 0.2
20 0.70625 0.21484375 0.45703125 0.25
20 0.55 0.93046875 0.0953125 0.1375
20 0.5546875 0.39140625 0.06484375 0.07890625
20 0.78125 0.30234375 0.41171875 0.25703125
20 0.634375 0.890625 0.090625 0.13203125
20 0.71484375 0.83828125 0.0984375 0.13984375
20 0.78359375 0.80078125 0.0640625 0.12890625
20 0.8484375 0.75078125 0.08671875 0.1328125
20 0.9171875 0.70390625 0.0765625 0.1328125
20 0.97734375 0.65546875 0.04453125 0.121875
