20 0.18984375 0.47890625 0.1859375 0.18984375
20 0.196875 0.6390625 0.19765625 0.2578125
20 0.28984375 0.38828125 0.16796875 0.16796875
20 0.3546875 0.76875 0.20625 0.22734375
20 0.3734375 0.465625 0.18828125 0.1859375
20 0.38984375 0.5953125 0.171875 0.16484375
20 0.3859375 0.2859375 0.15 0.19609375
20 0.44296875 0.16328125 0.140625 0.1828125
20 0.4890625 0.3625 0.19140625 0.16015625
20 0.51328125 0.83203125 0.1828125 0.19921875
20 0.5453125 0.68046875 0.20078125 0.184375
20 0.5140625 0.2546875 0.12578125 0.12421875
20 0.53671875 0.51015625 0.16796875 0.1765625
20 0.61015625 0.1890625 0.1359375 0.1453125
20 0.625 0.3078125 0.13203125 0.11953125
20 0.6609375 0.4171875 0.16484375 0.18828125
20 0.71015625 0.6015625 0.19765625 0.19921875
20 0.74921875 0.23203125 0.171875 0.1828125
20 0.7875 0.340625 0.15390625 0.171875
20 0.81171875 0.5 0.1796875 0.16328125
