26 0.2546875 0.55625 0.10703125 0.0921875
26 0.25078125 0.44609375 0.06796875 0.096875
26 0.27890625 0.36171875 0.0828125 0.08984375
26 0.34375 0.74609375 0.06328125 0.09296875
26 0.38125 0.27421875 0.06875 0.0640625
26 0.3859375 0.334375 0.07265625 0.0546875
26 0.39375 0.78203125 0.07265625 0.12421875
26 0.4375 0.69921875 0.10546875 0.125
26 0.44296875 0.2984375 0.0671875 0.07421875
26 0.59765625 0.36484375 0.0671875 0.071875
26 0.665625 0.41640625 0.0890625 0.1234375
26 0.67109375 0.53671875 0.08984375 0.13046875
