42 0.7078125 0.21484375 0.109375 0.115625
42 0.178125 0.47734375 0.134375 0.0703125
42 0.16953125 0.5390625 0.1140625 0.0703125
42 0.1796875 0.4125 0.1328125 0.075
42 0.18671875 0.34609375 0.10625 0.0796875
42 0.1875 0.5890625 0.1078125 0.0671875
42 0.215625 0.64921875 0.121875 0.10625
42 0.22421875 0.29375 0.1015625 0.090625
42 0.25234375 0.2546875 0.090625 0.0875
42 0.25703125 0.70859375 0.090625 0.1171875
42 0.28984375 0.4859375 0.096875 0.0578125
42 0.29609375 0.559375 0.1 0.0671875
42 0.296875 0.42109375 0.0984375 0.0625
42 0.29609375 0.2125 0.078125 0.1015625
42 0.30859375 0.75546875 0.0890625 0.1234375
42 0.3109375 0.3640625 0.09375 0.078125
42 0.33515625 0.6234375 0.09375 0.0828125
42 0.34140625 0.31328125 0.078125 0.09375
42 0.35234375 0.1796875 0.090625 0.1109375
42 0.36953125 0.78203125 0.0671875 0.1265625
42 0.38203125 0.65078125 0.0921875 0.1046875
42 0.38515625 0.5078125 0.0859375 0.0671875
42 0.3890625 0.44453125 0.0875 0.0609375
42 0.3890625 0.28984375 0.059375 0.103125
42 0.409375 0.39296875 0.0859375 0.0796875
42 0.4171875 0.55546875 0.078125 0.0859375
42 0.41171875 0.1625 0.0671875 0.1046875
42 0.4359375 0.815625 0.09375 0.1203125
42 0.4515625 0.69609375 0.0671875 0.1171875
42 0.45 0.271875 0.0546875 0.096875
42 0.45234375 0.36328125 0.059375 0.090625
42 0.475 0.57890625 0.0625 0.1046875
42 0.48515625 0.46015625 0.071875 0.0796875
42 0.4890625 0.159375 0.0796875 0.1234375
42 0.5125 0.82265625 0.06875 0.1296875
42 0.51484375 0.27265625 0.0734375 0.096875
42 0.525 0.6859375 0.08125 0.13125
42 0.521875 0.36328125 0.0640625 0.090625
42 0.5375 0.5671875 0.0703125 0.0859375
42 0.565625 0.39453125 0.0859375 0.0703125
42 0.575 0.52265625 0.0984375 0.0734375
42 0.56953125 0.159375 0.0703125 0.1125
42 0.5734375 0.81171875 0.0703125 0.13125
42 0.59140625 0.4609375 0.1046875 0.0625
42 0.58203125 0.28046875 0.0796875 0.090625
42 0.5890625 0.67265625 0.08125 0.1078125
42 0.61875 0.31171875 0.1015625 0.0765625
42 0.621875 0.62734375 0.10625 0.0828125
42 0.63046875 0.17421875 0.09375 0.096875
42 0.63125 0.7921875 0.0828125 0.121875
42 0.6578125 0.353125 0.1 0.0765625
42 0.6625 0.5765625 0.1015625 0.0796875
42 0.68203125 0.74765625 0.109375 0.1046875
42 0.69140625 0.45234375 0.1140625 0.059375
42 0.68671875 0.3953125 0.0953125 0.0609375
42 0.6921875 0.52421875 0.1078125 0.06875
42 0.7296875 0.6890625 0.1046875 0.0890625
42 0.740625 0.2671875 0.1046875 0.0640625
42 0.77265625 0.64765625 0.109375 0.0921875
42 0.7703125 0.315625 0.0953125 0.084375
42 0.79765625 0.37890625 0.109375 0.0734375
42 0.8078125 0.57265625 0.1203125 0.0890625
42 0.809375 0.44375 0.1171875 0.0625
42 0.821875 0.51953125 0.121875 0.05625
