42 0.30234375 0.834375 0.3125 0.303125
42 0.23828125 0.49140625 0.2921875 0.309375
42 0.19453125 0.26171875 0.25625 0.221875
42 0.39765625 0.14296875 0.26875 0.2546875
42 0.57109375 0.296875 0.2703125 0.275
42 0.7796875 0.46953125 0.3109375 0.2609375
42 0.0984375 0.64453125 0.190625 0.275
42 0.1515625 0.11015625 0.2046875 0.1359375
42 0.821875 0.1171875 0.196875 0.1546875
42 0.840625 0.25859375 0.175 0.18125
42 0.9640625 0.3953125 0.06875 0.20625
42 0.965625 0.60703125 0.06875 0.2296875
42 0.50078125 0.659375 0.3515625 0.3609375
42 0.80625 0.76875 0.3140625 0.334375
42 0.39765625 0.359375 0.140625 0.203125
42 0.04140625 0.4328125 0.08125 0.1828125
