24 0.5953125 0.5296875 0.33203125 0.7140625
24 0.36875 0.17421875 0.40625 0.2984375
24 0.35703125 0.41484375 0.25 0.365625
24 0.39765625 0.6359375 0.47578125 0.16796875
24 0.228125 0.74609375 0.40625 0.1109375
24 0.625 0.759375 0.31953125 0.41796875
24 0.8078125 0.14296875 0.37265625 0.2765625
24 0.7203125 0.78125 0.384375 0.15625
24 0.0671875 0.24609375 0.134375 0.271875
24 0.18359375 0.47265625 0.178125 0.353125
24 0.61171875 0.43125 0.5 0.22578125
24 0.853125 0.59140625 0.29296875 0.178125
24 0.853125 0.69140625 0.290625 0.10078125
24 0.8859375 0.953125 0.2140625 0.09375
24 0.09375 0.8390625 0.1875 0.09140625
