42 0.12578125 0.72421875 0.2515625 0.1625
42 0.20625 0.69375 0.4125 0.203125
42 0.07578125 0.3875 0.14375 0.1078125
42 0.0765625 0.3875 0.1453125 0.1140625
42 0.115625 0.62734375 0.15 0.0765625
42 0.08984375 0.33828125 0.0421875 0.03125
42 0.165625 0.3921875 0.06875 0.0625
42 0.284375 0.7046875 0.2359375 0.153125
42 0.41953125 0.54375 0.228125 0.134375
42 0.48515625 0.52890625 0.328125 0.1890625
42 0.45703125 0.48359375 0.2515625 0.1109375
42 0.49140625 0.3875 0.1828125 0.053125
42 0.521875 0.33828125 0.1765625 0.0625
42 0.68125 0.8515625 0.475 0.2875
42 0.5546875 0.35625 0.1953125 0.065625
42 0.6015625 0.8578125 0.275 0.203125
42 0.5765625 0.5203125 0.11875 0.0578125
42 0.76171875 0.89375 0.246875 0.16875
42 0.784375 0.78359375 0.2921875 0.1296875
42 0.7796875 0.609375 0.215625 0.1375
42 0.83828125 0.62734375 0.31875 0.196875
42 0.859375 0.42890625 0.2796875 0.11875
42 0.80390625 0.43046875 0.13125 0.0671875
42 0.859375 0.459375 0.159375 0.0828125
42 0.9140625 0.584375 0.171875 0.0875
42 0.9203125 0.653125 0.1578125 0.090625
42 0.90546875 0.4140625 0.11875 0.0890625
42 0.984375 0.43828125 0.0296875 0.0484375
