42 0.2875 0.32109375 0.1109375 0.15
42 0.0578125 0.0671875 0.115625 0.134375
42 0.06640625 0.37421875 0.1328125 0.23125
42 0.15078125 0.80625 0.3015625 0.3859375
42 0.17109375 0.3734375 0.3421875 0.478125
42 0.1796875 0.07734375 0.359375 0.1546875
42 0.06875 0.2171875 0.115625 0.140625
42 0.1265625 0.51796875 0.1546875 0.18125
42 0.115625 0.3546875 0.1046875 0.1328125
42 0.17578125 0.23359375 0.1828125 0.215625
42 0.12109375 0.06015625 0.05625 0.1203125
42 0.184375 0.4046875 0.109375 0.115625
42 0.19453125 0.075 0.1203125 0.15
42 0.265625 0.47265625 0.1390625 0.1921875
42 0.29375 0.0484375 0.1234375 0.096875
42 0.39765625 0.8859375 0.115625 0.2109375
42 0.5140625 0.79921875 0.3421875 0.4
42 0.4125 0.68515625 0.11875 0.1984375
42 0.5171875 0.37421875 0.328125 0.440625
42 0.4484375 0.05625 0.134375 0.1125
42 0.47109375 0.8625 0.096875 0.171875
42 0.48828125 0.728125 0.0875 0.1453125
42 0.509375 0.02734375 0.075 0.0546875
42 0.52421875 0.65546875 0.0859375 0.10625
42 0.5453125 0.78046875 0.0671875 0.14375
42 0.578125 0.065625 0.11875 0.121875
42 0.559375 0.90390625 0.0765625 0.1015625
42 0.6 0.66640625 0.109375 0.1078125
42 0.62265625 0.04609375 0.1390625 0.0921875
42 0.621875 0.928125 0.1296875 0.140625
42 0.60625 0.7890625 0.0859375 0.1328125
42 0.84453125 0.80390625 0.3109375 0.390625
42 0.853125 0.36875 0.29375 0.4203125
42 0.76875 0.0609375 0.084375 0.121875
42 0.853125 0.28203125 0.1171875 0.1421875
42 0.88203125 0.065625 0.1546875 0.13125
42 0.93046875 0.0734375 0.1296875 0.146875
