42 0.1 0.790625 0.2 0.415625
42 0.49921875 0.49921875 0.9984375 0.9984375
42 0.1484375 0.63671875 0.2546875 0.3703125
42 0.228125 0.91640625 0.3015625 0.165625
42 0.2828125 0.24921875 0.2984375 0.4296875
42 0.27890625 0.5 0.203125 0.484375
42 0.2875 0.0484375 0.2125 0.096875
42 0.4859375 0.6 0.296875 0.7484375
42 0.5203125 0.184375 0.2890625 0.36875
42 0.6015625 0.95078125 0.184375 0.096875
42 0.65078125 0.2828125 0.1203125 0.278125
42 0.7234375 0.77421875 0.2484375 0.45
42 0.79140625 0.3734375 0.34375 0.740625
42 0.9 0.83359375 0.1984375 0.33125
