54 0.50078125 0.72265625 0.1921875 0.1859375
54 0.10234375 0.76171875 0.1828125 0.1796875
54 0.31484375 0.78359375 0.1734375 0.1453125
54 0.33203125 0.6625 0.1890625 0.128125
54 0.14453125 0.59140625 0.1609375 0.2015625
54 0.1359375 0.40625 0.16875 0.146875
54 0.26171875 0.2703125 0.1734375 0.13125
54 0.3078125 0.4515625 0.1625 0.190625
54 0.46015625 0.55390625 0.1734375 0.1765625
54 0.51015625 0.32578125 0.1359375 0.1640625
54 0.0578125 0.35625 0.115625 0.178125
54 0.20234375 0.2078125 0.1734375 0.13125
54 0.396875 0.21015625 0.14375 0.1171875
54 0.8359375 0.26953125 0.1875 0.1828125
54 0.72578125 0.459375 0.1890625 0.184375
54 0.84453125 0.59453125 0.1953125 0.1859375
54 0.90078125 0.85 0.1984375 0.215625
54 0.9234375 0.43828125 0.153125 0.2234375
54 0.74375 0.6640625 0.1875 0.228125
