33 0.21171875 0.54609375 0.4234375 0.4515625
33 0.2578125 0.740625 0.50859375 0.328125
33 0.2484375 0.26015625 0.21875 0.11328125
33 0.36171875 0.1609375 0.1609375 0.08203125
33 0.4125 0.259375 0.2171875 0.1015625
33 0.6453125 0.78984375 0.53359375 0.41640625
33 0.51484375 0.1375 0.17265625 0.09140625
33 0.6078125 0.25078125 0.2109375 0.11484375
33 0.66796875 0.12109375 0.15625 0.08828125
33 0.78671875 0.4296875 0.30625 0.23671875
33 0.82265625 0.2296875 0.2125 0.11328125
33 0.78359375 0.853125 0.0421875 0.08671875
33 0.85078125 0.0984375 0.16640625 0.103125
