66 0.21171875 0.54609375 0.4234375 0.4515625
66 0.2578125 0.740625 0.509375 0.328125
66 0.2484375 0.26015625 0.21875 0.1140625
66 0.36171875 0.1609375 0.1609375 0.0828125
66 0.4125 0.259375 0.2171875 0.1015625
66 0.6453125 0.78984375 0.534375 0.4171875
66 0.51484375 0.1375 0.171875 0.0921875
66 0.6078125 0.25078125 0.2109375 0.115625
66 0.66796875 0.12109375 0.15625 0.0890625
66 0.78671875 0.4296875 0.30625 0.2375
66 0.82265625 0.2296875 0.2125 0.1140625
66 0.78359375 0.853125 0.0421875 0.0875
66 0.85078125 0.0984375 0.1671875 0.103125
