30 0.2703125 0.1421875 0.28125 0.28359375
30 0.6859375 0.30859375 0.15390625 0.16328125
30 0.759375 0.115625 0.15859375 0.23046875
30 0.64921875 0.0921875 0.0796875 0.1734375
30 0.38671875 0.8375 0.4421875 0.31953125
30 0.80390625 0.76953125 0.3890625 0.39921875
30 0.28515625 0.08671875 0.11875 0.11796875
30 0.25078125 0.2078125 0.1140625 0.1609375
30 0.2078125 0.07421875 0.09296875 0.14765625
30 0.3234375 0.16328125 0.10234375 0.13984375
30 0.3671875 0.06484375 0.09921875 0.12578125
30 0.334375 0.825 0.33515625 0.2546875
30 0.703125 0.8328125 0.19609375 0.2171875
30 0.7078125 0.653125 0.19453125 0.165625
30 0.8890625 0.72421875 0.21953125 0.31875
