83 0.38046875 0.30234375 0.1328125 0.2390625
83 0.63125 0.30234375 0.1140625 0.25
83 0.50546875 0.3375 0.1265625 0.2390625
83 0.75625 0.41015625 0.13125 0.2265625
83 0.321875 0.4765625 0.109375 0.215625
83 0.57734375 0.52890625 0.1515625 0.215625
83 0.7296875 0.53671875 0.109375 0.1953125
83 0.425 0.584375 0.1265625 0.2453125
83 0.67265625 0.65078125 0.1125 0.221875
83 0.27890625 0.67421875 0.15625 0.2625
83 0.57265625 0.7296875 0.1484375 0.215625
83 0.39765625 0.74296875 0.13125 0.253125
83 0.528125 0.19296875 0.1359375 0.20625
