63 0.27890625 0.18359375 0.5578125 0.3671875
63 0.146875 0.63671875 0.209375 0.315625
63 0.49375 0.73828125 0.1296875 0.3953125
63 0.2953125 0.421875 0.1609375 0.10625
63 0.7546875 0.45546875 0.3875 0.1734375
63 0.94140625 0.71640625 0.115625 0.1390625
63 0.63359375 0.865625 0.1484375 0.2625
63 0.87890625 0.88671875 0.1515625 0.09375
63 0.48515625 0.6171875 0.11875 0.115625
63 0.34296875 0.2296875 0.1375 0.0953125
63 0.39765625 0.159375 0.153125 0.0765625
63 0.1484375 0.1828125 0.1328125 0.1046875
63 0.12421875 0.31328125 0.1609375 0.1015625
63 0.4640625 0.23984375 0.146875 0.0828125
63 0.20078125 0.0453125 0.1546875 0.090625
63 0.63203125 0.90234375 0.1171875 0.0890625
63 0.71640625 0.4328125 0.1640625 0.103125
63 0.828125 0.42265625 0.13125 0.071875
63 0.371875 0.29453125 0.1484375 0.084375
63 0.378125 0.04296875 0.11875 0.084375
