53 0.13046875 0.3796875 0.1296875 0.34375
53 0.0734375 0.70703125 0.140625 0.1328125
53 0.290625 0.8171875 0.10625 0.1625
53 0.48515625 0.51640625 0.4171875 0.6734375
53 0.73984375 0.8375 0.0890625 0.2
53 0.621875 0.865625 0.134375 0.15
53 0.8078125 0.3203125 0.10625 0.153125
53 0.2765625 0.07890625 0.08125 0.1546875
53 0.0953125 0.059375 0.084375 0.1125
53 0.81796875 0.6796875 0.1390625 0.2625
53 0.83828125 0.453125 0.1078125 0.115625
53 0.734375 0.4625 0.096875 0.171875
53 0.225 0.47265625 0.059375 0.1203125
53 0.434375 0.14453125 0.078125 0.0984375
