25 0.2625 0.75859375 0.1 0.0671875
25 0.22734375 0.79921875 0.0734375 0.059375
25 0.1953125 0.8125 0.06875 0.0578125
25 0.29609375 0.83515625 0.0875 0.0640625
25 0.32421875 0.75546875 0.084375 0.1078125
25 0.40390625 0.6546875 0.0640625 0.0484375
25 0.4265625 0.609375 0.09375 0.065625
25 0.45078125 0.68203125 0.059375 0.06875
25 0.6 0.79375 0.059375 0.084375
25 0.5484375 0.54375 0.0515625 0.0515625
25 0.6125 0.55390625 0.0515625 0.05
25 0.4234375 0.3625 0.084375 0.0421875
25 0.39375 0.3140625 0.0953125 0.05
25 0.659375 0.3578125 0.071875 0.040625
25 0.7046875 0.33984375 0.0453125 0.0484375
25 0.89765625 0.10859375 0.0765625 0.059375
25 0.43125 0.06875 0.05625 0.05625
25 0.3625 0.0515625 0.040625 0.040625
25 0.31484375 0.01015625 0.0359375 0.0203125
25 0.23125 0.03125 0.0421875 0.040625
25 0.2703125 0.065625 0.0359375 0.0390625
25 0.896875 0.14609375 0.0421875 0.04375
