19 0.496875 0.50703125 0.7390625 0.9296875
19 0.3484375 0.01171875 0.0359375 0.0234375
19 0.3578125 0.04921875 0.028125 0.0390625
19 0.41875 0.01171875 0.0421875 0.0234375
19 0.4640625 0.08984375 0.04375 0.0296875
19 0.515625 0.02890625 0.0625 0.0578125
19 0.5828125 0.9765625 0.05625 0.04375
19 0.603125 0.0125 0.046875 0.025
19 0.6828125 0.95 0.065625 0.096875
19 0.69140625 0.08203125 0.05 0.053125
19 0.69765625 0.0390625 0.0296875 0.0390625
19 0.72890625 0.0421875 0.0359375 0.03125
19 0.85234375 0.18359375 0.028125 0.04375
