42 0.4625 0.49609375 0.0546875 0.09375
42 0.496875 0.41796875 0.075 0.0625
42 0.51484375 0.671875 0.0875 0.2
42 0.52578125 0.50625 0.1046875 0.121875
42 0.5578125 0.7890625 0.1125 0.1453125
42 0.5359375 0.3828125 0.0671875 0.1078125
42 0.5515625 0.3015625 0.0859375 0.0828125
42 0.58046875 0.69140625 0.0515625 0.090625
42 0.57734375 0.37890625 0.0375 0.0890625
42 0.621875 0.54453125 0.10625 0.1109375
42 0.6015625 0.4296875 0.059375 0.10625
42 0.64375 0.7984375 0.1140625 0.1140625
42 0.640625 0.65859375 0.1046875 0.1265625
42 0.63203125 0.46328125 0.0765625 0.1171875
42 0.6375 0.72578125 0.0796875 0.0671875
