42 0.18828125 0.71328125 0.175 0.48125
42 0.290625 0.89609375 0.2515625 0.2
42 0.35234375 0.71796875 0.20625 0.4921875
42 0.43046875 0.346875 0.165625 0.196875
42 0.51640625 0.16953125 0.2671875 0.29375
42 0.540625 0.3796875 0.103125 0.1078125
42 0.6421875 0.62734375 0.14375 0.25625
42 0.69375 0.81953125 0.215625 0.2265625
42 0.6734375 0.34296875 0.11875 0.146875
42 0.66171875 0.1421875 0.0921875 0.21875
42 0.775 0.60234375 0.1578125 0.215625
42 0.86015625 0.6875 0.1046875 0.2296875
42 0.89765625 0.82578125 0.1734375 0.3453125
