21 0.31015625 0.3703125 0.0734375 0.0796875
21 0.24765625 0.35 0.05234375 0.05390625
21 0.1953125 0.3421875 0.05859375 0.06953125
21 0.15234375 0.3 0.040625 0.0625
21 0.04765625 0.14921875 0.05703125 0.065625
21 0.434375 0.0359375 0.09453125 0.071875
21 0.3359375 0.509375 0.0859375 0.0828125
21 0.34765625 0.590625 0.0828125 0.07109375
21 0.21484375 0.821875 0.05234375 0.071875
21 0.16171875 0.7453125 0.05078125 0.04296875
21 0.13671875 0.825 0.05234375 0.034375
21 0.10546875 0.98671875 0.071875 0.02578125
21 0.2984375 0.89140625 0.0703125 0.05703125
21 0.68828125 0.83359375 0.0453125 0.05625
21 0.6015625 0.8078125 0.0375 0.03203125
21 0.625 0.76171875 0.0359375 0.04609375
21 0.70546875 0.7625 0.04375 0.04765625
21 0.6125 0.56796875 0.05078125 0.04765625
21 0.6171875 0.4703125 0.06171875 0.03515625
21 0.73671875 0.425 0.05390625 0.05859375
21 0.76328125 0.2328125 0.06484375 0.0671875
21 0.74375 0.12109375 0.05546875 0.06015625
21 0.38671875 0.2203125 0.046875 0.05703125
21 0.41484375 0.371875 0.071875 0.10625
21 0.35859375 0.36953125 0.05390625 0.090625
21 0.096875 0.13046875 0.034375 0.0390625
21 0.590625 0.846875 0.0390625 0.05234375
21 0.6375 0.1125 0.05390625 0.04375
