51 0.103125 0.4515625 0.1875 0.196875
51 0.25703125 0.253125 0.1609375 0.115625
51 0.44453125 0.30078125 0.1921875 0.1828125
51 0.5421875 0.103125 0.20625 0.16875
51 0.81953125 0.3328125 0.1359375 0.190625
51 0.8515625 0.50078125 0.1625 0.1859375
51 0.77734375 0.7375 0.1609375 0.159375
51 0.5875 0.6921875 0.2125 0.196875
51 0.51640625 0.8421875 0.1765625 0.153125
51 0.41015625 0.81328125 0.1765625 0.2046875
51 0.25390625 0.77109375 0.1515625 0.1734375
51 0.103125 0.64296875 0.1875 0.1890625
51 0.3265625 0.6484375 0.221875 0.096875
51 0.296875 0.4921875 0.2125 0.2
51 0.5609375 0.42578125 0.175 0.1421875
