17 0.2375 0.7046875 0.0765625 0.11875
17 0.29609375 0.74375 0.096875 0.1375
17 0.35234375 0.725 0.0671875 0.1265625
17 0.51484375 0.4828125 0.05625 0.10625
17 0.53125 0.62421875 0.0859375 0.140625
17 0.57890625 0.6578125 0.0765625 0.1453125
17 0.64375 0.6265625 0.08125 0.1296875
17 0.63984375 0.53671875 0.065625 0.075
17 0.6953125 0.365625 0.0890625 0.190625
17 0.784375 0.39609375 0.090625 0.15
17 0.7765625 0.04609375 0.0671875 0.0921875
17 0.790625 0.33828125 0.09375 0.0859375
17 0.8546875 0.13828125 0.1140625 0.109375
17 0.86796875 0.06875 0.1109375 0.1375
