54 0.265625 0.48828125 0.203125 0.1921875
54 0.3703125 0.34609375 0.225 0.2640625
54 0.49765625 0.2640625 0.1046875 0.1625
54 0.6578125 0.12265625 0.11875 0.1421875
54 0.5265625 0.06484375 0.13125 0.1296875
54 0.5140625 0.159375 0.128125 0.10625
54 0.5984375 0.2703125 0.109375 0.159375
54 0.53125 0.4453125 0.125 0.1625
54 0.4109375 0.55625 0.153125 0.19375
54 0.5140625 0.6828125 0.153125 0.16875
54 0.6625 0.75859375 0.146875 0.1984375
54 0.6734375 0.915625 0.10625 0.14375
54 0.77265625 0.93828125 0.1078125 0.0984375
54 0.8546875 0.8515625 0.11875 0.09375
54 0.8515625 0.703125 0.1125 0.159375
54 0.8375 0.53671875 0.171875 0.1640625
54 0.71484375 0.39375 0.2171875 0.190625
54 0.88984375 0.36484375 0.1078125 0.1734375
