42 0.25859375 0.71328125 0.09375 0.0796875
42 0.1234375 0.6984375 0.0859375 0.05625
42 0.12109375 0.4640625 0.04375 0.0390625
42 0.18515625 0.671875 0.0796875 0.05
42 0.20078125 0.4765625 0.0546875 0.0328125
42 0.246875 0.87890625 0.1109375 0.0703125
42 0.2421875 0.6046875 0.0546875 0.0671875
42 0.2953125 0.58125 0.0671875 0.04375
42 0.296875 0.54609375 0.0703125 0.0375
42 0.34609375 0.60703125 0.0671875 0.0546875
42 0.3578125 0.7625 0.084375 0.0515625
42 0.3796875 0.52109375 0.0734375 0.028125
42 0.39765625 0.48125 0.0375 0.03125
42 0.4546875 0.5375 0.0359375 0.0375
42 0.48671875 0.4984375 0.0640625 0.0421875
42 0.56484375 0.6796875 0.0921875 0.0609375
42 0.65625 0.609375 0.0703125 0.0609375
42 0.6703125 0.571875 0.078125 0.0421875
42 0.66328125 0.5265625 0.046875 0.04375
42 0.6890625 0.69140625 0.09375 0.0609375
42 0.7015625 0.540625 0.078125 0.0484375
42 0.73125 0.65625 0.090625 0.0484375
42 0.7890625 0.58203125 0.05625 0.0546875
42 0.78984375 0.5234375 0.028125 0.0421875
