42 0.6328125 0.20859375 0.1796875 0.246875
42 0.32265625 0.2765625 0.1671875 0.25625
42 0.33203125 0.06875 0.1515625 0.1375
42 0.36171875 0.65078125 0.196875 0.309375
42 0.36328125 0.16953125 0.078125 0.1046875
42 0.46640625 0.38671875 0.1609375 0.25
42 0.4734375 0.165625 0.1609375 0.2109375
42 0.45703125 0.05390625 0.1140625 0.1078125
42 0.571875 0.06484375 0.09375 0.1296875
42 0.65625 0.05390625 0.1515625 0.1078125
42 0.70859375 0.4296875 0.0609375 0.0859375
42 0.7875 0.7296875 0.2171875 0.4625
42 0.75625 0.56015625 0.1515625 0.29375
42 0.859375 0.48984375 0.1734375 0.240625
