20 0.6328125 0.20859375 0.1796875 0.246875
20 0.32265625 0.2765625 0.1671875 0.25625
20 0.33203125 0.06875 0.15078125 0.13671875
20 0.36171875 0.65078125 0.196875 0.309375
20 0.36328125 0.16953125 0.078125 0.10390625
20 0.46640625 0.38671875 0.16015625 0.24921875
20 0.4734375 0.165625 0.16015625 0.2109375
20 0.45703125 0.05390625 0.1140625 0.1078125
20 0.571875 0.06484375 0.09375 0.1296875
20 0.65625 0.05390625 0.1515625 0.1078125
20 0.70859375 0.4296875 0.0609375 0.0859375
20 0.7875 0.7296875 0.21640625 0.46328125
20 0.75625 0.56015625 0.1515625 0.29375
20 0.859375 0.48984375 0.17265625 0.23984375
