20 0.28046875 0.69453125 0.15390625 0.18515625
20 0.040625 0.5484375 0.08046875 0.084375
20 0.04765625 0.65078125 0.0953125 0.12890625
20 0.0984375 0.69765625 0.14609375 0.17890625
20 0.08828125 0.47578125 0.121875 0.08359375
20 0.18515625 0.51953125 0.17578125 0.18046875
20 0.190625 0.43046875 0.0828125 0.07734375
20 0.2546875 0.44453125 0.0765625 0.0859375
20 0.309375 0.45859375 0.09453125 0.15859375
20 0.359375 0.55546875 0.140625 0.1734375
20 0.359375 0.41484375 0.0546875 0.0640625
20 0.41875 0.46640625 0.140625 0.12265625
20 0.4984375 0.66953125 0.1453125 0.17109375
20 0.49453125 0.46171875 0.109375 0.07265625
20 0.540625 0.5453125 0.1359375 0.1328125
