42 0.778125 0.7078125 0.1171875 0.1171875
42 0.071875 0.571875 0.115625 0.1421875
42 0.08515625 0.746875 0.0984375 0.1296875
42 0.16953125 0.72890625 0.09375 0.1546875
42 0.17109375 0.55390625 0.078125 0.140625
42 0.228125 0.89453125 0.0875 0.115625
42 0.2484375 0.5390625 0.0765625 0.1375
42 0.259375 0.728125 0.0859375 0.1421875
42 0.30390625 0.88671875 0.06875 0.13125
42 0.328125 0.528125 0.0828125 0.1421875
42 0.35859375 0.69921875 0.1140625 0.1453125
42 0.3953125 0.87890625 0.1140625 0.1375
42 0.4078125 0.5375 0.0765625 0.125
42 0.4421875 0.37265625 0.0828125 0.1171875
42 0.4515625 0.09296875 0.0890625 0.084375
42 0.4421875 0.23125 0.05625 0.115625
42 0.4546875 0.6953125 0.071875 0.11875
42 0.49609375 0.53828125 0.109375 0.1515625
42 0.49453125 0.87421875 0.0875 0.1171875
42 0.4984375 0.234375 0.0671875 0.125
42 0.51171875 0.3890625 0.0609375 0.096875
42 0.52734375 0.7046875 0.08125 0.15
42 0.534375 0.0796875 0.071875 0.0640625
42 0.5765625 0.86171875 0.0875 0.11875
42 0.55859375 0.23828125 0.0484375 0.1125
42 0.57734375 0.38203125 0.0703125 0.115625
42 0.60234375 0.525 0.1046875 0.153125
42 0.59609375 0.25 0.0484375 0.109375
42 0.61171875 0.69609375 0.075 0.1328125
42 0.62578125 0.090625 0.08125 0.084375
42 0.66015625 0.39453125 0.09375 0.115625
42 0.65 0.8703125 0.0703125 0.10625
42 0.65234375 0.25390625 0.065625 0.09375
42 0.684375 0.6875 0.08125 0.115625
42 0.69375 0.534375 0.08125 0.1359375
42 0.71328125 0.10625 0.0828125 0.084375
42 0.71328125 0.246875 0.0625 0.1109375
42 0.71484375 0.8671875 0.0578125 0.121875
42 0.73828125 0.396875 0.0828125 0.1328125
42 0.78203125 0.54375 0.0984375 0.1328125
42 0.77421875 0.8703125 0.0625 0.1171875
42 0.7765625 0.253125 0.05625 0.1
42 0.7984375 0.09453125 0.0828125 0.1078125
42 0.81171875 0.40859375 0.0703125 0.10625
42 0.8328125 0.275 0.0578125 0.096875
42 0.8421875 0.8765625 0.0734375 0.1078125
42 0.86875 0.54765625 0.0796875 0.140625
42 0.86875 0.40625 0.06875 0.128125
42 0.884375 0.690625 0.0859375 0.1328125
42 0.86875 0.121875 0.0515625 0.0859375
42 0.8984375 0.26796875 0.0703125 0.1265625
42 0.934375 0.41796875 0.0625 0.109375
42 0.94375 0.546875 0.0640625 0.1234375
