20 0.153125 0.65703125 0.18125 0.23984375
20 0.0375 0.3875 0.075 0.234375
20 0.0921875 0.11015625 0.1703125 0.2203125
20 0.1390625 0.30390625 0.16484375 0.20859375
20 0.1671875 0.91015625 0.14765625 0.17734375
20 0.2046875 0.48671875 0.18046875 0.240625
20 0.2328125 0.08046875 0.13125 0.1609375
20 0.296875 0.25390625 0.16015625 0.24296875
20 0.33203125 0.62734375 0.18203125 0.26953125
20 0.40234375 0.0625 0.1734375 0.125
20 0.40390625 0.36953125 0.1484375 0.19296875
20 0.4390625 0.7953125 0.15390625 0.23515625
20 0.4609375 0.915625 0.190625 0.16640625
20 0.46796875 0.18046875 0.1765625 0.171875
20 0.52734375 0.253125 0.1703125 0.21875
20 0.58671875 0.55390625 0.1515625 0.21484375
20 0.63125 0.80078125 0.16484375 0.23125
20 0.6546875 0.07578125 0.1953125 0.1515625
20 0.6640625 0.3953125 0.19453125 0.21484375
20 0.715625 0.18046875 0.16796875 0.23359375
20 0.72890625 0.91328125 0.17265625 0.171875
20 0.8515625 0.42890625 0.1953125 0.2828125
20 0.8484375 0.63671875 0.1671875 0.23515625
20 0.8328125 0.0453125 0.1109375 0.090625
20 0.88203125 0.09375 0.1296875 0.1875
20 0.91484375 0.934375 0.15625 0.1296875
20 0.96015625 0.2609375 0.078125 0.20625
20 0.97734375 0.45 0.04453125 0.171875
