42 0.153125 0.65703125 0.18125 0.2390625
42 0.0375 0.3875 0.075 0.234375
42 0.0921875 0.11015625 0.1703125 0.2203125
42 0.1390625 0.30390625 0.165625 0.209375
42 0.1671875 0.91015625 0.1484375 0.178125
42 0.2046875 0.48671875 0.18125 0.240625
42 0.2328125 0.08046875 0.13125 0.1609375
42 0.296875 0.25390625 0.1609375 0.24375
42 0.33203125 0.62734375 0.1828125 0.2703125
42 0.40234375 0.0625 0.1734375 0.125
42 0.40390625 0.36953125 0.1484375 0.19375
42 0.4390625 0.7953125 0.1546875 0.2359375
42 0.4609375 0.915625 0.190625 0.1671875
42 0.46796875 0.18046875 0.1765625 0.171875
42 0.52734375 0.253125 0.1703125 0.21875
42 0.58671875 0.55390625 0.1515625 0.215625
42 0.63125 0.80078125 0.165625 0.23125
42 0.6546875 0.07578125 0.1953125 0.1515625
42 0.6640625 0.3953125 0.1953125 0.215625
42 0.715625 0.18046875 0.16875 0.234375
42 0.72890625 0.91328125 0.1734375 0.171875
42 0.8515625 0.42890625 0.1953125 0.2828125
42 0.8484375 0.63671875 0.1671875 0.2359375
42 0.8328125 0.0453125 0.1109375 0.090625
42 0.88203125 0.09375 0.1296875 0.1875
42 0.91484375 0.934375 0.15625 0.1296875
42 0.96015625 0.2609375 0.078125 0.20625
42 0.97734375 0.45 0.0453125 0.171875
