14 0.0984375 0.3390625 0.190625 0.2953125
14 0.7421875 0.34453125 0.253125 0.325
14 0.30234375 0.3515625 0.2296875 0.2875
14 0.51953125 0.35390625 0.2125 0.3015625
14 0.9390625 0.35390625 0.121875 0.30625
14 0.16328125 0.596875 0.2234375 0.2921875
14 0.38984375 0.6078125 0.246875 0.29296875
14 0.84140625 0.6125 0.221875 0.3390625
14 0.6140625 0.615625 0.225 0.2859375
14 0.084375 0.8375 0.1609375 0.3125
14 0.27265625 0.84375 0.2234375 0.30625
14 0.721875 0.8484375 0.2234375 0.303125
14 0.4953125 0.85234375 0.2296875 0.29375
14 0.04765625 0.11328125 0.0921875 0.225
14 0.65390625 0.1140625 0.21875 0.2203125
14 0.43125 0.1234375 0.246875 0.234375
14 0.1984375 0.125 0.253125 0.246875
14 0.88203125 0.13046875 0.2328125 0.2578125
