25 0.559375 0.8578125 0.09375 0.2609375
25 0.7078125 0.8453125 0.1546875 0.2796875
25 0.69765625 0.60703125 0.0921875 0.2828125
25 0.8609375 0.43828125 0.1609375 0.2125
25 0.8328125 0.7625 0.1375 0.1875
25 0.24375 0.59375 0.0890625 0.265625
25 0.22890625 0.78828125 0.1828125 0.2625
25 0.43515625 0.14453125 0.090625 0.2625
25 0.28984375 0.30546875 0.0890625 0.3296875
25 0.434375 0.390625 0.1203125 0.2140625
25 0.584375 0.2453125 0.0984375 0.2828125
25 0.6671875 0.25078125 0.0703125 0.209375
25 0.36640625 0.16796875 0.0609375 0.1671875
25 0.35390625 0.4796875 0.0984375 0.15
25 0.47578125 0.52734375 0.13125 0.1328125
25 0.53046875 0.1703125 0.084375 0.13125
25 0.49921875 0.3421875 0.0890625 0.23125
25 0.615625 0.41640625 0.1390625 0.1921875
