25 0.7453125 0.86640625 0.0390625 0.0359375
25 0.69453125 0.8109375 0.040625 0.0375
25 0.6984375 0.740625 0.0453125 0.0359375
25 0.74609375 0.64765625 0.034375 0.0328125
25 0.6671875 0.64375 0.0296875 0.03125
25 0.70234375 0.534375 0.034375 0.028125
25 0.53125 0.82734375 0.0375 0.0296875
25 0.19609375 0.82734375 0.0171875 0.0171875
25 0.178125 0.821875 0.0171875 0.015625
25 0.18125 0.8421875 0.015625 0.0171875
25 0.1640625 0.83828125 0.0140625 0.015625
25 0.1671875 0.85546875 0.0234375 0.015625
25 0.14296875 0.8484375 0.0234375 0.01875
25 0.15078125 0.82734375 0.0171875 0.0171875
25 0.1328125 0.8203125 0.01875 0.0171875
25 0.1296875 0.83671875 0.0234375 0.01875
25 0.14296875 0.8109375 0.01875 0.0140625
25 0.01953125 0.91171875 0.0359375 0.0453125
25 0.3109375 0.49921875 0.0359375 0.034375
25 0.196875 0.5140625 0.0296875 0.01875
25 0.18203125 0.5234375 0.025 0.0203125
25 0.18671875 0.54921875 0.028125 0.0203125
25 0.0765625 0.440625 0.0328125 0.0234375
25 0.05 0.50625 0.0359375 0.0234375
25 0.0140625 0.51640625 0.025 0.021875
25 0.0265625 0.49140625 0.0234375 0.0203125
25 0.1796875 0.37890625 0.0234375 0.0203125
25 0.2140625 0.3703125 0.0203125 0.0171875
25 0.228125 0.359375 0.01875 0.021875
25 0.196875 0.36328125 0.025 0.015625
25 0.4125 0.334375 0.0234375 0.0171875
25 0.47734375 0.34140625 0.0296875 0.025
25 0.353125 0.38828125 0.0359375 0.01875
25 0.49609375 0.321875 0.028125 0.01875
25 0.53671875 0.40234375 0.034375 0.021875
25 0.5796875 0.4015625 0.03125 0.0234375
25 0.66484375 0.3609375 0.0203125 0.015625
25 0.68203125 0.353125 0.025 0.015625
25 0.8828125 0.42109375 0.0203125 0.0171875
25 0.8625 0.41953125 0.0203125 0.0140625
25 0.83828125 0.4234375 0.025 0.015625
25 0.8671875 0.3859375 0.0140625 0.0203125
25 0.88515625 0.38515625 0.0234375 0.015625
25 0.8828125 0.37109375 0.0234375 0.01875
25 0.896875 0.3671875 0.0203125 0.0203125
25 0.84609375 0.35234375 0.025 0.01875
25 0.86015625 0.33671875 0.03125 0.0203125
25 0.8578125 0.31796875 0.0203125 0.0140625
25 0.88515625 0.29296875 0.015625 0.0171875
25 0.48671875 0.7921875 0.0234375 0.01875
25 0.471875 0.79765625 0.021875 0.0234375
25 0.5765625 0.5046875 0.034375 0.028125
25 0.6109375 0.49765625 0.0359375 0.0234375
25 0.55859375 0.29453125 0.0203125 0.015625
25 0.56484375 0.2859375 0.01875 0.01875
25 0.57578125 0.27890625 0.0234375 0.0203125
25 0.37265625 0.25390625 0.0203125 0.0140625
25 0.3734375 0.24296875 0.0171875 0.0109375
25 0.375 0.22890625 0.01875 0.0171875
25 0.4046875 0.24296875 0.01875 0.0171875
25 0.4109375 0.23046875 0.01875 0.021875
25 0.42265625 0.18125 0.0125 0.0125
25 0.49453125 0.215625 0.0234375 0.0140625
25 0.5140625 0.2125 0.01875 0.0203125
25 0.5234375 0.22578125 0.0234375 0.025
25 0.53125 0.20234375 0.025 0.0171875
25 0.5453125 0.1921875 0.0203125 0.0171875
25 0.56875 0.19296875 0.01875 0.0203125
25 0.14296875 0.2828125 0.0203125 0.009375
25 0.1921875 0.271875 0.0171875 0.015625
25 0.209375 0.27421875 0.0140625 0.0125
25 0.22109375 0.2640625 0.01875 0.01875
25 0.2046875 0.25625 0.028125 0.015625
25 0.18203125 0.18984375 0.021875 0.0171875
25 0.18515625 0.13671875 0.0203125 0.0140625
25 0.19375 0.15 0.015625 0.0125
25 0.26484375 0.11796875 0.0265625 0.0125
25 0.284375 0.146875 0.0203125 0.0109375
25 0.28984375 0.11484375 0.015625 0.0109375
25 0.3046875 0.12421875 0.015625 0.01875
25 0.28828125 0.13203125 0.0234375 0.01875
25 0.25 0.0765625 0.01875 0.01875
25 0.2609375 0.08828125 0.021875 0.0171875
25 0.26640625 0.07734375 0.0203125 0.015625
25 0.2953125 0.0765625 0.0171875 0.015625
25 0.30390625 0.065625 0.0203125 0.015625
25 0.29140625 0.02890625 0.015625 0.0171875
25 0.35 0.19921875 0.0140625 0.0140625
25 0.346875 0.1796875 0.0234375 0.0140625
25 0.4046875 0.0578125 0.01875 0.0109375
25 0.34609375 0.0359375 0.0203125 0.0109375
25 0.3453125 0.02109375 0.01875 0.015625
25 0.36015625 0.00703125 0.01875 0.0140625
25 0.51015625 0.03046875 0.0203125 0.021875
25 0.48046875 0.1125 0.0171875 0.0140625
25 0.52109375 0.1140625 0.0203125 0.015625
25 0.728125 0.37890625 0.028125 0.0125
25 0.72734375 0.3609375 0.0234375 0.021875
25 0.73515625 0.3453125 0.0234375 0.025
25 0.6734375 0.75546875 0.034375 0.0359375
25 0.65625 0.75703125 0.03125 0.0359375
25 0.72890625 0.790625 0.034375 0.025
25 0.69375 0.76875 0.028125 0.03125
25 0.78671875 0.7875 0.028125 0.03125
25 0.90078125 0.4453125 0.01875 0.0140625
25 0.86328125 0.44453125 0.0265625 0.0140625
25 0.55859375 0.14375 0.025 0.009375
25 0.54765625 0.13046875 0.0109375 0.0125
25 0.9734375 0.5390625 0.03125 0.0234375
25 0.97734375 0.5140625 0.028125 0.025
25 0.99140625 0.57265625 0.0171875 0.0140625
25 0.98828125 0.55546875 0.0234375 0.0203125
25 0.9875 0.61875 0.025 0.0265625
25 0.8609375 0.475 0.025 0.0234375
25 0.5859375 0.203125 0.0109375 0.01875
25 0.59921875 0.20859375 0.015625 0.0140625
25 0.5640625 0.1765625 0.01875 0.0125
25 0.59453125 0.146875 0.015625 0.0171875
25 0.3859375 0.1515625 0.01875 0.0140625
25 0.1921875 0.209375 0.01875 0.0125
25 0.89296875 0.2828125 0.01875 0.0140625
