17 0.0390625 0.39453125 0.078125 0.1234375
17 0.06484375 0.51796875 0.0828125 0.1578125
17 0.20859375 0.4703125 0.0953125 0.175
17 0.27734375 0.440625 0.025 0.0578125
17 0.32421875 0.58359375 0.075 0.171875
17 0.32734375 0.45625 0.0625 0.084375
17 0.4421875 0.54453125 0.053125 0.1515625
17 0.55 0.60625 0.109375 0.184375
17 0.6390625 0.4640625 0.015625 0.0625
17 0.75078125 0.47734375 0.03125 0.065625
17 0.7765625 0.56171875 0.0203125 0.090625
17 0.8109375 0.64375 0.0390625 0.109375
17 0.84609375 0.634375 0.0484375 0.121875
17 0.8796875 0.565625 0.0296875 0.046875
17 0.9125 0.521875 0.04375 0.0625
