17 0.0703125 0.30390625 0.128125 0.2734375
17 0.19765625 0.328125 0.071875 0.1953125
17 0.26171875 0.19453125 0.1125 0.1703125
17 0.33203125 0.24453125 0.0640625 0.11875
17 0.39296875 0.29140625 0.0625 0.0921875
17 0.40625 0.18046875 0.053125 0.1375
17 0.45625 0.31328125 0.0796875 0.153125
17 0.51015625 0.5453125 0.059375 0.14375
17 0.53125 0.2734375 0.09375 0.1640625
17 0.5328125 0.52421875 0.09375 0.1671875
17 0.63984375 0.34765625 0.1046875 0.240625
17 0.696875 0.37265625 0.0546875 0.1546875
17 0.73984375 0.50625 0.04375 0.1296875
17 0.81796875 0.35390625 0.14375 0.2828125
17 0.81484375 0.52578125 0.0390625 0.090625
