67 0.709375 0.4515625 0.409375 0.196875
67 0.62265625 0.31640625 0.3265625 0.209375
67 0.69375 0.71171875 0.284375 0.2140625
67 0.46484375 0.696875 0.375 0.2
67 0.43984375 0.50859375 0.24375 0.271875
67 0.31875 0.24765625 0.4015625 0.2015625
67 0.2359375 0.3578125 0.3109375 0.1921875
67 0.478125 0.3765625 0.2625 0.2140625
67 0.65859375 0.55390625 0.3265625 0.190625
67 0.44375 0.51171875 0.2453125 0.2765625
67 0.26796875 0.5828125 0.2703125 0.321875
67 0.12734375 0.61171875 0.2546875 0.3390625
67 0.1265625 0.4234375 0.2515625 0.259375
67 0.43359375 0.69140625 0.4265625 0.2046875
