20 0.703125 0.35859375 0.13515625 0.11015625
20 0.03515625 0.66640625 0.0703125 0.10703125
20 0.03515625 0.35546875 0.06796875 0.09140625
20 0.06640625 0.24609375 0.109375 0.08984375
20 0.19921875 0.86796875 0.12265625 0.11640625
20 0.240625 0.2484375 0.09609375 0.09765625
20 0.271875 0.33984375 0.10703125 0.1125
20 0.284375 0.5671875 0.1109375 0.09921875
20 0.3 0.93984375 0.10390625 0.10546875
20 0.40234375 0.3703125 0.109375 0.121875
20 0.4046875 0.2328125 0.11328125 0.1203125
20 0.44609375 0.74921875 0.11015625 0.096875
20 0.61328125 0.53203125 0.1171875 0.09375
20 0.80625 0.0125 0.09375 0.025
20 0.8453125 0.6390625 0.1 0.1
20 0.9375 0.31484375 0.11484375 0.115625
20 0.96953125 0.20390625 0.059375 0.11875
