42 0.703125 0.35859375 0.1359375 0.1109375
42 0.03515625 0.66640625 0.0703125 0.10625
42 0.03515625 0.35546875 0.06875 0.0921875
42 0.06640625 0.24609375 0.109375 0.090625
42 0.19921875 0.86796875 0.1234375 0.1171875
42 0.240625 0.2484375 0.096875 0.0984375
42 0.271875 0.33984375 0.1078125 0.1125
42 0.284375 0.5671875 0.1109375 0.0984375
42 0.3 0.93984375 0.1046875 0.10625
42 0.40234375 0.3703125 0.109375 0.121875
42 0.4046875 0.2328125 0.1140625 0.1203125
42 0.44609375 0.74921875 0.109375 0.096875
42 0.61328125 0.53203125 0.1171875 0.09375
42 0.80625 0.0125 0.09375 0.025
42 0.8453125 0.6390625 0.1 0.1
42 0.9375 0.31484375 0.115625 0.115625
42 0.96953125 0.20390625 0.059375 0.11875
