30 0.3765625 0.1703125 0.1828125 0.33203125
30 0.24140625 0.265625 0.3125 0.3703125
30 0.51953125 0.30546875 0.10078125 0.375
30 0.68046875 0.4078125 0.31953125 0.4203125
30 0.52890625 0.52421875 0.1203125 0.1875
30 0.21640625 0.80859375 0.4328125 0.3796875
30 0.8109375 0.69453125 0.18515625 0.15390625
30 0.90859375 0.8453125 0.18046875 0.3078125
30 0.20078125 0.79609375 0.15859375 0.096875
30 0.32734375 0.84140625 0.175 0.09609375
30 0.11484375 0.88125 0.11875 0.10078125
30 0.3265625 0.6921875 0.1171875 0.0984375
30 0.0640625 0.6734375 0.11015625 0.08125
30 0.24609375 0.834375 0.31875 0.2578125
