63 0.19140625 0.31640625 0.1375 0.1734375
63 0.06953125 0.259375 0.1390625 0.1640625
63 0.3453125 0.2515625 0.196875 0.2359375
63 0.08046875 0.06640625 0.1609375 0.1328125
63 0.2015625 0.09140625 0.1875 0.1828125
63 0.68515625 0.44375 0.271875 0.1703125
63 0.87734375 0.24765625 0.2359375 0.09375
63 0.74765625 0.11875 0.16875 0.18125
63 0.4359375 0.80078125 0.2234375 0.1921875
63 0.2515625 0.64765625 0.1421875 0.115625
63 0.48203125 0.61328125 0.1328125 0.16875
63 0.87734375 0.6359375 0.1375 0.2140625
63 0.7234375 0.86796875 0.3484375 0.2625
63 0.98046875 0.66328125 0.034375 0.1921875
63 0.34609375 0.0953125 0.153125 0.1203125
