30 0.19140625 0.31640625 0.13671875 0.1734375
30 0.06953125 0.259375 0.1390625 0.16328125
30 0.3453125 0.2515625 0.196875 0.2359375
30 0.08046875 0.06640625 0.1609375 0.13203125
30 0.2015625 0.09140625 0.1875 0.1828125
30 0.68515625 0.44375 0.271875 0.1703125
30 0.87734375 0.24765625 0.2359375 0.09375
30 0.74765625 0.11875 0.16796875 0.18046875
30 0.4359375 0.80078125 0.2234375 0.1921875
30 0.2515625 0.64765625 0.1421875 0.115625
30 0.48203125 0.61328125 0.13203125 0.16796875
30 0.87734375 0.6359375 0.13671875 0.2140625
30 0.7234375 0.86796875 0.3484375 0.26171875
30 0.98046875 0.66328125 0.03359375 0.1921875
30 0.34609375 0.0953125 0.15234375 0.1203125
