30 0.303125 0.38125 0.29296875 0.35546875
30 0.4625 0.2609375 0.1296875 0.47578125
30 0.259375 0.1546875 0.16328125 0.1875
30 0.39765625 0.13828125 0.1390625 0.2546875
30 0.26875 0.040625 0.1625 0.08125
30 0.62109375 0.2671875 0.18515625 0.3078125
30 0.78515625 0.2515625 0.1734375 0.2546875
30 0.88671875 0.18046875 0.09140625 0.09375
30 0.8171875 0.0875 0.19921875 0.1421875
30 0.640625 0.08203125 0.0765625 0.103125
30 0.33515625 0.93125 0.29296875 0.13203125
30 0.10546875 0.88515625 0.2109375 0.2265625
30 0.40234375 0.78515625 0.25 0.271875
30 0.19453125 0.7328125 0.1828125 0.13203125
30 0.33671875 0.60546875 0.22578125 0.09375
30 0.7640625 0.7859375 0.46875 0.42578125
