30 0.1625 0.240625 0.32421875 0.2359375
30 0.73828125 0.2765625 0.38671875 0.16328125
30 0.56796875 0.0453125 0.0796875 0.090625
30 0.3390625 0.74296875 0.2765625 0.3296875
30 0.1578125 0.646875 0.3125 0.36796875
30 0.3859375 0.53984375 0.28359375 0.271875
30 0.7671875 0.67890625 0.46171875 0.6390625
30 0.84921875 0.65546875 0.13671875 0.1015625
30 0.70078125 0.50625 0.14140625 0.13359375
30 0.77109375 0.2953125 0.15703125 0.0796875
30 0.678125 0.2328125 0.11796875 0.06328125
30 0.81484375 0.85078125 0.121875 0.10234375
30 0.78828125 0.7265625 0.159375 0.0890625
30 0.725 0.64140625 0.14921875 0.096875
30 0.94296875 0.50625 0.10859375 0.15234375
30 0.8375 0.940625 0.109375 0.10078125
30 0.69375 0.85703125 0.13046875 0.12734375
30 0.7921875 0.67734375 0.2953125 0.26171875
