63 0.1625 0.240625 0.325 0.2359375
63 0.73828125 0.2765625 0.3875 0.1625
63 0.56796875 0.0453125 0.0796875 0.090625
63 0.3390625 0.74296875 0.2765625 0.3296875
63 0.1578125 0.646875 0.3125 0.36875
63 0.3859375 0.53984375 0.284375 0.271875
63 0.7671875 0.67890625 0.4625 0.6390625
63 0.84921875 0.65546875 0.1375 0.1015625
63 0.70078125 0.50625 0.1421875 0.134375
63 0.77109375 0.2953125 0.1578125 0.0796875
63 0.678125 0.2328125 0.11875 0.0640625
63 0.81484375 0.85078125 0.121875 0.1015625
63 0.78828125 0.7265625 0.159375 0.0890625
63 0.725 0.64140625 0.15 0.096875
63 0.94296875 0.50625 0.109375 0.153125
63 0.8375 0.940625 0.109375 0.1015625
63 0.69375 0.85703125 0.1296875 0.128125
63 0.7921875 0.67734375 0.2953125 0.2625
