61 0.0578125 0.2390625 0.115625 0.478125
61 0.61328125 0.29921875 0.553125 0.33203125
61 0.209375 0.89921875 0.178125 0.19921875
61 0.103125 0.55390625 0.20625 0.1515625
61 0.24296875 0.625 0.1109375 0.290625
61 0.040625 0.79140625 0.08125 0.3609375
61 0.74609375 0.50390625 0.1421875 0.0484375
61 0.55390625 0.5265625 0.21875 0.09375
61 0.73828125 0.58984375 0.2046875 0.209375
61 0.73046875 0.7296875 0.15390625 0.21640625
61 0.478125 0.8265625 0.16796875 0.19921875
61 0.6109375 0.8453125 0.165625 0.21640625
61 0.7515625 0.86640625 0.1515625 0.15625
