61 0.26953125 0.28984375 0.5359375 0.5796875
61 0.60234375 0.0671875 0.128125 0.134375
61 0.72265625 0.05859375 0.1296875 0.1171875
61 0.7171875 0.44609375 0.1640625 0.2171875
61 0.6203125 0.4390625 0.128125 0.2546875
61 0.81953125 0.321875 0.1390625 0.1625
61 0.69453125 0.240625 0.090625 0.2328125
61 0.5953125 0.1625 0.1078125 0.28125
61 0.8140625 0.15 0.1375 0.1953125
61 0.38671875 0.74375 0.23125 0.3125
61 0.08671875 0.71484375 0.1734375 0.253125
61 0.1875 0.70703125 0.1953125 0.2359375
61 0.28515625 0.7015625 0.2234375 0.2265625
61 0.78828125 0.79296875 0.2703125 0.409375
61 0.6046875 0.79296875 0.1328125 0.409375
