42 0.0671875 0.1546875 0.134375 0.309375
42 0.1046875 0.9265625 0.209375 0.14375
42 0.1453125 0.41875 0.290625 0.303125
42 0.14609375 0.68046875 0.2921875 0.45
42 0.24765625 0.1375 0.3296875 0.275
42 0.36171875 0.66484375 0.2828125 0.3703125
42 0.42109375 0.35234375 0.246875 0.290625
42 0.55234375 0.1359375 0.2984375 0.2671875
42 0.64609375 0.6 0.325 0.359375
42 0.6640625 0.87890625 0.3359375 0.2296875
42 0.7078125 0.33203125 0.271875 0.30625
42 0.840625 0.14375 0.2796875 0.2875
42 0.88671875 0.815625 0.2265625 0.3671875
42 0.91328125 0.46796875 0.1734375 0.3265625
42 0.93671875 0.2109375 0.125 0.3359375
42 0.975 0.86875 0.05 0.2609375
