20 0.0671875 0.1546875 0.134375 0.309375
20 0.1046875 0.9265625 0.209375 0.14375
20 0.1453125 0.41875 0.290625 0.30390625
20 0.14609375 0.68046875 0.2921875 0.44921875
20 0.24765625 0.1375 0.3296875 0.275
20 0.36171875 0.66484375 0.2828125 0.3703125
20 0.42109375 0.35234375 0.24609375 0.28984375
20 0.55234375 0.1359375 0.29765625 0.2671875
20 0.64609375 0.6 0.325 0.359375
20 0.6640625 0.87890625 0.3359375 0.2296875
20 0.7078125 0.33203125 0.271875 0.30546875
20 0.840625 0.14375 0.2796875 0.2875
20 0.88671875 0.815625 0.22578125 0.3671875
20 0.91328125 0.46796875 0.17265625 0.32578125
20 0.93671875 0.2109375 0.125 0.33515625
20 0.975 0.86875 0.04921875 0.2609375
