92 0.5546875 0.49375 0.1078125 0.2625
92 0.6296875 0.4015625 0.0765625 0.2625
92 0.678125 0.63984375 0.1 0.23125
92 0.53984375 0.89296875 0.103125 0.2140625
92 0.3546875 0.503125 0.1078125 0.2921875
92 0.43984375 0.57734375 0.1234375 0.3453125
92 0.4265625 0.3390625 0.1171875 0.1796875
92 0.56640625 0.18125 0.1140625 0.2203125
92 0.41015625 0.128125 0.1171875 0.25625
92 0.81484375 0.42890625 0.0671875 0.25625
92 0.878125 0.55625 0.1078125 0.2796875
92 0.91328125 0.74140625 0.0734375 0.3046875
92 0.81328125 0.878125 0.0875 0.24375
92 0.3203125 0.878125 0.090625 0.24375
