92 0.3796875 0.48671875 0.2359375 0.16015625
92 0.60234375 0.59765625 0.146875 0.221875
92 0.73359375 0.653125 0.13359375 0.2359375
92 0.87109375 0.61328125 0.178125 0.253125
92 0.7578125 0.36875 0.19140625 0.2578125
92 0.4578125 0.284375 0.15546875 0.2046875
92 0.39296875 0.1734375 0.178125 0.18203125
92 0.33125 0.3375 0.18203125 0.178125
92 0.1421875 0.49765625 0.1734375 0.2265625
92 0.153125 0.7421875 0.20859375 0.23125
92 0.453125 0.86015625 0.253125 0.16015625
92 0.57109375 0.73359375 0.1734375 0.20859375
92 0.36640625 0.69140625 0.27578125 0.12421875
92 0.284375 0.6203125 0.24453125 0.16015625
