92 0.653125 0.3984375 0.1640625 0.1546875
92 0.48046875 0.53125 0.1078125 0.1921875
92 0.49296875 0.35703125 0.121875 0.121875
92 0.25625 0.89609375 0.1703125 0.1234375
92 0.33046875 0.8234375 0.171875 0.1421875
92 0.21328125 0.72734375 0.125 0.184375
92 0.36015625 0.5265625 0.084375 0.1484375
92 0.39765625 0.60390625 0.0953125 0.0828125
92 0.64453125 0.546875 0.0765625 0.215625
92 0.71328125 0.55625 0.0671875 0.1859375
92 0.51953125 0.25078125 0.153125 0.1609375
92 0.55 0.62578125 0.09375 0.1421875
92 0.3375 0.3859375 0.0625 0.1046875
92 0.42578125 0.309375 0.121875 0.0765625
