92 0.515625 0.44296875 0.06171875 0.1546875
92 0.58671875 0.44296875 0.08125 0.103125
92 0.62734375 0.54921875 0.10390625 0.071875
92 0.73203125 0.571875 0.11953125 0.0828125
92 0.696875 0.69296875 0.0578125 0.14921875
92 0.6078125 0.8015625 0.1 0.11328125
92 0.52109375 0.84765625 0.11171875 0.10859375
92 0.42890625 0.8140625 0.08125 0.09765625
92 0.3515625 0.7375 0.115625 0.071875
92 0.425 0.68046875 0.05390625 0.1234375
92 0.29765625 0.6390625 0.0734375 0.12890625
92 0.2703125 0.53125 0.1 0.11875
92 0.271875 0.43046875 0.09296875 0.11328125
92 0.34375 0.425 0.08515625 0.103125
92 0.31640625 0.33515625 0.1078125 0.10859375
92 0.36328125 0.2734375 0.04609375 0.103125
92 0.43046875 0.18828125 0.08515625 0.0828125
92 0.42890625 0.29921875 0.0578125 0.11875
92 0.490625 0.30703125 0.06953125 0.14453125
92 0.41875 0.39921875 0.1 0.09296875
92 0.5671875 0.31171875 0.09296875 0.11328125
92 0.63125 0.3171875 0.0734375 0.09296875
92 0.60234375 0.1984375 0.10390625 0.09765625
92 0.73515625 0.4765625 0.07734375 0.1390625
92 0.56171875 0.6671875 0.09296875 0.10859375
92 0.490625 0.63671875 0.08515625 0.11328125
