92 0.74375 0.79375 0.1359375 0.1296875
92 0.7734375 0.6890625 0.15546875 0.1
92 0.465625 0.80859375 0.12109375 0.14140625
92 0.49296875 0.70390625 0.10546875 0.1390625
92 0.38671875 0.5375 0.07421875 0.109375
92 0.3609375 0.70859375 0.0859375 0.1046875
92 0.32890625 0.81796875 0.13125 0.11875
92 0.26953125 0.90625 0.1359375 0.1390625
92 0.16953125 0.8484375 0.07265625 0.15703125
92 0.05703125 0.95546875 0.0984375 0.075
92 0.05 0.82265625 0.1 0.18671875
92 0.1796875 0.58515625 0.125 0.134375
92 0.078125 0.64140625 0.1453125 0.13671875
92 0.24609375 0.69375 0.11015625 0.084375
92 0.2640625 0.6140625 0.1421875 0.084375
92 0.596875 0.315625 0.10234375 0.17109375
92 0.628125 0.184375 0.12265625 0.109375
92 0.73515625 0.21640625 0.12109375 0.134375
92 0.740625 0.353125 0.10703125 0.109375
92 0.6625 0.30390625 0.11640625 0.109375
92 0.5453125 0.25703125 0.11484375 0.075
92 0.53828125 0.440625 0.11171875 0.1046875
92 0.7046875 0.4609375 0.11171875 0.09375
92 0.28046875 0.3828125 0.11953125 0.10234375
92 0.22109375 0.78671875 0.11015625 0.11875
