92 0.50234375 0.33359375 0.0953125 0.19921875
92 0.61640625 0.434375 0.0796875 0.13203125
92 0.43984375 0.621875 0.0703125 0.18203125
92 0.5796875 0.68984375 0.096875 0.11640625
92 0.56484375 0.5828125 0.14921875 0.09375
92 0.690625 0.66484375 0.14453125 0.1125
92 0.76875 0.5328125 0.09375 0.1921875
92 0.33984375 0.6328125 0.1390625 0.18515625
92 0.3296875 0.77265625 0.1703125 0.09140625
92 0.23359375 0.63125 0.09375 0.221875
92 0.359375 0.49765625 0.1625 0.1125
92 0.3859375 0.3828125 0.121875 0.14453125
92 0.415625 0.2421875 0.11796875 0.1671875
92 0.5734375 0.11171875 0.13984375 0.10390625
92 0.67890625 0.35546875 0.1140625 0.14140625
92 0.5421875 0.49921875 0.1125 0.0796875
92 0.2265625 0.33984375 0.1828125 0.11640625
92 0.17578125 0.434375 0.1125 0.14140625
92 0.1140625 0.540625 0.08984375 0.12890625
92 0.04921875 0.3578125 0.0984375 0.115625
92 0.2390625 0.15859375 0.1046875 0.18671875
92 0.3640625 0.1140625 0.1546875 0.096875
92 0.32578125 0.19765625 0.11640625 0.096875
92 0.1375 0.1734375 0.16171875 0.1234375
92 0.153125 0.6828125 0.11640625 0.11484375
92 0.040625 0.54296875 0.08125 0.1953125
92 0.0390625 0.71328125 0.078125 0.178125
92 0.1640625 0.871875 0.15078125 0.1625
92 0.1921875 0.78125 0.11796875 0.096875
92 0.26640625 0.86796875 0.13984375 0.15
92 0.48046875 0.92734375 0.146875 0.1125
92 0.6125 0.921875 0.15703125 0.125
92 0.5015625 0.78203125 0.121875 0.14296875
92 0.721875 0.76328125 0.121875 0.10390625
92 0.78359375 0.87265625 0.1203125 0.12734375
92 0.81953125 0.61796875 0.08984375 0.17265625
92 0.9203125 0.61796875 0.07421875 0.1390625
92 0.85859375 0.4640625 0.0953125 0.1484375
92 0.625 0.27578125 0.1109375 0.1484375
92 0.9046875 0.19609375 0.10859375 0.1109375
92 0.7953125 0.271875 0.14921875 0.1203125
92 0.909375 0.49921875 0.06640625 0.15546875
92 0.2984375 0.040625 0.1375 0.08125
92 0.0625 0.0640625 0.1109375 0.10078125
