92 0.5046875 0.40390625 0.12890625 0.22734375
92 0.478125 0.1671875 0.07578125 0.19609375
92 0.33359375 0.26796875 0.23125 0.125
92 0.69765625 0.4171875 0.15078125 0.20078125
92 0.87578125 0.50703125 0.2265625 0.1296875
92 0.81328125 0.3859375 0.1640625 0.16484375
92 0.521875 0.79921875 0.1734375 0.1875
92 0.5046875 0.58515625 0.084375 0.2234375
92 0.26640625 0.63203125 0.2359375 0.125
92 0.2203125 0.47109375 0.15078125 0.1828125
92 0.384375 0.52421875 0.1421875 0.2140625
92 0.384375 0.70546875 0.10234375 0.20546875
92 0.27578125 0.84140625 0.1734375 0.15625
92 0.13359375 0.69609375 0.16015625 0.2140625
92 0.0625 0.3859375 0.12421875 0.20078125
92 0.16875 0.234375 0.1203125 0.2140625
92 0.73984375 0.73671875 0.115625 0.20546875
92 0.83359375 0.6296875 0.16015625 0.17890625
