92 0.46796875 0.35546875 0.07734375 0.15390625
92 0.46484375 0.5296875 0.13203125 0.1390625
92 0.334375 0.56015625 0.1390625 0.10390625
92 0.315625 0.41953125 0.11328125 0.14921875
92 0.4109375 0.77421875 0.1171875 0.1015625
92 0.5203125 0.6375 0.121875 0.1078125
92 0.63125 0.6546875 0.12890625 0.11015625
92 0.60859375 0.47890625 0.08671875 0.14140625
92 0.70390625 0.53515625 0.090625 0.1015625
92 0.54609375 0.346875 0.1140625 0.1
92 0.52890625 0.19609375 0.11953125 0.10625
92 0.396875 0.23828125 0.1234375 0.1234375
92 0.32890625 0.6875 0.0546875 0.14765625
92 0.79453125 0.9078125 0.06796875 0.1578125
92 0.75625 0.74453125 0.11953125 0.14921875
92 0.61171875 0.940625 0.0796875 0.115625
92 0.2890625 0.87890625 0.11796875 0.1515625
92 0.1765625 0.8625 0.1515625 0.12578125
92 0.15390625 0.7453125 0.128125 0.1
92 0.190625 0.6265625 0.11796875 0.11015625
92 0.06171875 0.45234375 0.11328125 0.13203125
92 0.1640625 0.3109375 0.11796875 0.128125
92 0.79296875 0.21015625 0.1328125 0.13359375
92 0.8953125 0.3453125 0.07421875 0.14140625
92 0.9171875 0.459375 0.08359375 0.1375
92 0.9265625 0.57421875 0.10078125 0.11953125
92 0.796875 0.56953125 0.08359375 0.14765625
92 0.94765625 0.7015625 0.1046875 0.0796875
