92 0.5484375 0.48984375 0.090625 0.25625
92 0.65859375 0.3421875 0.06640625 0.25
92 0.4578125 0.3453125 0.05703125 0.25
92 0.409375 0.51640625 0.10546875 0.19765625
92 0.265625 0.809375 0.084375 0.16484375
92 0.24765625 0.66796875 0.084375 0.184375
92 0.3203125 0.63515625 0.06640625 0.17734375
92 0.60390625 0.621875 0.06640625 0.1515625
92 0.678125 0.5296875 0.10859375 0.10546875
92 0.5375 0.29296875 0.10546875 0.125
92 0.596875 0.128125 0.096875 0.14453125
92 0.8609375 0.753125 0.096875 0.1515625
92 0.79609375 0.51015625 0.08125 0.11171875
92 0.7296875 0.69375 0.07890625 0.0984375
92 0.80703125 0.82578125 0.07890625 0.184375
92 0.94296875 0.88125 0.10546875 0.125
92 0.715625 0.25625 0.1 0.0984375
