92 0.43046875 0.57890625 0.1234375 0.059375
92 0.575 0.5234375 0.0953125 0.0609375
92 0.5203125 0.36796875 0.078125 0.0953125
92 0.578125 0.6078125 0.06875 0.0859375
92 0.5609375 0.74921875 0.0828125 0.0859375
92 0.76328125 0.67109375 0.0625 0.0703125
92 0.74296875 0.60390625 0.09375 0.0546875
92 0.76171875 0.55703125 0.1015625 0.0625
92 0.81015625 0.51796875 0.0890625 0.059375
92 0.90703125 0.50703125 0.1078125 0.0578125
92 0.853125 0.603125 0.078125 0.075
92 0.80859375 0.709375 0.053125 0.090625
92 0.8109375 0.78359375 0.084375 0.0484375
92 0.92578125 0.77109375 0.078125 0.059375
92 0.9 0.7140625 0.0953125 0.059375
92 0.9046875 0.6578125 0.109375 0.0578125
92 0.94609375 0.56640625 0.06875 0.0703125
92 0.96640625 0.621875 0.0578125 0.0546875
92 0.97421875 0.72109375 0.0515625 0.0921875
