92 0.6203125 0.78125 0.1515625 0.071875
92 0.67421875 0.7140625 0.08125 0.075
92 0.58671875 0.70546875 0.0859375 0.0984375
92 0.49765625 0.73203125 0.1078125 0.103125
92 0.43984375 0.74296875 0.08125 0.1390625
92 0.35703125 0.7234375 0.0984375 0.0890625
92 0.28359375 0.6765625 0.1484375 0.0703125
92 0.35234375 0.61796875 0.0859375 0.08125
92 0.1515625 0.66328125 0.1078125 0.0890625
92 0.09609375 0.60234375 0.14375 0.08125
92 0.5359375 0.6359375 0.1328125 0.0578125
92 0.43515625 0.59609375 0.0796875 0.0859375
