92 0.4125 0.4671875 0.1390625 0.08125
92 0.5875 0.50546875 0.1390625 0.0703125
92 0.6859375 0.47578125 0.1 0.13125
92 0.80625 0.4921875 0.1296875 0.090625
92 0.7328125 0.55390625 0.096875 0.090625
92 0.80546875 0.5765625 0.0734375 0.1140625
92 0.72890625 0.665625 0.1484375 0.103125
92 0.5015625 0.74765625 0.1046875 0.0859375
92 0.5578125 0.675 0.0859375 0.0859375
92 0.6171875 0.58671875 0.1328125 0.0859375
92 0.43125 0.59375 0.1328125 0.0796875
92 0.31953125 0.6078125 0.1546875 0.0796875
92 0.27734375 0.5421875 0.128125 0.0671875
92 0.1484375 0.44921875 0.13125 0.059375
92 0.06953125 0.428125 0.1109375 0.1109375
92 0.1203125 0.50234375 0.1296875 0.0734375
92 0.0875 0.57265625 0.09375 0.11875
92 0.196875 0.67890625 0.1171875 0.096875
92 0.3765625 0.69453125 0.1125 0.065625
92 0.2734375 0.38359375 0.1546875 0.075
92 0.37578125 0.40625 0.1375 0.084375
92 0.43046875 0.29453125 0.1484375 0.071875
92 0.621875 0.40703125 0.0765625 0.13125
92 0.6890625 0.37265625 0.1109375 0.0640625
92 0.52578125 0.3859375 0.1296875 0.0703125
