92 0.60390625 0.49296875 0.2609375 0.184375
92 0.76953125 0.6109375 0.275 0.221875
92 0.69609375 0.846875 0.303125 0.175
92 0.35625 0.85234375 0.13125 0.2375
92 0.39453125 0.6328125 0.18125 0.290625
92 0.2453125 0.584375 0.2296875 0.2328125
92 0.16953125 0.41640625 0.15625 0.28125
92 0.3765625 0.32734375 0.1484375 0.2875
92 0.24140625 0.203125 0.259375 0.265625
92 0.47109375 0.2109375 0.225 0.20625
92 0.5640625 0.128125 0.3078125 0.1796875
92 0.72890625 0.3375 0.2859375 0.2
92 0.85625 0.4453125 0.1953125 0.1171875
