92 0.4421875 0.6609375 0.06796875 0.11953125
92 0.365625 0.66953125 0.05390625 0.0921875
92 0.296875 0.66484375 0.06484375 0.10390625
92 0.35625 0.54921875 0.06171875 0.09921875
92 0.43828125 0.36953125 0.06171875 0.09453125
92 0.69296875 0.35859375 0.04296875 0.09921875
92 0.73515625 0.30625 0.06953125 0.06015625
92 0.81015625 0.25703125 0.06328125 0.0875
92 0.8953125 0.5921875 0.07109375 0.1109375
92 0.79453125 0.67265625 0.04921875 0.1015625
92 0.8703125 0.85703125 0.05703125 0.1015625
92 0.709375 0.54609375 0.04453125 0.0921875
