92 0.51640625 0.5203125 0.2140625 0.125
92 0.64375 0.45 0.203125 0.140625
92 0.84375 0.87578125 0.175 0.1859375
92 0.8890625 0.74609375 0.1640625 0.1203125
92 0.63984375 0.64921875 0.1640625 0.1875
92 0.7015625 0.58203125 0.1640625 0.1359375
92 0.34453125 0.68125 0.1015625 0.190625
92 0.48046875 0.69453125 0.10625 0.2890625
92 0.3171875 0.51875 0.1046875 0.2515625
92 0.49609375 0.3921875 0.2546875 0.1765625
92 0.434375 0.196875 0.190625 0.1265625
92 0.2703125 0.34296875 0.1578125 0.1609375
92 0.215625 0.6203125 0.1859375 0.15625
92 0.22578125 0.7515625 0.184375 0.1234375
