92 0.44375 0.4921875 0.15234375 0.13671875
92 0.59296875 0.85 0.2109375 0.23515625
92 0.7125 0.4921875 0.18515625 0.1640625
92 0.57109375 0.36875 0.134375 0.16953125
92 0.36875 0.80859375 0.19609375 0.18046875
92 0.26328125 0.7484375 0.1125 0.21328125
92 0.20703125 0.60625 0.109375 0.15859375
92 0.22890625 0.47265625 0.18203125 0.1640625
92 0.22578125 0.31171875 0.19296875 0.11484375
92 0.309375 0.1609375 0.13125 0.1640625
92 0.87265625 0.5953125 0.08359375 0.22421875
92 0.7890625 0.67734375 0.1125 0.16953125
92 0.81171875 0.91484375 0.1734375 0.1703125
