92 0.528125 0.5921875 0.090625 0.1
92 0.52265625 0.32734375 0.0609375 0.1421875
92 0.60234375 0.39921875 0.0640625 0.09375
92 0.44375 0.2953125 0.0390625 0.121875
92 0.38359375 0.2671875 0.0546875 0.121875
92 0.45234375 0.20234375 0.09375 0.084375
92 0.41484375 0.58984375 0.0671875 0.1515625
92 0.5421875 0.81171875 0.08125 0.1171875
92 0.49296875 0.81953125 0.08125 0.1640625
92 0.31953125 0.74375 0.0578125 0.1328125
92 0.33515625 0.90078125 0.0859375 0.1125
92 0.72734375 0.7875 0.0890625 0.0765625
92 0.68046875 0.90546875 0.09375 0.1125
92 0.65625 0.62578125 0.096875 0.090625
92 0.82265625 0.521875 0.0703125 0.1671875
92 0.80859375 0.3515625 0.090625 0.103125
92 0.2640625 0.52421875 0.071875 0.1125
92 0.12734375 0.37890625 0.08125 0.10625
92 0.215625 0.27890625 0.0859375 0.0796875
92 0.2921875 0.30234375 0.1015625 0.0921875
92 0.31796875 0.11484375 0.071875 0.0875
92 0.52109375 0.05859375 0.090625 0.1171875
