92 0.52109375 0.47421875 0.1125 0.2328125
92 0.525 0.73203125 0.1359375 0.2515625
92 0.60390625 0.86328125 0.128125 0.18125
92 0.21796875 0.7734375 0.1625 0.2375
92 0.3203125 0.6859375 0.2171875 0.15
92 0.2453125 0.4765625 0.13125 0.196875
92 0.3109375 0.38125 0.178125 0.18125
92 0.425 0.1828125 0.19375 0.103125
92 0.26640625 0.21171875 0.178125 0.190625
92 0.146875 0.29609375 0.1234375 0.1453125
92 0.08515625 0.50234375 0.1546875 0.190625
92 0.09296875 0.69296875 0.13125 0.2828125
92 0.646875 0.384375 0.16875 0.175
92 0.69296875 0.54375 0.1765625 0.1640625
92 0.78359375 0.6625 0.18125 0.15
92 0.88828125 0.52578125 0.1515625 0.134375
92 0.83359375 0.4171875 0.1359375 0.109375
92 0.91484375 0.25 0.1359375 0.1703125
92 0.753125 0.28828125 0.1765625 0.1453125
92 0.65625 0.1984375 0.09375 0.1609375
92 0.459375 0.28359375 0.16875 0.15
92 0.81484375 0.89453125 0.14375 0.1703125
