92 0.45390625 0.47890625 0.1015625 0.1015625
92 0.5046875 0.57578125 0.12109375 0.0734375
92 0.459375 0.29921875 0.153125 0.08828125
92 0.5375 0.3671875 0.12109375 0.06484375
92 0.64296875 0.3890625 0.08984375 0.059375
92 0.63046875 0.48203125 0.06796875 0.12421875
92 0.571875 0.5265625 0.0625 0.1015625
92 0.65625 0.61796875 0.08984375 0.10546875
92 0.73515625 0.5703125 0.1015625 0.1015625
92 0.584375 0.7140625 0.0765625 0.12109375
92 0.38828125 0.671875 0.11953125 0.0984375
92 0.33671875 0.62578125 0.078125 0.12421875
92 0.25859375 0.55390625 0.13046875 0.05546875
92 0.33671875 0.46953125 0.12109375 0.06640625
92 0.34765625 0.39765625 0.08828125 0.0734375
92 0.284375 0.3484375 0.1140625 0.0765625
