92 0.5453125 0.5 0.0453125 0.15625
92 0.65234375 0.5875 0.1234375 0.121875
92 0.5390625 0.6765625 0.0765625 0.221875
92 0.584375 0.82890625 0.090625 0.1359375
92 0.478125 0.8375 0.1484375 0.1359375
92 0.3359375 0.8421875 0.1359375 0.1046875
92 0.3328125 0.75390625 0.1390625 0.0703125
92 0.4203125 0.7203125 0.0890625 0.1578125
92 0.43828125 0.5515625 0.109375 0.128125
92 0.4890625 0.4125 0.071875 0.1546875
92 0.35546875 0.3640625 0.0953125 0.184375
92 0.49296875 0.2203125 0.0921875 0.1671875
92 0.5453125 0.25703125 0.0921875 0.14375
92 0.6171875 0.4 0.125 0.0984375
