92 0.44453125 0.625 0.0828125 0.171875
92 0.54609375 0.6125 0.115625 0.1
92 0.5984375 0.73046875 0.109375 0.171875
92 0.634375 0.39609375 0.0765625 0.121875
92 0.5375 0.4890625 0.1 0.1078125
92 0.42421875 0.37109375 0.11875 0.1328125
92 0.48046875 0.2234375 0.0640625 0.1546875
92 0.33359375 0.33203125 0.1203125 0.09375
92 0.29375 0.45859375 0.128125 0.125
92 0.26953125 0.5765625 0.084375 0.1
92 0.2796875 0.74296875 0.10625 0.1296875
92 0.2015625 0.7375 0.175 0.1109375
92 0.21796875 0.84296875 0.128125 0.121875
92 0.5 0.80546875 0.1125 0.1359375
92 0.6921875 0.4875 0.059375 0.1890625
92 0.76171875 0.53046875 0.075 0.14375
92 0.72578125 0.7859375 0.0984375 0.1578125
92 0.7640625 0.6875 0.084375 0.16875
