92 0.44765625 0.59453125 0.0609375 0.1109375
92 0.35546875 0.60859375 0.0734375 0.0546875
92 0.36328125 0.509375 0.0546875 0.10625
92 0.28671875 0.6078125 0.053125 0.11875
92 0.30078125 0.47890625 0.078125 0.0671875
92 0.25703125 0.37578125 0.0546875 0.075
92 0.33671875 0.2671875 0.0796875 0.0890625
92 0.44453125 0.32109375 0.0609375 0.109375
92 0.7984375 0.6046875 0.1 0.065625
92 0.86875 0.78828125 0.0578125 0.1359375
92 0.8921875 0.5359375 0.0640625 0.0984375
92 0.6828125 0.33828125 0.05 0.1109375
92 0.7203125 0.28046875 0.0703125 0.0546875
92 0.71953125 0.4890625 0.0640625 0.0953125
92 0.78359375 0.34765625 0.071875 0.1015625
92 0.81171875 0.23046875 0.0984375 0.0765625
92 0.67421875 0.1765625 0.0703125 0.0609375
92 0.62734375 0.1328125 0.084375 0.0578125
92 0.63671875 0.25078125 0.0515625 0.096875
92 0.61640625 0.4078125 0.05 0.090625
92 0.575 0.38515625 0.0421875 0.0890625
