92 0.52421875 0.44453125 0.19140625 0.16015625
92 0.72890625 0.39140625 0.21796875 0.12890625
92 0.82890625 0.284375 0.253125 0.1109375
92 0.60859375 0.27109375 0.18671875 0.146875
92 0.484375 0.22890625 0.16015625 0.221875
92 0.384375 0.39296875 0.1734375 0.1375
92 0.753125 0.53359375 0.2046875 0.18671875
92 0.9265625 0.678125 0.146875 0.24453125
92 0.753125 0.815625 0.24921875 0.146875
92 0.884375 0.92890625 0.23125 0.1421875
92 0.4359375 0.87109375 0.20859375 0.21328125
92 0.5046875 0.721875 0.2046875 0.20859375
92 0.2 0.6203125 0.16015625 0.20859375
92 0.17578125 0.43359375 0.20859375 0.18671875
92 0.30234375 0.27578125 0.18203125 0.1953125
92 0.30703125 0.5265625 0.15546875 0.20859375
92 0.13359375 0.8578125 0.20859375 0.1640625
92 0.15078125 0.115625 0.15546875 0.23125
92 0.30234375 0.1265625 0.21796875 0.146875
92 0.6109375 0.10234375 0.16875 0.18671875
92 0.7640625 0.14453125 0.16015625 0.19140625
