92 0.36796875 0.61640625 0.0515625 0.1359375
92 0.4640625 0.609375 0.0703125 0.0859375
92 0.5375 0.51328125 0.0671875 0.1078125
92 0.6140625 0.6078125 0.0640625 0.0671875
92 0.696875 0.68046875 0.0453125 0.103125
92 0.63671875 0.7578125 0.0734375 0.096875
92 0.77109375 0.74609375 0.078125 0.065625
92 0.63203125 0.86640625 0.0640625 0.0828125
92 0.4375 0.82578125 0.059375 0.10625
92 0.48984375 0.73515625 0.0625 0.0796875
92 0.83046875 0.62109375 0.0796875 0.084375
92 0.85546875 0.72578125 0.0890625 0.1
92 0.89140625 0.81875 0.0703125 0.084375
92 0.6859375 0.50546875 0.05 0.10625
92 0.725 0.43125 0.0734375 0.0796875
92 0.79453125 0.4734375 0.0578125 0.1078125
92 0.84296875 0.49375 0.04375 0.096875
92 0.93203125 0.34765625 0.090625 0.109375
92 0.828125 0.159375 0.0640625 0.06875
92 0.80234375 0.27265625 0.0546875 0.0671875
92 0.76328125 0.3171875 0.0671875 0.090625
92 0.71875 0.16484375 0.0796875 0.090625
92 0.73828125 0.2203125 0.0703125 0.1078125
92 0.95625 0.1859375 0.05625 0.1
