92 0.16875 0.6109375 0.0515625 0.128125
92 0.22578125 0.63984375 0.075 0.0890625
92 0.284375 0.7015625 0.0640625 0.1453125
92 0.50546875 0.6515625 0.0796875 0.071875
92 0.57734375 0.5828125 0.059375 0.08125
92 0.53203125 0.515625 0.09375 0.0875
92 0.52890625 0.434375 0.08125 0.06875
92 0.8703125 0.3703125 0.053125 0.1015625
92 0.9015625 0.40546875 0.0703125 0.1125
92 0.72109375 0.6 0.04375 0.1046875
92 0.659375 0.48046875 0.0671875 0.1203125
92 0.63671875 0.6078125 0.09375 0.0984375
92 0.60703125 0.6921875 0.0984375 0.071875
