92 0.421875 0.49296875 0.06484375 0.15390625
92 0.48984375 0.60546875 0.07265625 0.159375
92 0.30078125 0.5015625 0.06875 0.1234375
92 0.53828125 0.36953125 0.10234375 0.12578125
92 0.59921875 0.278125 0.0921875 0.11796875
92 0.7359375 0.4234375 0.0890625 0.1140625
92 0.83671875 0.5046875 0.08828125 0.10546875
92 0.80078125 0.61953125 0.06640625 0.103125
92 0.62421875 0.796875 0.084375 0.0796875
92 0.60234375 0.65703125 0.0640625 0.13203125
92 0.41875 0.85 0.090625 0.12578125
92 0.42890625 0.7265625 0.06484375 0.12578125
92 0.3546875 0.6734375 0.084375 0.09609375
92 0.3109375 0.825 0.09296875 0.13203125
92 0.24140625 0.821875 0.115625 0.09765625
92 0.0953125 0.86640625 0.0703125 0.14765625
92 0.0875 0.734375 0.090625 0.08515625
92 0.3453125 0.3203125 0.1078125 0.1078125
92 0.3296875 0.153125 0.11953125 0.09140625
92 0.22109375 0.44296875 0.13515625 0.11796875
92 0.77578125 0.78203125 0.08671875 0.12578125
