92 0.6078125 0.61015625 0.128125 0.184375
92 0.61171875 0.8671875 0.109375 0.2328125
92 0.70703125 0.88203125 0.1078125 0.2140625
92 0.85390625 0.88203125 0.13125 0.134375
92 0.753125 0.621875 0.1015625 0.2234375
92 0.87578125 0.61328125 0.134375 0.209375
92 0.915625 0.4046875 0.1234375 0.1921875
92 0.93515625 0.14375 0.1 0.190625
92 0.7828125 0.13828125 0.103125 0.2296875
92 0.77109375 0.37265625 0.10625 0.1953125
92 0.63125 0.3609375 0.1109375 0.1703125
92 0.6234375 0.11171875 0.0890625 0.221875
92 0.496875 0.16171875 0.13125 0.1859375
92 0.475 0.4140625 0.10625 0.196875
92 0.46875 0.60703125 0.1234375 0.1984375
92 0.49765625 0.87421875 0.096875 0.2140625
92 0.34140625 0.86640625 0.14375 0.16875
92 0.38046875 0.61328125 0.1109375 0.20625
92 0.31328125 0.3953125 0.1078125 0.190625
92 0.36484375 0.1296875 0.1 0.2140625
92 0.246875 0.14296875 0.071875 0.2078125
92 0.140625 0.1203125 0.15625 0.178125
92 0.09765625 0.3765625 0.1375 0.2328125
92 0.2015625 0.44375 0.1140625 0.2359375
92 0.2171875 0.634375 0.1140625 0.2171875
92 0.18515625 0.871875 0.0875 0.2421875
92 0.06171875 0.89296875 0.1234375 0.203125
92 0.059375 0.6515625 0.103125 0.2265625
