92 0.63125 0.53984375 0.09765625 0.115625
92 0.69140625 0.7046875 0.12890625 0.1203125
92 0.5734375 0.75078125 0.1375 0.1203125
92 0.453125 0.7625 0.12421875 0.0796875
92 0.39140625 0.7203125 0.15078125 0.0578125
92 0.29296875 0.66875 0.115625 0.15546875
92 0.31328125 0.53125 0.15078125 0.0796875
92 0.28671875 0.42421875 0.10234375 0.13359375
92 0.353125 0.346875 0.15546875 0.06640625
92 0.46015625 0.29140625 0.10703125 0.07578125
92 0.5734375 0.31328125 0.16875 0.06640625
92 0.7046875 0.39765625 0.12421875 0.1203125
92 0.74453125 0.50703125 0.146875 0.084375
92 0.53984375 0.43125 0.0890625 0.12421875
92 0.43125 0.4578125 0.09765625 0.12421875
92 0.49140625 0.54453125 0.084375 0.146875
92 0.415625 0.6109375 0.10703125 0.13359375
92 0.62890625 0.64921875 0.1421875 0.07578125
