92 0.52734375 0.46484375 0.134375 0.1203125
92 0.43671875 0.5296875 0.1125 0.14765625
92 0.34765625 0.53515625 0.07265625 0.19140625
92 0.38515625 0.72109375 0.1203125 0.12578125
92 0.54921875 0.60625 0.0875 0.153125
92 0.66875 0.81953125 0.12734375 0.1640625
92 0.71484375 0.653125 0.134375 0.12578125
92 0.6015625 0.459375 0.065625 0.20234375
92 0.4578125 0.37734375 0.13125 0.109375
92 0.32734375 0.33046875 0.0765625 0.21875
92 0.43984375 0.128125 0.13125 0.109375
92 0.56015625 0.128125 0.12734375 0.12578125
92 0.53671875 0.240625 0.12734375 0.14765625
92 0.71796875 0.36875 0.109375 0.20234375
