92 0.378125 0.3640625 0.2265625 0.1078125
92 0.653125 0.5046875 0.115625 0.2265625
92 0.8 0.41328125 0.1828125 0.134375
92 0.684375 0.315625 0.1203125 0.1515625
92 0.5625 0.36015625 0.1875 0.1421875
92 0.5265625 0.1578125 0.1296875 0.1875
92 0.6578125 0.1796875 0.2078125 0.1296875
92 0.32421875 0.18203125 0.209375 0.0796875
92 0.15546875 0.36875 0.1375 0.2046875
92 0.121875 0.51328125 0.115625 0.2046875
92 0.278125 0.4578125 0.178125 0.146875
92 0.49765625 0.6046875 0.146875 0.1921875
92 0.453125 0.7953125 0.1296875 0.16875
92 0.3359375 0.70234375 0.1296875 0.2046875
