92 0.54453125 0.41640625 0.06484375 0.13203125
92 0.56484375 0.59375 0.05859375 0.1078125
92 0.63671875 0.57890625 0.0625 0.14140625
92 0.63671875 0.70546875 0.0421875 0.13984375
92 0.7515625 0.83203125 0.05546875 0.1296875
92 0.703125 0.75 0.08359375 0.1140625
92 0.5703125 0.71953125 0.053125 0.13203125
92 0.83984375 0.75703125 0.0734375 0.07578125
92 0.8578125 0.63125 0.05546875 0.1234375
92 0.76796875 0.5859375 0.05703125 0.11171875
92 0.6421875 0.4359375 0.05078125 0.115625
92 0.40078125 0.5265625 0.07578125 0.14921875
92 0.31328125 0.52265625 0.10234375 0.078125
92 0.4453125 0.0734375 0.0609375 0.128125
92 0.51171875 0.2359375 0.09296875 0.08203125
92 0.54296875 0.3046875 0.0734375 0.115625
92 0.46875 0.3296875 0.05703125 0.1140625
92 0.196875 0.26796875 0.071875 0.1140625
92 0.1578125 0.2515625 0.0890625 0.065625
92 0.10078125 0.24375 0.046875 0.12578125
92 0.28359375 0.2875 0.05078125 0.109375
92 0.31796875 0.20859375 0.0640625 0.0796875
