92 0.66328125 0.28203125 0.1046875 0.0890625
92 0.7625 0.3609375 0.06640625 0.1046875
92 0.66171875 0.490625 0.109375 0.096875
92 0.6 0.52578125 0.09765625 0.13125
92 0.53046875 0.44921875 0.0578125 0.1296875
92 0.51015625 0.33203125 0.07578125 0.15234375
92 0.5703125 0.34453125 0.08359375 0.1078125
92 0.6234375 0.378125 0.0703125 0.15546875
92 0.69296875 0.38828125 0.0734375 0.14375
92 0.76171875 0.45390625 0.11171875 0.08125
92 0.84609375 0.3265625 0.0875 0.08125
92 0.859375 0.24921875 0.06015625 0.08515625
92 0.90859375 0.2984375 0.0421875 0.1234375
92 0.7203125 0.21796875 0.08828125 0.09765625
92 0.57734375 0.27109375 0.0609375 0.09453125
