92 0.57265625 0.56015625 0.1453125 0.0828125
92 0.68125 0.65 0.0671875 0.0640625
92 0.6796875 0.725 0.078125 0.075
92 0.92890625 0.74375 0.1421875 0.0578125
92 0.815625 0.83671875 0.1375 0.0640625
92 0.56015625 0.81171875 0.1125 0.0921875
92 0.475 0.74765625 0.11875 0.075
92 0.4421875 0.83828125 0.1359375 0.05625
92 0.275 0.8140625 0.0859375 0.065625
92 0.3296875 0.66796875 0.0921875 0.0828125
92 0.3796875 0.5359375 0.13125 0.0625
92 0.62578125 0.47734375 0.071875 0.05625
92 0.359375 0.453125 0.1203125 0.0546875
92 0.25234375 0.53828125 0.0640625 0.075
92 0.16328125 0.6140625 0.065625 0.0703125
