92 0.48359375 0.5375 0.15 0.1078125
92 0.0890625 0.74921875 0.17578125 0.12578125
92 0.48984375 0.74453125 0.26015625 0.103125
92 0.65078125 0.75078125 0.1296875 0.109375
92 0.73828125 0.72265625 0.15 0.12421875
92 0.6359375 0.52109375 0.1984375 0.059375
92 0.28984375 0.55625 0.18046875 0.1125
92 0.26015625 0.47265625 0.1421875 0.06015625
92 0.37578125 0.47890625 0.11015625 0.1140625
92 0.446875 0.43984375 0.1296875 0.07578125
92 0.5203125 0.41875 0.125 0.09765625
92 0.84609375 0.44921875 0.2078125 0.065625
92 0.8640625 0.51875 0.21875 0.0671875
92 0.44609375 0.6828125 0.11328125 0.12734375
