92 0.55390625 0.48203125 0.0890625 0.1125
92 0.71875 0.5359375 0.1125 0.0703125
92 0.91484375 0.5984375 0.071875 0.0859375
92 0.83046875 0.73203125 0.134375 0.0890625
92 0.63359375 0.71640625 0.0671875 0.0890625
92 0.6671875 0.80546875 0.1328125 0.08125
92 0.50234375 0.8484375 0.14375 0.0546875
92 0.35078125 0.8953125 0.1125 0.08125
92 0.49140625 0.66328125 0.1390625 0.05
92 0.33046875 0.63359375 0.0984375 0.0546875
92 0.1609375 0.7921875 0.10625 0.1328125
92 0.078125 0.87265625 0.1171875 0.071875
92 0.82109375 0.91484375 0.1203125 0.08125
92 0.9265625 0.8484375 0.1203125 0.0625
