92 0.53046875 0.69765625 0.1296875 0.4875
92 0.646875 0.42578125 0.18125 0.2109375
92 0.77890625 0.6515625 0.16875 0.3015625
92 0.92109375 0.734375 0.1234375 0.3640625
92 0.8046875 0.41328125 0.1515625 0.340625
92 0.42421875 0.42890625 0.1515625 0.328125
92 0.42421875 0.771875 0.109375 0.3453125
92 0.29375 0.54296875 0.1234375 0.3953125
92 0.16640625 0.73125 0.190625 0.309375
92 0.56328125 0.30546875 0.16875 0.315625
92 0.7015625 0.18203125 0.109375 0.290625
92 0.3609375 0.21015625 0.1734375 0.303125
92 0.240625 0.28984375 0.1390625 0.3640625
92 0.1 0.3765625 0.1515625 0.3453125
