92 0.5484375 0.4328125 0.1140625 0.3203125
92 0.653125 0.3640625 0.1796875 0.3359375
92 0.84453125 0.5078125 0.1984375 0.2234375
92 0.59453125 0.68984375 0.2640625 0.1765625
92 0.259375 0.6046875 0.1671875 0.2890625
92 0.2515625 0.1953125 0.175 0.2796875
92 0.440625 0.19453125 0.1375 0.2421875
92 0.58671875 0.12421875 0.1859375 0.1765625
92 0.79609375 0.1390625 0.1609375 0.19375
92 0.44609375 0.38828125 0.1984375 0.278125
92 0.47109375 0.78359375 0.11875 0.228125
92 0.1125 0.7703125 0.16875 0.3265625
