92 0.52890625 0.52421875 0.090625 0.0765625
92 0.56015625 0.57890625 0.1125 0.109375
92 0.4796875 0.5765625 0.0328125 0.13671875
92 0.434375 0.61484375 0.07265625 0.09296875
92 0.36015625 0.7296875 0.10546875 0.0984375
92 0.36015625 0.259375 0.10546875 0.1203125
92 0.50703125 0.2734375 0.06875 0.0984375
92 0.63828125 0.71875 0.0984375 0.109375
92 0.52734375 0.7375 0.10546875 0.065625
92 0.590625 0.33359375 0.065625 0.13671875
92 0.5453125 0.41796875 0.0984375 0.0875
92 0.465625 0.45625 0.08359375 0.109375
92 0.39453125 0.46171875 0.0875 0.0875
