92 0.40390625 0.49453125 0.0765625 0.175
92 0.5328125 0.42890625 0.109375 0.109375
92 0.79609375 0.91015625 0.1421875 0.09375
92 0.86875 0.80625 0.109375 0.1484375
92 0.6546875 0.79765625 0.0765625 0.1859375
92 0.54921875 0.56015625 0.090625 0.1703125
92 0.5109375 0.696875 0.0796875 0.1375
92 0.40703125 0.75703125 0.1453125 0.0875
92 0.29609375 0.565625 0.1671875 0.125
92 0.1578125 0.5109375 0.0796875 0.109375
92 0.33671875 0.38828125 0.084375 0.1703125
92 0.2328125 0.70234375 0.0578125 0.1796875
92 0.30546875 0.7953125 0.1125 0.0828125
