92 0.165625 0.66484375 0.15703125 0.20078125
92 0.35 0.78828125 0.06796875 0.146875
92 0.49765625 0.88984375 0.08203125 0.11796875
92 0.75859375 0.85703125 0.175 0.15703125
92 0.60703125 0.49609375 0.103125 0.103125
92 0.6875 0.4046875 0.06328125 0.1359375
92 0.76796875 0.35859375 0.11171875 0.115625
92 0.81640625 0.30078125 0.08203125 0.12578125
92 0.859375 0.4421875 0.06171875 0.16484375
92 0.91796875 0.5140625 0.11796875 0.12578125
92 0.80703125 0.55234375 0.08671875 0.0875
92 0.62265625 0.34609375 0.05703125 0.146875
92 0.59140625 0.22890625 0.05859375 0.11796875
92 0.8015625 0.1734375 0.03671875 0.0953125
92 0.88359375 0.28125 0.075 0.115625
