92 0.61796875 0.5453125 0.2 0.053125
92 0.56015625 0.6265625 0.1109375 0.1203125
92 0.44765625 0.59609375 0.215625 0.059375
92 0.43359375 0.51640625 0.16875 0.0890625
92 0.378125 0.446875 0.178125 0.0671875
92 0.809375 0.659375 0.1484375 0.10625
92 0.6390625 0.71796875 0.14375 0.09375
92 0.41875 0.7234375 0.203125 0.0484375
92 0.2671875 0.646875 0.1875 0.075
92 0.22421875 0.6203125 0.190625 0.0796875
92 0.5765625 0.50546875 0.121875 0.0625
92 0.57890625 0.44453125 0.1 0.0578125
92 0.6953125 0.5140625 0.140625 0.0828125
92 0.83359375 0.51484375 0.0953125 0.084375
92 0.55859375 0.38046875 0.1734375 0.0625
