92 0.53828125 0.728125 0.2109375 0.1
92 0.87421875 0.70390625 0.1109375 0.1703125
92 0.73359375 0.4296875 0.1609375 0.1125
92 0.453125 0.4265625 0.165625 0.075
92 0.59140625 0.44453125 0.134375 0.0796875
92 0.82578125 0.40546875 0.0515625 0.1296875
92 0.89140625 0.26328125 0.09375 0.115625
92 0.78984375 0.20546875 0.175 0.0984375
92 0.6625 0.12890625 0.171875 0.084375
92 0.63515625 0.221875 0.1484375 0.1078125
92 0.715625 0.25859375 0.1046875 0.059375
92 0.584375 0.3109375 0.1578125 0.0734375
92 0.67578125 0.3265625 0.171875 0.06875
92 0.5671875 0.37109375 0.1453125 0.053125
92 0.32578125 0.35078125 0.1484375 0.09375
92 0.4859375 0.2390625 0.1515625 0.0984375
92 0.503125 0.1125 0.125 0.0484375
92 0.87421875 0.146875 0.1078125 0.1078125
92 0.86328125 0.36484375 0.0953125 0.1
92 0.7734375 0.34921875 0.0703125 0.09375
