92 0.55859375 0.475 0.06875 0.1984375
92 0.621875 0.4234375 0.0734375 0.178125
92 0.746875 0.39609375 0.1140625 0.2015625
92 0.8546875 0.76328125 0.109375 0.23125
92 0.68828125 0.7375 0.1609375 0.1984375
92 0.55234375 0.75546875 0.084375 0.1984375
92 0.25859375 0.76328125 0.146875 0.1859375
92 0.31953125 0.609375 0.14375 0.1796875
92 0.39375 0.3765625 0.1234375 0.2078125
92 0.43828125 0.56328125 0.109375 0.1515625
92 0.44453125 0.70703125 0.09375 0.215625
92 0.20390625 0.61015625 0.121875 0.203125
92 0.17265625 0.43359375 0.1296875 0.2046875
92 0.29453125 0.19609375 0.15 0.1796875
92 0.4140625 0.221875 0.1640625 0.1484375
92 0.58828125 0.28828125 0.1984375 0.1234375
