92 0.653125 0.3984375 0.16484375 0.15390625
92 0.48046875 0.53125 0.1078125 0.1921875
92 0.49296875 0.35703125 0.12109375 0.12109375
92 0.25625 0.89609375 0.1703125 0.12265625
92 0.33046875 0.8234375 0.171875 0.1421875
92 0.21328125 0.72734375 0.125 0.18359375
92 0.36015625 0.5265625 0.084375 0.14765625
92 0.39765625 0.60390625 0.0953125 0.0828125
92 0.64453125 0.546875 0.07578125 0.21484375
92 0.71328125 0.55625 0.0671875 0.18515625
92 0.51953125 0.25078125 0.15234375 0.1609375
92 0.55 0.62578125 0.09296875 0.1421875
92 0.3375 0.3859375 0.06328125 0.10390625
92 0.42578125 0.309375 0.12109375 0.0765625
