92 0.590625 0.609375 0.134375 0.2078125
92 0.63828125 0.4921875 0.15234375 0.1640625
92 0.76015625 0.28984375 0.06875 0.20234375
92 0.36875 0.4890625 0.16015625 0.1859375
92 0.36171875 0.72421875 0.10546875 0.20234375
92 0.21640625 0.9046875 0.16015625 0.12578125
92 0.0765625 0.89375 0.13828125 0.20234375
92 0.1890625 0.653125 0.1421875 0.14765625
92 0.2234375 0.48359375 0.1453125 0.20234375
92 0.30703125 0.27890625 0.1234375 0.1421875
92 0.4109375 0.32265625 0.15234375 0.13125
92 0.5125 0.21875 0.11640625 0.175
92 0.5546875 0.37421875 0.0984375 0.18046875
92 0.4421875 0.63359375 0.14921875 0.13671875
92 0.6578125 0.32265625 0.09453125 0.13671875
92 0.66328125 0.1828125 0.15234375 0.1203125
92 0.5421875 0.12578125 0.1203125 0.175
92 0.3984375 0.175 0.134375 0.14765625
92 0.3109375 0.04375 0.16328125 0.0875
92 0.20390625 0.16953125 0.1203125 0.153125
92 0.08359375 0.36875 0.1125 0.1859375
92 0.209375 0.3140625 0.065625 0.19140625
92 0.11640625 0.22109375 0.15234375 0.13125
92 0.05078125 0.63125 0.1015625 0.11484375
92 0.221875 0.759375 0.16015625 0.18046875
