92 0.625 0.46796875 0.1703125 0.0734375
92 0.4078125 0.5578125 0.1640625 0.1046875
92 0.5421875 0.5984375 0.125 0.1046875
92 0.6203125 0.72421875 0.1671875 0.1203125
92 0.59609375 0.82421875 0.1421875 0.1
92 0.4015625 0.70078125 0.1546875 0.1359375
92 0.30078125 0.7625 0.1765625 0.0828125
92 0.23828125 0.5609375 0.153125 0.1234375
92 0.74296875 0.55078125 0.1015625 0.1296875
92 0.7546875 0.6671875 0.15625 0.090625
92 0.490625 0.4109375 0.1703125 0.0828125
92 0.396875 0.459375 0.1859375 0.1046875
92 0.1890625 0.4265625 0.1484375 0.1109375
92 0.2859375 0.3703125 0.1296875 0.0859375
92 0.58828125 0.3796875 0.08125 0.125
