92 0.46171875 0.45546875 0.0671875 0.19609375
92 0.56484375 0.3859375 0.13828125 0.14296875
92 0.4953125 0.25234375 0.14296875 0.13828125
92 0.53984375 0.13203125 0.0984375 0.1203125
92 0.6515625 0.14296875 0.10234375 0.10234375
92 0.74765625 0.14921875 0.11640625 0.11171875
92 0.8390625 0.203125 0.10703125 0.21875
92 0.93515625 0.19453125 0.08515625 0.20546875
92 0.91328125 0.48203125 0.0890625 0.2234375
92 0.84609375 0.4109375 0.0578125 0.25
92 0.765625 0.45546875 0.125 0.11640625
92 0.68046875 0.50859375 0.125 0.17421875
92 0.70078125 0.5984375 0.11171875 0.19609375
92 0.6921875 0.77265625 0.0625 0.24140625
92 0.78125 0.6921875 0.125 0.125
92 0.78828125 0.5734375 0.11640625 0.17421875
92 0.9484375 0.64296875 0.10234375 0.14296875
92 0.87265625 0.7859375 0.11171875 0.14765625
92 0.78984375 0.9375 0.14296875 0.125
92 0.75 0.8546875 0.1203125 0.16484375
92 0.58515625 0.8796875 0.1515625 0.14765625
92 0.6140625 0.66328125 0.13359375 0.11640625
92 0.53125 0.71015625 0.0984375 0.21015625
92 0.578125 0.5625 0.11640625 0.17421875
92 0.359375 0.6296875 0.10234375 0.19609375
92 0.31484375 0.40859375 0.0984375 0.1875
92 0.375 0.1609375 0.13359375 0.17890625
92 0.13359375 0.27265625 0.1296875 0.13828125
92 0.0828125 0.39921875 0.11640625 0.10703125
92 0.14765625 0.1203125 0.11171875 0.16484375
92 0.15390625 0.62734375 0.125 0.13359375
92 0.25234375 0.78125 0.125 0.17890625
92 0.1609375 0.8703125 0.13359375 0.19609375
92 0.390625 0.77890625 0.1203125 0.17421875
92 0.2296875 0.4953125 0.1296875 0.15625
