92 0.45859375 0.5015625 0.1859375 0.203125
92 0.63046875 0.70859375 0.1609375 0.1734375
92 0.7015625 0.8359375 0.0984375 0.2375
92 0.4046875 0.75859375 0.1625 0.1453125
92 0.32578125 0.62265625 0.1171875 0.2453125
92 0.41640625 0.28125 0.165625 0.1796875
92 0.49140625 0.1265625 0.1421875 0.1828125
92 0.60234375 0.3484375 0.103125 0.25
92 0.78359375 0.30625 0.1546875 0.240625
92 0.7484375 0.53125 0.0703125 0.2609375
92 0.878125 0.58359375 0.1359375 0.2453125
92 0.21015625 0.8453125 0.1265625 0.215625
92 0.146875 0.73125 0.1484375 0.1921875
92 0.146875 0.57734375 0.1734375 0.1296875
92 0.33046875 0.4078125 0.146875 0.1328125
92 0.5140625 0.32890625 0.10625 0.1578125
92 0.70703125 0.3703125 0.084375 0.153125
92 0.5453125 0.6171875 0.1375 0.1046875
92 0.571875 0.8203125 0.0625 0.153125
92 0.41015625 0.87265625 0.1203125 0.1546875
92 0.1671875 0.2421875 0.1328125 0.1625
92 0.14765625 0.0609375 0.1546875 0.121875
92 0.21015625 0.43359375 0.1359375 0.1546875
92 0.10078125 0.4703125 0.1171875 0.1671875
92 0.3015625 0.29609375 0.11875 0.1671875
92 0.07890625 0.3421875 0.0953125 0.2546875
92 0.6890625 0.0765625 0.0875 0.153125
92 0.96015625 0.2078125 0.0796875 0.203125
