92 0.51484375 0.525 0.0703125 0.1265625
92 0.50390625 0.64921875 0.1015625 0.128125
92 0.40390625 0.56875 0.115625 0.0984375
92 0.3625 0.35234375 0.08125 0.1703125
92 0.246875 0.37578125 0.0875 0.1703125
92 0.25 0.54765625 0.0640625 0.1640625
92 0.2796875 0.7453125 0.1 0.15625
92 0.115625 0.75390625 0.0765625 0.15625
92 0.14921875 0.67890625 0.0640625 0.153125
92 0.13984375 0.44609375 0.0625 0.153125
92 0.16875 0.22265625 0.1140625 0.1484375
92 0.2171875 0.0921875 0.1078125 0.121875
92 0.33203125 0.1578125 0.096875 0.1296875
