92 0.50703125 0.515625 0.12421875 0.15546875
92 0.39140625 0.4796875 0.12421875 0.1734375
92 0.35078125 0.76015625 0.15546875 0.1734375
92 0.578125 0.83984375 0.2046875 0.15078125
92 0.7578125 0.73359375 0.16875 0.16875
92 0.621875 0.63359375 0.16015625 0.1734375
92 0.70703125 0.50234375 0.2046875 0.1203125
92 0.778125 0.421875 0.13359375 0.1421875
92 0.6375 0.3203125 0.2359375 0.1109375
92 0.29765625 0.2375 0.115625 0.1375
92 0.18203125 0.53359375 0.1421875 0.15546875
92 0.32890625 0.59765625 0.2265625 0.10703125
92 0.3046875 0.478125 0.146875 0.146875
