92 0.49765625 0.53984375 0.0921875 0.0921875
92 0.54140625 0.4109375 0.121875 0.0765625
92 0.5859375 0.296875 0.1 0.1484375
92 0.490625 0.328125 0.1078125 0.115625
92 0.40078125 0.30234375 0.08125 0.1296875
92 0.328125 0.40390625 0.0671875 0.1625
92 0.353125 0.50625 0.075 0.128125
92 0.44140625 0.4515625 0.08125 0.159375
92 0.6859375 0.42109375 0.05625 0.165625
92 0.64296875 0.53125 0.125 0.075
92 0.76640625 0.47421875 0.103125 0.1453125
92 0.8796875 0.31796875 0.09375 0.165625
92 0.48984375 0.14453125 0.109375 0.10625
92 0.5484375 0.2375 0.10625 0.1109375
92 0.2515625 0.3015625 0.10625 0.115625
92 0.2859375 0.16015625 0.11875 0.121875
92 0.3078125 0.60625 0.078125 0.1265625
92 0.1953125 0.54765625 0.1 0.09375
92 0.459375 0.61484375 0.0625 0.165625
92 0.3890625 0.58359375 0.0703125 0.1359375
92 0.5453125 0.6375 0.090625 0.1109375
92 0.4125 0.1390625 0.05 0.10625
92 0.32734375 0.10625 0.115625 0.125
