92 0.50703125 0.2859375 0.0734375 0.20234375
92 0.4703125 0.1875 0.1 0.23203125
92 0.371875 0.378125 0.10703125 0.19609375
92 0.43515625 0.4609375 0.1 0.11328125
92 0.5265625 0.4609375 0.11640625 0.190625
92 0.60703125 0.44609375 0.13671875 0.0953125
92 0.475 0.63125 0.11015625 0.1546875
92 0.40859375 0.7234375 0.10703125 0.2203125
92 0.4796875 0.86328125 0.0734375 0.17890625
92 0.53984375 0.82109375 0.11328125 0.16640625
92 0.1703125 0.82109375 0.11328125 0.11875
92 0.103125 0.88125 0.06640625 0.17890625
92 0.14296875 0.64609375 0.08359375 0.17890625
92 0.21484375 0.6015625 0.10703125 0.1546875
92 0.26640625 0.66953125 0.06640625 0.20859375
92 0.18828125 0.4640625 0.1 0.1484375
92 0.08671875 0.42890625 0.096875 0.19609375
92 0.21640625 0.246875 0.10703125 0.20859375
92 0.23515625 0.2734375 0.1296875 0.184375
92 0.61796875 0.3484375 0.08671875 0.14296875
92 0.678125 0.25859375 0.09296875 0.1484375
92 0.71171875 0.38359375 0.06640625 0.1609375
92 0.73671875 0.5984375 0.08671875 0.20234375
92 0.64140625 0.66953125 0.1296875 0.184375
