92 0.165625 0.66484375 0.1578125 0.2
92 0.35 0.78828125 0.06875 0.146875
92 0.49765625 0.88984375 0.0828125 0.11875
92 0.75859375 0.85703125 0.175 0.1578125
92 0.60703125 0.49609375 0.103125 0.103125
92 0.6875 0.4046875 0.0640625 0.1359375
92 0.76796875 0.35859375 0.1125 0.115625
92 0.81640625 0.30078125 0.0828125 0.1265625
92 0.859375 0.4421875 0.0625 0.165625
92 0.91796875 0.5140625 0.11875 0.1265625
92 0.80703125 0.55234375 0.0875 0.0875
92 0.62265625 0.34609375 0.0578125 0.146875
92 0.59140625 0.22890625 0.059375 0.11875
92 0.8015625 0.1734375 0.0375 0.0953125
92 0.88359375 0.28125 0.075 0.115625
