92 0.48828125 0.25234375 0.078125 0.165625
92 0.5703125 0.28984375 0.078125 0.10234375
92 0.28671875 0.421875 0.11640625 0.10078125
92 0.4375 0.590625 0.08984375 0.1359375
92 0.51953125 0.43359375 0.0796875 0.1359375
92 0.71171875 0.4171875 0.08828125 0.09296875
92 0.6046875 0.93125 0.1015625 0.0984375
92 0.85703125 0.3109375 0.08515625 0.15
92 0.81640625 0.17421875 0.06796875 0.10078125
92 0.69921875 0.059375 0.0984375 0.09296875
92 0.4171875 0.43125 0.11015625 0.07109375
92 0.3765625 0.2671875 0.03671875 0.1125
92 0.35 0.2 0.0953125 0.1421875
