92 0.6875 0.4359375 0.16171875 0.0640625
92 0.40546875 0.44453125 0.1375 0.10859375
92 0.45859375 0.5453125 0.2296875 0.0734375
92 0.20078125 0.51640625 0.19453125 0.0890625
92 0.13125 0.4125 0.18046875 0.07890625
92 0.2984375 0.2765625 0.1765625 0.078125
92 0.13828125 0.27109375 0.09921875 0.12578125
92 0.05390625 0.309375 0.10703125 0.13046875
92 0.11171875 0.17890625 0.19609375 0.06953125
92 0.5875 0.3328125 0.15234375 0.065625
92 0.5171875 0.43125 0.11171875 0.0953125
92 0.31328125 0.72578125 0.11875 0.06328125
92 0.2234375 0.65078125 0.14453125 0.0734375
92 0.0921875 0.62578125 0.08125 0.11015625
92 0.0703125 0.71640625 0.12109375 0.07421875
92 0.12890625 0.8359375 0.12109375 0.10859375
92 0.2625 0.83125 0.159375 0.10078125
92 0.4109375 0.81328125 0.1046875 0.11015625
92 0.37578125 0.9125 0.115625 0.1078125
92 0.63984375 0.803125 0.125 0.1109375
92 0.65234375 0.70859375 0.16171875 0.0953125
92 0.5203125 0.72578125 0.14375 0.0953125
92 0.43515625 0.7078125 0.12265625 0.11796875
92 0.34375 0.62578125 0.165625 0.08046875
92 0.63671875 0.50234375 0.1671875 0.0828125
92 0.26796875 0.3921875 0.11875 0.0984375
92 0.39453125 0.36953125 0.16328125 0.05390625
92 0.553125 0.62890625 0.103125 0.11328125
