92 0.5328125 0.3734375 0.1375 0.2828125
92 0.62265625 0.475 0.1109375 0.2984375
92 0.84609375 0.525 0.1578125 0.2703125
92 0.29296875 0.6703125 0.1921875 0.1828125
92 0.409375 0.55390625 0.1671875 0.171875
92 0.46328125 0.65390625 0.171875 0.1734375
92 0.29453125 0.8484375 0.134375 0.2328125
92 0.85078125 0.8234375 0.1765625 0.1953125
92 0.64921875 0.9265625 0.1625 0.1203125
92 0.6078125 0.69375 0.1296875 0.1453125
92 0.75625 0.2546875 0.1421875 0.1234375
92 0.565625 0.21484375 0.1828125 0.1109375
92 0.6125 0.0921875 0.171875 0.1359375
92 0.3828125 0.1234375 0.128125 0.153125
92 0.25625 0.26015625 0.1265625 0.15
92 0.35 0.33515625 0.0671875 0.1859375
92 0.45625 0.33359375 0.1125 0.225
92 0.3046875 0.4078125 0.121875 0.1859375
92 0.25234375 0.5109375 0.125 0.1296875
92 0.13828125 0.43984375 0.1296875 0.1828125
92 0.1109375 0.26015625 0.165625 0.140625
92 0.178125 0.14765625 0.1296875 0.153125
92 0.24140625 0.07109375 0.1078125 0.115625
92 0.1359375 0.60390625 0.1421875 0.1875
