92 0.471875 0.565625 0.1859375 0.0859375
92 0.25234375 0.53671875 0.1703125 0.1359375
92 0.21171875 0.65078125 0.221875 0.09375
92 0.2375 0.728125 0.1390625 0.1125
92 0.39453125 0.70859375 0.1609375 0.0734375
92 0.61328125 0.69921875 0.1453125 0.1
92 0.79609375 0.74296875 0.23125 0.08125
92 0.9171875 0.5671875 0.165625 0.0859375
92 0.64453125 0.4578125 0.1390625 0.1125
92 0.5953125 0.30078125 0.196875 0.0859375
92 0.40703125 0.2546875 0.1296875 0.115625
92 0.24765625 0.4109375 0.2265625 0.0859375
92 0.16484375 0.33984375 0.103125 0.09375
92 0.853125 0.3515625 0.1546875 0.1
92 0.79140625 0.425 0.1140625 0.0734375
92 0.72421875 0.5890625 0.15 0.09375
