92 0.38828125 0.72734375 0.1796875 0.1171875
92 0.43046875 0.53125 0.1171875 0.1609375
92 0.53828125 0.60703125 0.0984375 0.175
92 0.515625 0.4484375 0.1078125 0.1125
92 0.453125 0.38359375 0.1078125 0.1078125
92 0.51796875 0.24765625 0.125 0.1390625
92 0.53828125 0.13203125 0.125 0.14375
92 0.72109375 0.37265625 0.0859375 0.2015625
92 0.64921875 0.53359375 0.05 0.1921875
92 0.703125 0.65625 0.1515625 0.175
92 0.6671875 0.8078125 0.1015625 0.1515625
92 0.42890625 0.828125 0.2015625 0.1296875
92 0.35234375 0.53359375 0.0671875 0.2
92 0.33046875 0.34609375 0.0859375 0.259375
