92 0.45625 0.35078125 0.215625 0.146875
92 0.7796875 0.45703125 0.06875 0.1390625
92 0.92421875 0.4828125 0.1515625 0.121875
92 0.50234375 0.51953125 0.1140625 0.146875
92 0.3828125 0.57578125 0.128125 0.190625
92 0.36015625 0.7015625 0.1203125 0.109375
92 0.70859375 0.71875 0.1515625 0.1609375
92 0.75703125 0.8484375 0.125 0.1859375
92 0.9171875 0.71875 0.078125 0.1515625
92 0.91484375 0.59765625 0.15625 0.14375
92 0.79375 0.578125 0.175 0.1
92 0.6953125 0.51953125 0.115625 0.1125
92 0.52734375 0.66640625 0.1203125 0.1765625
92 0.50234375 0.82265625 0.15625 0.1
92 0.50234375 0.9546875 0.196875 0.090625
92 0.1078125 0.7078125 0.146875 0.2125
92 0.196875 0.7125 0.15625 0.1859375
92 0.22265625 0.51484375 0.1796875 0.14375
92 0.2109375 0.42890625 0.165625 0.078125
92 0.65859375 0.3765625 0.15625 0.109375
92 0.83046875 0.3765625 0.1375 0.15625
92 0.6859375 0.21015625 0.175 0.1
92 0.54375 0.253125 0.196875 0.0734375
92 0.22734375 0.203125 0.128125 0.146875
92 0.9421875 0.24375 0.115625 0.16875
92 0.90390625 0.13203125 0.175 0.0828125
92 0.77734375 0.06484375 0.128125 0.109375
92 0.59140625 0.0953125 0.165625 0.078125
92 0.421875 0.14296875 0.1890625 0.0828125
92 0.08046875 0.3375 0.090625 0.15625
