92 0.60390625 0.49296875 0.2609375 0.18359375
92 0.76953125 0.6109375 0.275 0.22109375
92 0.69609375 0.846875 0.303125 0.175
92 0.35625 0.85234375 0.13125 0.23671875
92 0.39453125 0.6328125 0.18125 0.290625
92 0.2453125 0.584375 0.22890625 0.2328125
92 0.16953125 0.41640625 0.15546875 0.28125
92 0.3765625 0.32734375 0.14921875 0.28671875
92 0.24140625 0.203125 0.25859375 0.26484375
92 0.47109375 0.2109375 0.225 0.20546875
92 0.5640625 0.128125 0.30703125 0.17890625
92 0.72890625 0.3375 0.28515625 0.19921875
92 0.85625 0.4453125 0.1953125 0.1171875
