92 0.45078125 0.4796875 0.2265625 0.3109375
92 0.678125 0.36640625 0.284375 0.1921875
92 0.59765625 0.678125 0.3921875 0.2
92 0.5421875 0.8796875 0.346875 0.2046875
92 0.19765625 0.8375 0.3875 0.25
92 0.31328125 0.646875 0.3078125 0.1734375
92 0.05546875 0.4265625 0.1109375 0.1953125
92 0.28203125 0.21796875 0.303125 0.1375
92 0.58203125 0.2625 0.3421875 0.0984375
92 0.77578125 0.2203125 0.178125 0.103125
92 0.20234375 0.421875 0.1421875 0.15625
92 0.63984375 0.515625 0.2390625 0.1296875
92 0.8734375 0.584375 0.25 0.178125
92 0.9 0.76875 0.2 0.2046875
