92 0.4921875 0.56875 0.0609375 0.0328125
92 0.4890625 0.525 0.0453125 0.0625
92 0.5390625 0.53046875 0.034375 0.0421875
92 0.60078125 0.6125 0.0625 0.034375
92 0.65078125 0.6234375 0.0515625 0.059375
92 0.5609375 0.6703125 0.05625 0.0515625
92 0.5234375 0.7234375 0.0703125 0.0421875
92 0.48828125 0.71015625 0.0640625 0.0453125
92 0.3890625 0.64453125 0.059375 0.0375
92 0.38203125 0.60234375 0.0609375 0.0390625
92 0.43203125 0.596875 0.053125 0.0375
92 0.4796875 0.65625 0.0328125 0.0375
92 0.5171875 0.65234375 0.0359375 0.05625
92 0.60859375 0.6984375 0.0390625 0.0390625
92 0.565625 0.71953125 0.0421875 0.059375
92 0.66015625 0.6625 0.0625 0.0546875
