92 0.58984375 0.44453125 0.171875 0.165625
92 0.7359375 0.5296875 0.1265625 0.14375
92 0.41015625 0.415625 0.09375 0.146875
92 0.471875 0.27265625 0.1328125 0.146875
92 0.3421875 0.47890625 0.115625 0.175
92 0.153125 0.5328125 0.146875 0.2484375
92 0.22734375 0.4203125 0.0984375 0.1484375
92 0.315625 0.3125 0.1796875 0.0953125
92 0.37890625 0.70390625 0.178125 0.09375
92 0.296875 0.603125 0.096875 0.1171875
92 0.4890625 0.65859375 0.1421875 0.153125
92 0.59375 0.65546875 0.1390625 0.175
92 0.75703125 0.6703125 0.184375 0.1625
92 0.75703125 0.784375 0.1859375 0.1484375
92 0.84609375 0.85546875 0.1828125 0.140625
92 0.540625 0.84453125 0.1140625 0.2203125
92 0.39375 0.8875 0.1765625 0.165625
92 0.17890625 0.9140625 0.1609375 0.146875
92 0.190625 0.77890625 0.1359375 0.1
92 0.3046875 0.8296875 0.0921875 0.2390625
92 0.80234375 0.45859375 0.1796875 0.13125
92 0.9359375 0.57734375 0.125 0.121875
92 0.865625 0.61171875 0.1578125 0.0953125
