92 0.6171875 0.6921875 0.084375 0.0859375
92 0.434375 0.72890625 0.084375 0.0640625
92 0.35078125 0.74140625 0.096875 0.1203125
92 0.284375 0.946875 0.13125 0.075
92 0.4171875 0.9625 0.1359375 0.075
92 0.146875 0.88046875 0.1125 0.0640625
92 0.12109375 0.8171875 0.109375 0.065625
92 0.253125 0.85703125 0.1546875 0.046875
92 0.596875 0.83828125 0.078125 0.059375
92 0.7953125 0.7609375 0.0640625 0.075
92 0.746875 0.8171875 0.125 0.0546875
92 0.70390625 0.64375 0.0546875 0.084375
92 0.521875 0.6375 0.078125 0.0703125
92 0.515625 0.58515625 0.0921875 0.0546875
92 0.41328125 0.59609375 0.125 0.0765625
92 0.3265625 0.6203125 0.0703125 0.071875
92 0.26875 0.675 0.1109375 0.0625
92 0.23515625 0.7328125 0.1171875 0.0546875
