92 0.52578125 0.51953125 0.30625 0.0984375
92 0.4125 0.43671875 0.175 0.1796875
92 0.20078125 0.51015625 0.2765625 0.1484375
92 0.50546875 0.6171875 0.29375 0.0734375
92 0.48046875 0.2015625 0.328125 0.115625
92 0.234375 0.2546875 0.3 0.0953125
92 0.2484375 0.36171875 0.2203125 0.1859375
92 0.5875 0.40546875 0.2265625 0.115625
92 0.73984375 0.540625 0.146875 0.2
92 0.84765625 0.4421875 0.2265625 0.146875
92 0.6609375 0.3171875 0.1875 0.1546875
92 0.80546875 0.30546875 0.2203125 0.1546875
92 0.8390625 0.16484375 0.2421875 0.1546875
92 0.81328125 0.0734375 0.2765625 0.146875
92 0.35859375 0.12265625 0.3109375 0.1203125
92 0.14375 0.0421875 0.2875 0.084375
92 0.8921875 0.578125 0.215625 0.14375
92 0.8953125 0.715625 0.1875 0.1765625
92 0.77109375 0.8015625 0.24375 0.1765625
92 0.559375 0.7125 0.23125 0.10625
92 0.321875 0.65078125 0.225 0.171875
92 0.34453125 0.7984375 0.2203125 0.1296875
92 0.55625 0.83828125 0.175 0.196875
92 0.1578125 0.76875 0.1921875 0.25
92 0.11875 0.61953125 0.2375 0.134375
92 0.45234375 0.29453125 0.1984375 0.115625
92 0.0765625 0.2140625 0.153125 0.19375
