92 0.521875 0.41796875 0.090625 0.0765625
92 0.5765625 0.5078125 0.0953125 0.071875
92 0.6890625 0.4453125 0.0796875 0.109375
92 0.63125 0.7078125 0.065625 0.1046875
92 0.72578125 0.8140625 0.13125 0.0765625
92 0.77109375 0.88828125 0.109375 0.0875
92 0.6875 0.93203125 0.0484375 0.109375
92 0.56875 0.9265625 0.0625 0.0765625
92 0.59453125 0.78984375 0.09375 0.0828125
92 0.83984375 0.62578125 0.1203125 0.0703125
92 0.46015625 0.5625 0.10625 0.071875
92 0.43125 0.5109375 0.0484375 0.1484375
92 0.28515625 0.47265625 0.0984375 0.109375
92 0.3125 0.54609375 0.0984375 0.109375
92 0.33671875 0.6828125 0.0875 0.125
92 0.27109375 0.759375 0.0953125 0.0984375
92 0.21796875 0.87421875 0.10625 0.09375
92 0.29296875 0.89375 0.0875 0.1265625
92 0.37109375 0.78984375 0.153125 0.065625
92 0.434375 0.69375 0.0875 0.0875
92 0.52890625 0.675 0.0984375 0.059375
92 0.41484375 0.90703125 0.1125 0.065625
