92 0.6203125 0.78125 0.1515625 0.07109375
92 0.67421875 0.7140625 0.08046875 0.07578125
92 0.58671875 0.70546875 0.08515625 0.0984375
92 0.49765625 0.73203125 0.10703125 0.10234375
92 0.43984375 0.74296875 0.08046875 0.13828125
92 0.35703125 0.7234375 0.0984375 0.0890625
92 0.28359375 0.6765625 0.14765625 0.07109375
92 0.35234375 0.61796875 0.08515625 0.08046875
92 0.1515625 0.66328125 0.10703125 0.0890625
92 0.09609375 0.60234375 0.14296875 0.08046875
92 0.5359375 0.6359375 0.13359375 0.0578125
92 0.43515625 0.59609375 0.08046875 0.08515625
