92 0.58828125 0.478125 0.0921875 0.1296875
92 0.6296875 0.59296875 0.0625 0.1296875
92 0.5421875 0.64296875 0.0390625 0.1453125
92 0.39140625 0.784375 0.09375 0.125
92 0.38203125 0.39765625 0.0625 0.1265625
92 0.35703125 0.33984375 0.09375 0.0984375
92 0.71796875 0.93125 0.071875 0.121875
92 0.77265625 0.69375 0.0765625 0.0953125
92 0.9265625 0.521875 0.0515625 0.140625
92 0.775 0.31875 0.0765625 0.096875
92 0.6859375 0.409375 0.046875 0.121875
92 0.68828125 0.5859375 0.065625 0.096875
92 0.515625 0.3890625 0.0875 0.0484375
92 0.515625 0.27109375 0.0796875 0.0859375
92 0.46015625 0.58125 0.0609375 0.1640625
