61 0.82421875 0.13046875 0.115625 0.1125
61 0.7140625 0.16328125 0.0515625 0.1890625
61 0.646875 0.178125 0.053125 0.21875
61 0.871875 0.24921875 0.046875 0.225
61 0.978125 0.2625 0.04375 0.215625
61 0.40078125 0.4796875 0.1046875 0.2015625
61 0.2734375 0.48125 0.0828125 0.1796875
61 0.50234375 0.50078125 0.084375 0.21875
61 0.6234375 0.50703125 0.06875 0.159375
61 0.5765625 0.528125 0.1046875 0.2390625
61 0.65234375 0.55390625 0.06875 0.178125
61 0.803125 0.56015625 0.0734375 0.190625
61 0.70625 0.565625 0.0625 0.2078125
61 0.7421875 0.58125 0.0703125 0.2375
61 0.8671875 0.646875 0.0984375 0.275
61 0.92109375 0.75078125 0.08125 0.3328125
61 0.053125 0.878125 0.090625 0.24375
61 0.353125 0.90234375 0.0953125 0.1953125
61 0.4515625 0.909375 0.1125 0.18125
