46 0.616013578125 0.49208749999999996 0.643645140625 0.55115371875 0.6707870781249999 0.572822703125 0.746939078125 0.555241640625 0.755568453125 0.54762515625 0.768861671875 0.48059810937499997 0.768935625 0.427034703125 0.755428109375 0.35610871875 0.71071296875 0.162426140625 0.7043844531250001 0.147432875 0.68186453125 0.12734625 0.6596827656250001 0.159240453125 0.643443265625 0.16298964062500002 0.633244296875 0.186167828125 0.6003404999999999 0.323167828125 0.596624875 0.4013703125 0.616013578125 0.49208749999999996
46 1 0.46175334375 0.8872549218750001 0.4602793125 0.782173171875 0.46898928125 0.698467859375 0.4929791875 0.6641383125 0.511789828125 0.617074828125 0.559197953125 0.62050721875 0.59339315625 0.637038421875 0.61989925 0.6881424218750001 0.64153359375 0.76531296875 0.647215703125 0.91556559375 0.612527140625 0.966526609375 0.597478625 1 0.5852327500000001 1 0.46175334375
46 0.387824296875 0.776475640625 0.4612055625 0.8108494531250001 0.5419155156250001 0.8318687499999999 0.602490765625 0.8365439218749999 0.699878984375 0.8202801093750001 0.75646178125 0.794776890625 0.7928123125 0.765392125 0.797469296875 0.746587765625 0.78775940625 0.7045296249999999 0.787651671875 0.704383296875 0.740613671875 0.68103275 0.695060609375 0.6705569062500001 0.6291776875 0.668662125 0.438929671875 0.7079193125 0.39861076562500003 0.72655771875 0.373557296875 0.75333434375 0.387824296875 0.776475640625
46 0.48750825000000003 1 0.532838 0.989534796875 0.514812890625 0.911459421875 0.507587484375 0.894686140625 0.4815675 0.8560714062500001 0.43350737500000003 0.806183671875 0.387470953125 0.7751648906249999 0.332232140625 0.75816984375 0.317948734375 0.7703918125 0.30946596875 0.797635953125 0.311520359375 0.8536827656250001 0.32521303125 0.91299225 0.354320921875 0.9717176249999999 0.37600609375 1 0.404599640625 1 0.40856320312500005 0.9978671562500001 0.40800775 1 0.48750825000000003 1
46 0.22408129687499997 0.13837943749999998 0.21886170312500003 0.115770921875 0.209603078125 0.102590953125 0.13668425 0.076662921875 0.094408046875 0.080486234375 0.0549394375 0.08959828125 0.09143021875 0.241533734375 0.104492109375 0.23851815625 0.17300790625 0.2082275 0.20935840625000002 0.17884271875 0.222554796875 0.15869103125 0.22408129687499997 0.13837943749999998
46 0.007918390625 0.354710125 0.01563596875 0.381696 0.04799265625 0.41232353125000004 0.086874671875 0.41967446875 0.151037421875 0.42020434375000004 0.373504203125 0.36884384375 0.37340510937500004 0.368414640625 0.31006484375 0.336269328125 0.304465796875 0.286246765625 0.2554068125 0.273470328125 0.19483157812500002 0.268795140625 0.11122382812500001 0.28032248437499996 0.025278328125 0.32037965625 0.007918390625 0.354710125
46 0.4030321875 0.144330125 0.388009984375 0.150130765625 0.39231921875000003 0.16235346875 0.40294375000000004 0.16961515625 0.422673078125 0.16506029687499998 0.4204085 0.155251359375 0.4030321875 0.144330125
46 0.418456609375 0.14679678125 0.414925953125 0.131503796875 0.367588984375 0.106657046875 0.35468534375 0.089421 0.33615721875000004 0.092921046875 0.3024358125 0.146578953125 0.314998625 0.162338671875 0.350064046875 0.16578740625 0.4105760625 0.15181710937499998 0.418456609375 0.14679678125
46 0.45061425 0.21662726562499998 0.41092290625 0.1945694375 0.36416051562499996 0.21428975 0.369788921875 0.23530129687499998 0.43085904687500004 0.30449640625 0.457912421875 0.34935667187499997 0.47507798437500004 0.3453936875 0.47510928124999996 0.322726890625 0.45061425 0.21662726562499998
46 0.461783796875 0.315505625 0.46960821875000003 0.298899203125 0.46617817187500005 0.284041984375 0.41822765625 0.275023640625 0.38005134375 0.290057375 0.330163609375 0.338117515625 0.32862915625 0.37656940625 0.34967665625 0.390380859375 0.365860953125 0.386644421875 0.40410495312499994 0.3684745 0.461783796875 0.315505625
46 0.117899546875 0.615866890625 0.13403171875 0.6165624375000001 0.156865484375 0.61129084375 0.154041640625 0.599059453125 0.13267846875 0.596127375 0.117899546875 0.615866890625
46 0.185874765625 0.683279796875 0.195327671875 0.68259115625 0.23533790625 0.6733540625 0.23492371875 0.671560046875 0.190159953125 0.676070453125 0.21577346875 0.645277015625 0.20593734375 0.641327828125 0.112128609375 0.62799765625 0.108865921875 0.639635953125 0.129682296875 0.658932703125 0.185874765625 0.683279796875
