46 0.444569421875 0.37213696875 0.452033234375 0.39655001562500003 0.45516182812499995 0.405417203125 0.48769023437500003 0.43745839062499997 0.555481296875 0.44604365625 0.6089193749999999 0.442381046875 0.79962625 0.392056125 0.8436849687500001 0.37858603125 0.88333725 0.358483078125 0.8937649375 0.34500646874999996 0.88808671875 0.326433890625 0.868440203125 0.3147139375 0.863567328125 0.29877549999999997 0.8397341718750001 0.290218234375 0.700772640625 0.26695121875 0.622501453125 0.26869975 0.53335775 0.294369359375 0.47636287499999996 0.32605384375 0.444569421875 0.37213696875
46 1 0.426747546875 0.8835408125 0.43336253124999996 0.7793226093750001 0.44938142187499996 0.69749465625 0.479151875 0.66456090625 0.50031140625 0.620919078125 0.5508870156250001 0.6267284375 0.5847595 0.64506834375 0.6100478593750001 0.6975570156249999 0.628064671875 0.7749359218749999 0.628349796875 0.922402796875 0.583264640625 0.9721899374999999 0.564697921875 1 0.55226109375 1 0.426747546875
46 0.407383515625 0.7836271406249999 0.48298382812499996 0.812798390625 0.56496340625 0.82813646875 0.62571721875 0.828574734375 0.721733703125 0.8055570781249999 0.77639965625 0.776168953125 0.810611859375 0.7443200937500001 0.813945765625 0.7252366718750001 0.801325703125 0.683958328125 0.8012080156250001 0.683819859375 0.75265575 0.66380740625 0.70648290625 0.656534703125 0.6406282812499999 0.659240296875 0.45358215625 0.711672875 0.41466160937499996 0.733078390625 0.391537015625 0.7615374375 0.407383515625 0.7836271406249999
46 0.401611546875 1 0.44324015625 0.97850940625 0.479945765625 0.9498591718749999 0.5263594687500001 0.8984361249999999 0.554091359375 0.8503480937499999 0.562883875 0.812568375 0.553061140625 0.78043965625 0.526233671875 0.774100625 0.47046670312499994 0.780059625 0.41225684375 0.797856171875 0.35570498437500003 0.830989625 0.318720890625 0.863685953125 0.33340290625 0.8869238906250001 0.299646609375 0.88060821875 0.33484474999999997 1 0.401611546875 1
46 0.14226684375 0.24566403124999997 0.171705828125 0.2409130625 0.220190078125 0.2260899375 0.174507 0.0766673125 0.171173734375 0.07768640624999999 0.0968541875 0.11695375 0.062642 0.14880262500000002 0.05088346875000001 0.16982575 0.0507060625 0.203944203125 0.067716984375 0.224885734375 0.14226684375 0.24566403124999997
46 0.17102581249999999 0.5313619843749999 0.198825 0.5430616406250001 0.237312640625 0.53129478125 0.26116125 0.5022893125000001 0.26578201562500003 0.462989234375 0.261381515625 0.391590828125 0.235481125 0.2761046875 0.21940221875 0.22351296875 0.20930445312499998 0.19534304687499998 0.19642828125 0.17654725 0.167011078125 0.246160796875 0.11750093749999999 0.25523559375 0.1081778125 0.3050663125 0.10773953124999999 0.365820125 0.12507096874999998 0.44842009374999997 0.17102581249999999 0.5313619843749999
46 0.37496140625 0.149662890625 0.36226640625 0.152751953125 0.365974796875 0.1698385625 0.3798669375 0.177271828125 0.39949721875 0.171270234375 0.396801078125 0.16245154687500002 0.37496140625 0.149662890625
46 0.36307346875 0.105575765625 0.31335021875 0.07897315625 0.298505234375 0.0926046875 0.29656321874999997 0.16139571875 0.32151190625 0.19511275 0.33599551562499996 0.19068465625 0.357719734375 0.141182796875 0.370566875 0.1300855625 0.36307346875 0.105575765625
46 0.43626123437500003 0.28656990625 0.48881457812500007 0.24964514062499998 0.4864836875 0.24202115625 0.47640967187500005 0.23943890625000003 0.42297160937499995 0.2431015 0.350902234375 0.265135328125 0.328480828125 0.31308178125 0.330028734375 0.31814475 0.34658903125 0.35083523437499997 0.38431815625 0.33930028125 0.43626123437500003 0.28656990625
46 0.44900721875 0.318620859375 0.455654171875 0.30150909375 0.451196078125 0.28692734375 0.40273328125 0.28127582812499996 0.365698671875 0.29893596875 0.31928496875 0.35035903125 0.32043651562500003 0.3888243125 0.3423961875 0.40113392187499997 0.35828042187500003 0.396277625 0.39516378125 0.3754841875 0.44900721875 0.318620859375
46 0.12691278125 0.642238625 0.1430541875 0.64180715625 0.16546459375 0.6349556093750001 0.16179442187499998 0.622950984375 0.14027875 0.6215162656250001 0.12691278125 0.642238625
46 0.156091640625 0.6909604218750001 0.23179673437499998 0.6963705 0.24807518750000002 0.6913936875 0.24421592187500002 0.6787706250000001 0.23093289062500003 0.6680791562499999 0.173178921875 0.64771115625 0.119462390625 0.655419859375 0.116133515625 0.664359484375 0.169407078125 0.65520184375 0.146004 0.687706984375 0.156091640625 0.6909604218750001
