46 0.700772640625 0.26695121875 0.622501453125 0.26869975 0.53335775 0.294369359375 0.476362875 0.32605384375 0.444569421875 0.37213696875 0.452033234375 0.396550015625 0.455161828125 0.405417203125 0.487690234375 0.437458390625 0.555481296875 0.44604365625 0.608919375 0.442381046875 0.79962625 0.392056125 0.84368496875 0.37858603125 0.88333725 0.358483078125 0.8937649375 0.34500646875 0.88808671875 0.326433890625 0.868440203125 0.3147139375 0.863567328125 0.2987755 0.839734171875 0.290218234375 0.700772640625 0.26695121875
46 1 0.426747546875 0.8835408125 0.43336253125 0.779322609375 0.449381421875 0.69749465625 0.479151875 0.66456090625 0.50031140625 0.620919078125 0.550887015625 0.6267284375 0.5847595 0.64506834375 0.610047859375 0.697557015625 0.628064671875 0.774935921875 0.628349796875 0.922402796875 0.583264640625 0.9721899375 0.564697921875 1 0.55226109375 1 0.426747546875
46 0.64062828125 0.659240296875 0.45358215625 0.711672875 0.414661609375 0.733078390625 0.391537015625 0.7615374375 0.407383515625 0.783627140625 0.482983828125 0.812798390625 0.56496340625 0.82813646875 0.62571721875 0.828574734375 0.721733703125 0.805557078125 0.77639965625 0.776168953125 0.810611859375 0.74432009375 0.813945765625 0.725236671875 0.801325703125 0.683958328125 0.801208015625 0.683819859375 0.75265575 0.66380740625 0.70648290625 0.656534703125 0.64062828125 0.659240296875
46 0.401611546875 1 0.44324015625 0.97850940625 0.479945765625 0.949859171875 0.52635946875 0.898436125 0.554091359375 0.85034809375 0.562883875 0.812568375 0.553061140625 0.78043965625 0.526233671875 0.774100625 0.470466703125 0.780059625 0.41225684375 0.797856171875 0.355704984375 0.830989625 0.318720890625 0.863685953125 0.33340290625 0.886923890625 0.299646609375 0.88060821875 0.33484475 1 0.401611546875 1
46 0.062642 0.148802625 0.05088346875 0.16982575 0.0507060625 0.203944203125 0.067716984375 0.224885734375 0.14226684375 0.24566403125 0.171705828125 0.2409130625 0.220190078125 0.2260899375 0.174507 0.0766673125 0.171173734375 0.07768640625 0.0968541875 0.11695375 0.062642 0.148802625
46 0.1175009375 0.25523559375 0.1081778125 0.3050663125 0.10773953125 0.365820125 0.12507096875 0.44842009375 0.1710258125 0.531361984375 0.198825 0.543061640625 0.237312640625 0.53129478125 0.26116125 0.5022893125 0.265782015625 0.462989234375 0.261381515625 0.391590828125 0.235481125 0.2761046875 0.21940221875 0.22351296875 0.209304453125 0.195343046875 0.19642828125 0.17654725 0.167011078125 0.246160796875 0.1175009375 0.25523559375
46 0.365974796875 0.1698385625 0.3798669375 0.177271828125 0.39949721875 0.171270234375 0.396801078125 0.162451546875 0.37496140625 0.149662890625 0.36226640625 0.152751953125 0.365974796875 0.1698385625
46 0.32151190625 0.19511275 0.335995515625 0.19068465625 0.357719734375 0.141182796875 0.370566875 0.1300855625 0.36307346875 0.105575765625 0.31335021875 0.07897315625 0.298505234375 0.0926046875 0.29656321875 0.16139571875 0.32151190625 0.19511275
46 0.328480828125 0.31308178125 0.330028734375 0.31814475 0.34658903125 0.350835234375 0.38431815625 0.33930028125 0.436261234375 0.28656990625 0.488814578125 0.249645140625 0.4864836875 0.24202115625 0.476409671875 0.23943890625 0.422971609375 0.2431015 0.350902234375 0.265135328125 0.328480828125 0.31308178125
46 0.320436515625 0.3888243125 0.3423961875 0.401133921875 0.358280421875 0.396277625 0.39516378125 0.3754841875 0.44900721875 0.318620859375 0.455654171875 0.30150909375 0.451196078125 0.28692734375 0.40273328125 0.281275828125 0.365698671875 0.29893596875 0.31928496875 0.35035903125 0.320436515625 0.3888243125
46 0.1430541875 0.64180715625 0.16546459375 0.634955609375 0.161794421875 0.622950984375 0.14027875 0.621516265625 0.12691278125 0.642238625 0.1430541875 0.64180715625
46 0.119462390625 0.655419859375 0.116133515625 0.664359484375 0.169407078125 0.65520184375 0.146004 0.687706984375 0.156091640625 0.690960421875 0.231796734375 0.6963705 0.2480751875 0.6913936875 0.244215921875 0.678770625 0.230932890625 0.66807915625 0.173178921875 0.64771115625 0.119462390625 0.655419859375
