46 0.611833296875 0.468139828125 0.651141609375 0.5201703906249999 0.68219565625 0.535722734375 0.753028234375 0.5026929531250001 0.7598855 0.493448765625 0.758952515625 0.42512260937499996 0.747888390625 0.3727143125 0.71992971875 0.30614659375 0.635922828125 0.12599325 0.626615328125 0.11264339062499999 0.60041128125 0.097677859375 0.5853454218749999 0.133486953125 0.57024028125 0.14053059375000002 0.56508321875 0.16532276562499998 0.56138234375 0.3061700625 0.574007125 0.38343615625 0.611833296875 0.468139828125
46 0.7582146875 0.237672546875 0.7471202031249999 0.274827953125 0.749090703125 0.320282953125 0.77645453125 0.45783825 0.806821875 0.5588128125 0.847690859375 0.635701171875 0.8732279843749999 0.665369578125 0.924660375 0.6985040625 0.9823001093749999 0.671626203125 0.9846093125 0.6694000625000001 0.995145796875 0.61491478125 0.9852134843749999 0.542302375 0.9099105937499999 0.38081481250000004 0.894174203125 0.3517735 0.828993078125 0.24784370312499998 0.798965875 0.22826454687500003 0.790726703125 0.23210653125 0.7955525156250001 0.24424810937500002 0.790914203125 0.25760467187499997 0.774584078125 0.26202134374999997 0.7582146875 0.237672546875
46 0.447758125 0.793756625 0.5266825468749999 0.812122453125 0.6099989531250001 0.81590190625 0.6702225 0.807880609375 0.7621011249999999 0.771724046875 0.812145046875 0.7350139062500001 0.84159178125 0.6987135624999999 0.8422373593750001 0.679351890625 0.82399528125 0.640231625 0.8238594687499999 0.640110890625 0.772994515625 0.62705034375 0.7262588437499999 0.626274453125 0.661421671875 0.63811890625 0.4834930625 0.716073 0.44793035937500003 0.742686890625 0.428991546875 0.774087296875 0.447758125 0.793756625
46 0.499931640625 1 0.555431484375 0.9741199999999999 0.599427375 0.939292 0.6315010937500001 0.901766671875 0.613727859375 0.880798234375 0.6437230625 0.882158890625 0.583261109375 0.752497828125 0.547511171875 0.7662303125000001 0.492213296875 0.8053904218750001 0.45985224999999996 0.838870265625 0.4210469375 0.8962523906250001 0.40027749999999995 0.94773196875 0.3956115 1 0.499931640625 1
46 0 0.22337928125 0.03057903125 0.26570009375 0.06687937499999999 0.295146828125 0.089334375 0.30386507812499997 0.114541765625 0.30045596875 0.12782004687499998 0.294264203125 0.141515734375 0.2795325 0.1517165 0.202816375 0.146178546875 0.18489024999999998 0.119154640625 0.12693728124999998 0 0.18378414062499998 0 0.22337928125
46 0 0.48192725000000003 0.001623703125 0.484986171875 0.039641125 0.508217078125 0.07920184375 0.5073233593750001 0.142072640625 0.49450146874999995 0.348999546875 0.39800987499999996 0.348813390625 0.39761065625 0.280173859375 0.37933698437499996 0.264296890625 0.331571640625 0.21365359375 0.329274328125 0.153430046875 0.337295609375 0.074046 0.365954078125 0 0.42172968749999995 0 0.48192725000000003
46 0.331203234375 0.172263109375 0.317715328125 0.18106028125 0.324471640625 0.19211995312500002 0.336373796875 0.197013984375 0.35472496875 0.188456703125 0.3504705 0.17933293749999998 0.331203234375 0.172263109375
46 0.32282496875 0.12004692187499999 0.25894510937500004 0.1271929375 0.22495040624999998 0.16059867187500002 0.23042604687499998 0.16891192187499998 0.28747265624999996 0.184941171875 0.30062246875 0.196444828125 0.32325707812500004 0.185890140625 0.336586546875 0.149558734375 0.32282496875 0.12004692187499999
46 0.392776953125 0.233087515625 0.34936687499999997 0.21976398437500003 0.307726421875 0.24877582812500001 0.317600390625 0.26815801562499997 0.391722453125 0.32314384375 0.427511625 0.361399078125 0.443478140625 0.35395378125 0.438796046875 0.3317758125 0.392776953125 0.233087515625
46 0.42426037499999997 0.327482859375 0.42846114062499996 0.30961253125 0.4220170625 0.295793140625 0.37323935937499997 0.29694134375000003 0.339022984375 0.31958384375 0.300217671875 0.376966 0.306711359375 0.41489667187499996 0.330170484375 0.42403028125000003 0.345224265625 0.41701059375 0.378854796875 0.39128634375 0.42426037499999997 0.327482859375
46 0.17483585937499999 0.703347375 0.18299546875 0.699542484375 0.18073076562499998 0.668591546875 0.159506578125 0.6587746875 0.15851715625 0.6592360625 0.162582828125 0.68345046875 0.17483585937499999 0.703347375
46 0.186015078125 0.7369647968749999 0.261736359375 0.731786125 0.27716375000000004 0.7245922031250001 0.271585265625 0.712629109375 0.25694353125 0.703890328125 0.1969169375 0.69175834375 0.144796015625 0.706867921875 0.142743703125 0.71618384375 0.194224296875 0.699701078125 0.175572828125 0.735146953125 0.186015078125 0.7369647968749999
