42 0.69140625 0.15390625 0.2171875 0.275
42 0.0390625 0.86796875 0.078125 0.2359375
42 0.04140625 0.37421875 0.0828125 0.2140625
42 0.053125 0.96328125 0.10625 0.071875
42 0.10625 0.65703125 0.2125 0.3796875
42 0.121875 0.134375 0.24375 0.26875
42 0.146875 0.315625 0.23125 0.3
42 0.28828125 0.76328125 0.40625 0.471875
42 0.365625 0.27734375 0.421875 0.5046875
42 0.26640625 0.096875 0.1421875 0.19375
42 0.37265625 0.5875 0.24375 0.2109375
42 0.42890625 0.06484375 0.2484375 0.1296875
42 0.50546875 0.8515625 0.190625 0.296875
42 0.553125 0.16171875 0.1359375 0.2953125
42 0.60625 0.4421875 0.228125 0.3609375
42 0.66328125 0.696875 0.3328125 0.58125
42 0.775 0.7734375 0.2515625 0.4515625
42 0.79453125 0.284375 0.2046875 0.2921875
42 0.8734375 0.45859375 0.253125 0.46875
42 0.88125 0.1765625 0.2375 0.353125
42 0.94375 0.82109375 0.1125 0.315625
