25 0.509375 0.8578125 0.5125 0.284375
25 0.1140625 0.85234375 0.228125 0.2953125
25 0.22421875 0.49609375 0.303125 0.21875
25 0.2734375 0.2015625 0.2375 0.2125
25 0.5515625 0.08671875 0.2265625 0.1734375
25 0.615625 0.271875 0.2875 0.209375
25 0.0921875 0.2265625 0.1796875 0.2328125
25 0.56640625 0.5875 0.309375 0.25
25 0.84765625 0.5390625 0.303125 0.309375
25 0.840625 0.29609375 0.221875 0.178125
25 0.25625 0.66640625 0.31875 0.1875
25 0.13046875 0.3828125 0.2515625 0.1171875
25 0.89375 0.79765625 0.2125 0.2546875
25 0.765625 0.11484375 0.23125 0.2125
25 0.3359375 0.0765625 0.215625 0.15
25 0.6 0.428125 0.2625 0.0796875
25 0.6859375 0.7390625 0.2328125 0.1515625
