38 0.503660125 0.4281509375 0.470181890625 0.404120125 0.47813371875 0.387309953125 0.461089890625 0.38599365625 0.44553028125 0.370048359375 0.417386828125 0.37424140625 0.423589078125 0.3438928125 0.406412546875 0.328492796875 0.41729346875 0.321291140625 0.4301426875 0.329320234375 0.425862078125 0.348424421875 0.440546890625 0.357600515625 0.451209109375 0.3487065625 0.481539546875 0.361436546875 0.448936109375 0.344174953125 0.44858471875 0.3283989375 0.4346886875 0.33838346875 0.43844590625 0.328286078125 0.4290491875 0.32085871875 0.4389693125 0.31927928125 0.4297913125 0.31354421875 0.38696303125 0.308561171875 0.364326390625 0.31619525 0.33862796875 0.300137078125 0.336831703125 0.260123546875 0.346619125 0.244460390625 0.336128921875 0.228571515625 0.350548359375 0.2095801875 0.350415671875 0.195496484375 0.281888984375 0.174455265625 0.205324453125 0.182615625 0.1870544375 0.158754109375 0.166558109375 0.15683609375 0.13072821875 0.206006734375 0.108091578125 0.2136408125 0.075190796875 0.27241996875 0.084368796875 0.278155015625 0.081048984375 0.291637015625 0.114964625 0.319052421875 0.12497075 0.305081578125 0.138999453125 0.309180765625 0.149661671875 0.3002868125 0.155519875 0.319503859375 0.19083371875 0.3446816875 0.2148685625 0.334810015625 0.2140404375 0.354515921875 0.1926693125 0.3458286875 0.186857796875 0.353086765625 0.1695559375 0.388944703125 0.164447203125 0.427754796875 0.179077484375 0.44686265625 0.18712259375 0.451889796875 0.204830453125 0.452989046875 0.2179908125 0.47117840625 0.2381074375 0.48374865625 0.249408296875 0.471510515625 0.241494171875 0.485864921875 0.253105515625 0.4931205 0.256227296875 0.485105375 0.269599921875 0.48412765625 0.270912125 0.494281453125 0.299055578125 0.490088421875 0.290580328125 0.51590540625 0.3035155625 0.511543078125 0.30710075 0.5262285 0.33340859375 0.520888453125 0.377463046875 0.54841671875 0.45298075 0.558269953125 0.482701765625 0.59239815625 0.538967953125 0.585066359375 0.540281109375 0.582964875 0.531208859375 0.57603940625 0.537325078125 0.558082234375 0.514071671875 0.521772875 0.515118484375 0.503759265625 0.48635828125 0.464008859375 0.503660125 0.4281509375
38 0.10869165625 0.518361828125 0.0938369375 0.53715525 0.0938935 0.54103109375 0.14566596875 0.573382125 0.171175 0.57271975 0.194322234375 0.5469023125 0.2124941875 0.517821125 0.213181984375 0.493046765625 0.19424709375 0.473557921875 0.161378765625 0.491304515625 0.13234646875 0.46805846875 0.100738015625 0.473830640625 0.10869165625 0.518361828125
38 0.212129921875 0.623851 0.2242391875 0.649284046875 0.2160408125 0.677341484375 0.18454521875 0.672974859375 0.178753734375 0.68722228125 0.185842515625 0.708242015625 0.18780396875 0.71026084375 0.249983890625 0.749115171875 0.263613015625 0.75556225 0.2740859375 0.7435955625 0.338071671875 0.641197 0.334295296875 0.629999203125 0.304868 0.642239 0.270100640625 0.628170953125 0.255697359375 0.606409109375 0.24276065625 0.6047061875 0.212129921875 0.623851
38 0.418498328125 0.761935296875 0.34147984375 0.7482653125 0.32280809375 0.755740390625 0.333225046875 0.781392140625 0.36001975 0.80324 0.371770375 0.8252158125 0.42072128125 0.855803734375 0.42812528125 0.85855875 0.45743971875 0.856457765625 0.4618585 0.864323578125 0.52274121875 0.787948296875 0.533041609375 0.77146421875 0.513173421875 0.707515984375 0.49532909375 0.691260953125 0.45755315625 0.694455421875 0.42004034375 0.72461384375 0.40747965625 0.73973603125 0.418498328125 0.761935296875
38 0.64972946875 0.807972890625 0.653298328125 0.816887375 0.66337021875 0.823181 0.72013109375 0.79129459375 0.709242828125 0.7331545625 0.661431171875 0.7157236875 0.6228441875 0.730502984375 0.5981139375 0.77416428125 0.64972946875 0.807972890625
38 0.51814209375 0.6955830625 0.568039921875 0.709961328125 0.61046034375 0.69435503125 0.616797125 0.681724515625 0.61515971875 0.66408309375 0.608496171875 0.65991925 0.580995625 0.65935325 0.5317685625 0.628592765625 0.49617378125 0.638254859375 0.49577878125 0.67374071875 0.503739390625 0.686583265625 0.51814209375 0.6955830625
38 0.466806046875 0.240948140625 0.4728606875 0.25366465625 0.45740425 0.2759105625 0.494898046875 0.298063125 0.458475828125 0.33145534375 0.46654234375 0.365847734375 0.47549271875 0.371440546875 0.513212234375 0.373315453125 0.5303045625 0.35592025 0.5607095625 0.3570530625 0.561424140625 0.34346175 0.546795125 0.341977546875 0.5395935 0.331096625 0.559844703125 0.33354165625 0.585022515625 0.2982278125 0.607790640625 0.298013296875 0.620090578125 0.278329265625 0.579814328125 0.20947015625 0.542922234375 0.18386509375 0.5310196875 0.19046540625 0.531828125 0.219046234375 0.49585734375 0.2118831875 0.466806046875 0.240948140625
38 0.487259171875 0.48021084375 0.493257375 0.497996796875 0.51339571875 0.510580625 0.534850375 0.506120625 0.5398144375 0.515603359375 0.52780778125 0.554225546875 0.546264890625 0.56575884375 0.5527885625 0.564547828125 0.56758684375 0.550823828125 0.60760040625 0.549027546875 0.624354125 0.56204878125 0.628776921875 0.559284453125 0.633513796875 0.551703875 0.62159025 0.50672271875 0.596055421875 0.472900421875 0.543274453125 0.457785578125 0.522045546875 0.44196790625 0.494366984375 0.448919609375 0.487259171875 0.48021084375
38 0.61842640625 0.610631578125 0.60741278125 0.6037495 0.59513365625 0.61318875 0.598081390625 0.653411375 0.630859828125 0.673893609375 0.64502271875 0.65122825 0.6418985 0.64863325 0.65920034375 0.612775296875 0.653037453125 0.604257359375 0.63739184375 0.600703484375 0.61842640625 0.610631578125
38 0.70308178125 0.75587221875 0.774320171875 0.734425125 0.76881084375 0.7233255 0.740210984375 0.71183515625 0.684740984375 0.735877375 0.68240209375 0.742950109375 0.70308178125 0.75587221875
38 0.834284125 0.87908790625 0.831650890625 0.8676130625 0.813261296875 0.849741125 0.780954109375 0.87823090625 0.813183546875 0.89837009375 0.8283696875 0.888552984375 0.834284125 0.87908790625
38 0.658101890625 0.948448375 0.6586475625 0.94920259375 0.68093796875 0.9631311875 0.70158625 0.95850834375 0.744328484375 0.975882796875 0.758324796875 0.971162625 0.7853713125 0.92787915625 0.7845716875 0.9216916875 0.787416171875 0.924606671875 0.8049005625 0.8966258125 0.78469703125 0.870433734375 0.743923078125 0.868290015625 0.7350104375 0.890722375 0.723036015625 0.8894625 0.675841140625 0.9159750625 0.658101890625 0.948448375
