17 0.2140625 0.46796875 0.2765625 0.3140625
17 0.5375 0.55546875 0.24921875 0.3109375
17 0.453125 0.2515625 0.0171875 0.025
17 0.47265625 0.1640625 0.0171875 0.03125
17 0.490625 0.1640625 0.015625 0.03125
17 0.528125 0.078125 0.015625 0.02109375
17 0.52890625 0.08203125 0.00859375 0.0234375
17 0.5390625 0.05625 0.015625 0.021875
17 0.5484375 0.1 0.0140625 0.0171875
17 0.5609375 0.11640625 0.0109375 0.0171875
17 0.93046875 0.49609375 0.13671875 0.24453125
17 0.9421875 0.17890625 0.01484375 0.02734375
17 0.9625 0.009375 0.01875 0.01796875
17 0.97734375 0.02109375 0.04375 0.04140625
17 0.965625 0.02890625 0.0171875 0.0234375
17 0.98671875 0.03203125 0.00859375 0.0140625
17 0.99140625 0.0109375 0.0140625 0.021875
