106 0.525 0.5296875 0.159375 0.15
106 0.31796875 0.61171875 0.1609375 0.178125
106 0.85078125 0.625 0.175 0.2078125
106 0.571875 0.63984375 0.85625 0.6171875
106 0.49921875 0.68203125 0.1828125 0.2296875
106 0.69453125 0.68671875 0.18125 0.184375
106 0.93828125 0.73046875 0.1234375 0.2359375
106 0.21015625 0.7359375 0.15 0.159375
106 0.81484375 0.85546875 0.175 0.19375
106 0.3765625 0.86953125 0.1765625 0.2
106 0.5984375 0.87265625 0.1828125 0.2390625
106 0.7515625 0.48203125 0.1484375 0.1734375
