0 0.60172615625 1 0.8702225468749999 0.88603003125 0.872498640625 0.872160625 0.86732934375 0.82356971875 0.857290546875 0.781875875 0.722154609375 0.46351556250000003 0.6896644843749999 0.41542112500000006 0.6385693906250001 0.37307625 0.593747203125 0.368917625 0.354548875 0.466035203125 0.34139859375000003 0.4870735 0.325449078125 0.545732828125 0.3355586875 0.63197159375 0.366652921875 0.74683975 0.41404728124999995 0.8558929375 0.502756796875 1 0.60172615625 1
0 0.738148375 0.568655828125 0.9781555000000001 0.46677884374999995 0.9663265937500001 0.4389116875 0.924047859375 0.386450859375 0.8607969375 0.23223920312500002 0.7729741406249999 0.26530868750000003 0.745816453125 0.2768364375 0.759726609375 0.363463 0.7525934375000001 0.41948403125 0.730061625 0.45223275 0.670191390625 0.47764615624999995 0.658683109375 0.48694721875 0.6607830156250001 0.497096109375 0.70141975 0.553816515625 0.738148375 0.568655828125
0 0.6239739531249999 0.298539859375 0.660392515625 0.330071125 0.804920125 0.268722796875 0.81073215625 0.23913812499999998 0.79682703125 0.1699668125 0.763754546875 0.08685107812500001 0.7273980625 0.027209796874999997 0.54299553125 0.09996390625 0.552253234375 0.14323128125 0.5973223125 0.249407390625 0.6239739531249999 0.298539859375
0 0.23737145312500002 0.116669109375 0.240952375 0.161518125 0.25522421875 0.20326835937499999 0.31000060937499996 0.332313421875 0.341636546875 0.37270593750000003 0.36376184375 0.388085859375 0.50526934375 0.328019484375 0.5086085312499999 0.323911015625 0.5111519999999999 0.283086484375 0.49219925 0.2072255625 0.441601375 0.09842815625 0.3926866875 0.043013515625 0.3643935625 0.043983 0.24465309375 0.0948098125 0.23737145312500002 0.116669109375
0 0.426900234375 0.323886375 0.34032520312500003 0.354011140625 0.27752290625 0.35679459375 0.27069868750000003 0.359691296875 0.320284625 0.4765084375 0.32867032812499997 0.482609125 0.38971778125 0.4789145 0.565875796875 0.404139859375 0.61092940625 0.36144193750000003 0.559063765625 0.23925415625 0.52583134375 0.27085235937499996 0.426900234375 0.323886375
0 0.6112274375 0.36791484375 0.5888135 0.3919193125 0.5243535625 0.432529234375 0.43080632812499997 0.4722376875 0.33116714062499997 0.48679339062500004 0.32564525 0.48913729687499996 0.34094946875 0.52519178125 0.36383018749999996 0.57477503125 0.406945140625 0.556473828125 0.48161878125 0.5191186250000001 0.5811379062500001 0.48253337500000004 0.6499340625000001 0.45333115625 0.613303015625 0.3670338125 0.6112274375 0.36791484375
0 0 0.277337921875 0.046397671875000004 0.38169079687499996 0.099821578125 0.445127625 0.106616953125 0.44631425 0.252090296875 0.38456446875 0.25186421875 0.355309234375 0.161172703125 0.141653390625 0.055628875 0.18236000000000002 0.029233515625 0.174795734375 0.016116375 0.16221621875 0 0.16905721875 0 0.277337921875
0 0.299052015625 0.4664766875 0.248500328125 0.34738437499999997 0.129781640625 0.40598273437500004 0.059533546874999996 0.42255298437500005 0.007227578125 0.42157103124999995 0.051929984375 0.537286984375 0.06284621875 0.544797609375 0.11567017187499999 0.544317671875 0.299052015625 0.4664766875
0 0.35003979687500003 0.58659640625 0.304694375 0.47976928125 0.143645984375 0.54707096875 0.09397831250000001 0.55490534375 0.063558953125 0.55151596875 0.115606578125 0.6741325 0.16359720312499998 0.67674328125 0.315761109375 0.6121535312499999 0.3257215625 0.606683546875 0.35003979687500003 0.58659640625
0 0.164436046875 0.829156640625 0.28743434375 0.7769469531250001 0.29785140625 0.73105525 0.281254328125 0.668546734375 0.193885125 0.6968005625 0.12753989062499999 0.665345109375 0.1624565 0.75540625 0.16322353125 0.82630015625 0.164436046875 0.829156640625
