0 0.46866703125 0.393391828125 0.467389578125 0.415020796875 0.47439184375 0.43535684375 0.5729315 0.483417859375 0.58173075 0.48284190625 0.60515096875 0.462625125 0.6806279375 0.30787440625 0.684511296875 0.285417390625 0.674262046875 0.26651096875 0.5783906875 0.219751390625 0.54026765625 0.24658878125 0.490018140625 0.328704828125 0.46866703125 0.393391828125
0 0.32479365625 0.32124984375 0.2779605625 0.409668015625 0.278070828125 0.4208478125 0.30550103125 0.457289734375 0.446651609375 0.52613346875 0.489049859375 0.522451109375 0.530677921875 0.4371009375 0.454698359375 0.37997275 0.4426041875 0.362948015625 0.440885671875 0.339857796875 0.38999075 0.318743375 0.34147146875 0.311767953125 0.32479365625 0.32124984375
0 0.57389165625 0.443786125 0.539862765625 0.507852765625 0.520009640625 0.573270375 0.525084984375 0.599156796875 0.638291296875 0.6543711875 0.663882796875 0.627353546875 0.698982546875 0.555388390625 0.69305759375 0.54733846875 0.688726796875 0.52390134375 0.71212275 0.43981396875 0.63864771875 0.39656046875 0.619667796875 0.399356515625 0.57389165625 0.443786125
0 0.6653936875 0.62853296875 0.593216734375 0.60352875 0.551497984375 0.681461 0.55582878125 0.704898140625 0.582252875 0.731345875 0.7076125 0.79248784375 0.742383671875 0.801450046875 0.75456221875 0.797866296875 0.81002040625 0.68416015625 0.80978434375 0.68226796875 0.785669484375 0.65567165625 0.733166328125 0.622646828125 0.724945765625 0.620491703125 0.702696421875 0.63189203125 0.6653936875 0.62853296875
0 0.4658168125 0.463393625 0.44983284375 0.467650921875 0.405517953125 0.50908453125 0.368566578125 0.579143140625 0.3522930625 0.629617609375 0.34882371875 0.655740546875 0.35350903125 0.67193325 0.44578996875 0.716941671875 0.486744625 0.658107296875 0.52298596875 0.62942496875 0.51838175 0.6160533125 0.5224714375 0.577252578125 0.54674503125 0.506573640625 0.4658168125 0.463393625
0 0.126483734375 0.501866859375 0.120932796875 0.5436635625 0.13567603125 0.56476184375 0.1765050625 0.58560265625 0.2191981875 0.606425484375 0.22851465625 0.60633359375 0.2496496875 0.595316953125 0.276208859375 0.566763390625 0.323690140625 0.469412328125 0.33732390625 0.41555815625 0.3307645 0.392888375 0.244611703125 0.3490145 0.18833346875 0.424481453125 0.150483875 0.441253390625 0.126483734375 0.501866859375
0 0 0.62120621875 0.095883703125 0.667971828125 0.10639921875 0.671362140625 0.1223371875 0.6683871875 0.175709546875 0.558957625 0.119798734375 0.518424578125 0.094149140625 0.4873710625 0.040988875 0.46329740625 0 0.45706478125 0 0.62120621875
0 0.17781196875 0.74269971875 0.280388515625 0.792729640625 0.317887578125 0.735802625 0.343709875 0.7135123125 0.3585298125 0.6831269375 0.362492046875 0.648151828125 0.38349621875 0.586077125 0.336010921875 0.559092421875 0.29109784375 0.53718684375 0.27825325 0.533819515625 0.251967125 0.551595484375 0.229864796875 0.577902203125 0.192182796875 0.64945878125 0.172329703125 0.714876390625 0.17781196875 0.74269971875
0 0.40866959375 0.855296515625 0.51920071875 0.909206140625 0.52876753125 0.90438090625 0.61633934375 0.7248320625 0.61188053125 0.7009445 0.5130131875 0.652723671875 0.4678045 0.7169005625 0.43306115625 0.7463135 0.427620484375 0.79929 0.40866959375 0.855296515625
0 0.7534341875 1 0.767868578125 0.984444109375 0.806532015625 0.905172296875 0.806327578125 0.884443125 0.82906640625 0.8093069375 0.733888921875 0.757322765625 0.72013359375 0.7608126875 0.6758186875 0.802246296875 0.63521421875 0.879794859375 0.61758971875 0.94444509375 0.621444890625 0.959073953125 0.705355703125 1 0.7534341875 1
