0 0.56263021875 1 0.573404 0.98398353125 0.592514109375 0.945591390625 0.693632046875 0.61484953125 0.699657671875 0.557122796875 0.687735328125 0.49184146875 0.65607265625 0.459844609375 0.410410125 0.380487265625 0.386813265625 0.38815071875 0.33688975 0.42283421875 0.2892009375 0.495395265625 0.239184671875 0.603376359375 0.205392828125 0.717380453125 0.1806634375 0.88516459375 0.18411621875 0.926270515625 0.425274484375 1 0.56263021875 1
0 0.777420890625 0.68816315625 0.75840484375 0.750361828125 0.758251640625 0.75868371875 0.804941140625 0.772958125 0.8368279375 0.775400875 0.860859234375 0.76262321875 0.941440515625 0.49905371875 0.851721 0.497277296875 0.692931109375 0.44660496875 0.652119625 0.56271371875 0.728487609375 0.60837834375 0.76681709375 0.6498523125 0.777420890625 0.68816315625
0 0.730572203125 0.414077609375 0.72210053125 0.46986934375 0.91590865625 0.5291224375 0.973538421875 0.340623984375 0.964578328125 0.284771109375 0.822093328125 0.24333446875 0.7924735 0.267222328125 0.75866296875 0.329148671875 0.730572203125 0.414077609375
0 0.44812628125 0.11113471875 0.4100941875 0.235532078125 0.422158828125 0.25516103125 0.443433640625 0.270299796875 0.669198875 0.33932315625 0.685314734375 0.339866640625 0.71479509375 0.331859359375 0.75749590625 0.192191265625 0.7552631875 0.18059390625 0.7256246875 0.152404 0.655329265625 0.1181601875 0.539461921875 0.08698678125 0.465570078125 0.08883775 0.44812628125 0.11113471875
0 0.569307796875 0.537528453125 0.566455140625 0.491624625 0.58942040625 0.381749390625 0.621992859375 0.296065234375 0.658682015625 0.24818575 0.66150915625 0.2389385625 0.54079675 0.202033078125 0.530972703125 0.204475890625 0.492979328125 0.25575234375 0.438457296875 0.434085875 0.442367703125 0.49871896875 0.569307796875 0.537528453125
0 0.6448543125 0.56062534375 0.67226415625 0.470971765625 0.670107859375 0.470312515625 0.637508015625 0.474293609375 0.56202528125 0.4639685625 0.46483984375 0.434256 0.3791555625 0.381359484375 0.373418921875 0.379605609375 0.361967265625 0.4170623125 0.34762340625 0.469752734375 0.392415171875 0.483446953125 0.47362996875 0.5028305 0.573382578125 0.538774234375 0.6448543125 0.56062534375
0 0.252965265625 0 0.228646984375 0.068010203125 0.21221846875 0.15650465625 0.3276525 0.19604715625 0.343010296875 0.218808328125 0.345345734375 0.2403113125 0.374474640625 0.24921690625 0.397867453125 0.22707828125 0.4124730625 0.19842303125 0.4628235 0.033734171875 0.462763015625 0 0.252965265625 0
0 0.28374740625 0.36852921875 0.31411240625 0.244245265625 0.3465734375 0.17978096875 0.3561899375 0.16874784375 0.36639534375 0.13536746875 0.2635695625 0.1002066875 0.250799296875 0.10374128125 0.210241484375 0.152977828125 0.171807015625 0.26131175 0.157607890625 0.329964484375 0.28374740625 0.36852921875
0 0.12950053125 0.468421609375 0.240923859375 0.502487140625 0.292433859375 0.337311515625 0.31835815625 0.29422803125 0.340671796875 0.272947640625 0.34105971875 0.2716788125 0.21428275 0.232919203125 0.178893984375 0.2707180625 0.174960890625 0.28054115625 0.135385484375 0.409986515625 0.129732078125 0.43847128125 0.12950053125 0.468421609375
0 0.07725471875 0.478683765625 0.0322725625 0.5334846875 0.03136528125 0.536452265625 0.1591471875 0.575519109375 0.196625734375 0.547059984375 0.22409134375 0.48850728125 0.1390014375 0.453991140625 0.10839721875 0.38724896875 0.07725471875 0.478683765625
