15 0.5626302187500001 1 0.573404 0.98398353125 0.5925141093749999 0.945591390625 0.693632046875 0.61484953125 0.699657671875 0.557122796875 0.6877353281249999 0.49184146875 0.65607265625 0.459844609375 0.410410125 0.380487265625 0.38681326562499996 0.38815071875 0.33688975 0.42283421875 0.28920093750000003 0.495395265625 0.239184671875 0.603376359375 0.205392828125 0.717380453125 0.1806634375 0.8851645937500001 0.18411621875 0.926270515625 0.42527448437500004 1 0.5626302187500001 1
15 0.8368279375000001 0.775400875 0.8608592343750001 0.76262321875 0.941440515625 0.49905371875000004 0.8517210000000001 0.497277296875 0.692931109375 0.44660496875 0.652119625 0.56271371875 0.728487609375 0.60837834375 0.7668170937500001 0.6498523125 0.777420890625 0.68816315625 0.75840484375 0.750361828125 0.758251640625 0.75868371875 0.804941140625 0.7729581249999999 0.8368279375000001 0.775400875
15 0.9645783281250001 0.284771109375 0.822093328125 0.24333446875 0.7924735 0.267222328125 0.75866296875 0.32914867187499997 0.730572203125 0.41407760937500004 0.72210053125 0.46986934375 0.9159086562500001 0.5291224375 0.973538421875 0.34062398437499997 0.9645783281250001 0.284771109375
15 0.669198875 0.33932315625 0.685314734375 0.339866640625 0.71479509375 0.331859359375 0.75749590625 0.192191265625 0.7552631875 0.18059390625 0.7256246875000001 0.152404 0.655329265625 0.11816018749999999 0.539461921875 0.08698678125 0.465570078125 0.08883775000000001 0.44812628125 0.11113471875 0.41009418750000004 0.23553207812500002 0.422158828125 0.25516103125 0.443433640625 0.270299796875 0.669198875 0.33932315625
15 0.658682015625 0.24818574999999998 0.66150915625 0.2389385625 0.5407967499999999 0.20203307812500002 0.530972703125 0.204475890625 0.492979328125 0.25575234375 0.43845729687499996 0.43408587499999995 0.44236770312499996 0.49871896875 0.569307796875 0.537528453125 0.566455140625 0.49162462500000004 0.58942040625 0.381749390625 0.6219928593749999 0.296065234375 0.658682015625 0.24818574999999998
15 0.5620252812500001 0.4639685625 0.46483984375 0.434256 0.3791555625 0.381359484375 0.37341892187500003 0.379605609375 0.36196726562500003 0.4170623125 0.34762340625 0.469752734375 0.392415171875 0.48344695312499997 0.47362996874999996 0.5028305 0.573382578125 0.538774234375 0.6448543124999999 0.5606253437500001 0.67226415625 0.470971765625 0.6701078593750001 0.470312515625 0.637508015625 0.474293609375 0.5620252812500001 0.4639685625
15 0.252965265625 0 0.228646984375 0.068010203125 0.21221846875 0.15650465625 0.3276525 0.19604715625 0.343010296875 0.218808328125 0.345345734375 0.24031131249999999 0.374474640625 0.24921690624999998 0.397867453125 0.22707828124999999 0.4124730625 0.19842303125 0.4628235 0.033734171875 0.46276301562500005 0 0.252965265625 0
15 0.36639534375 0.13536746875 0.26356956249999997 0.10020668749999999 0.250799296875 0.10374128125 0.210241484375 0.152977828125 0.171807015625 0.26131175 0.157607890625 0.329964484375 0.28374740625 0.36852921875 0.31411240625 0.24424526562499999 0.34657343749999997 0.17978096875 0.3561899375 0.16874784375000002 0.36639534375 0.13536746875
15 0.34067179687500004 0.272947640625 0.34105971875 0.2716788125 0.21428275000000002 0.23291920312499997 0.17889398437499998 0.27071806249999997 0.174960890625 0.28054115625 0.135385484375 0.409986515625 0.129732078125 0.43847128125 0.12950053125 0.468421609375 0.240923859375 0.502487140625 0.292433859375 0.337311515625 0.31835815625 0.29422803124999997 0.34067179687500004 0.272947640625
15 0.196625734375 0.5470599843749999 0.22409134375 0.48850728125 0.1390014375 0.453991140625 0.10839721875 0.38724896875 0.07725471874999999 0.47868376562500004 0.032272562500000004 0.5334846875 0.03136528125 0.536452265625 0.1591471875 0.575519109375 0.196625734375 0.5470599843749999
