15 0.21226779687500003 0.39532667187500004 0.1731663125 0.4176290625 0.032930875 0.63438165625 0.034225875 0.659157921875 0.054806406249999995 0.7163570781249999 0.11255223437499999 0.781201125 0.16501085937499999 0.8249907656250001 0.341474828125 0.9352576875 0.46094890624999996 0.9869200156250001 0.5148115 0.996610046875 0.5532681875 0.990681640625 0.5678491875 0.9811310625 0.712277796875 0.749996984375 0.7156898593750001 0.723081546875 0.690154453125 0.6699763437499999 0.658049421875 0.6331379687500001 0.593194578125 0.5758352343750001 0.505717609375 0.51638015625 0.35769770312500004 0.43107715625000004 0.27841046875000003 0.40070660937499997 0.21226779687500003 0.39532667187500004
15 0.77201409375 0.7056991406249999 0.811763984375 0.70537221875 0.8669215781249999 0.739838515625 0.8811414531249999 0.7439306718750001 0.8833629999999999 0.74157403125 0.89037296875 0.73035575 0.911404828125 0.67056821875 0.9013824687499999 0.627156640625 0.6745039687500001 0.4877839375 0.6466126875 0.584198953125 0.558799625 0.720988703125 0.664968875 0.787330625 0.722032921875 0.731988328125 0.77201409375 0.7056991406249999
15 1 0.409647796875 0.8775481875000001 0.33544403125 0.842755 0.350851734375 0.7940688125 0.40191718749999994 0.744954 0.4766818125 0.722331015625 0.528379859375 0.8941994687499999 0.6357751875 0.99865253125 0.46861534374999997 1 0.45554515625 1 0.409647796875
15 0.4881801875 0.24335693749999998 0.504811890625 0.26348618749999997 0.705019796875 0.38858996874999996 0.72044584375 0.39328603125 0.750994125 0.39318167187499997 0.828388703125 0.2693244375 0.8292336875 0.257544375 0.807901171875 0.222644 0.748863953125 0.17137323437500002 0.645012984375 0.111273359375 0.573159875 0.093936640625 0.550539578125 0.11095906250000001 0.48160698437500005 0.22127426562500002 0.4881801875 0.24335693749999998
15 0.60233553125 0.3391055625 0.528001375 0.285466296875 0.489699375 0.2356181875 0.483412328125 0.23168959375 0.41616264062499997 0.339311578125 0.415975109375 0.349679953125 0.45401693749999994 0.397567953125 0.616308828125 0.498979171875 0.677126609375 0.51139440625 0.747468078125 0.39882453125 0.702523015625 0.389726109375 0.60233553125 0.3391055625
15 0.6719952499999999 0.5153512499999999 0.63947584375 0.510759234375 0.5692374375 0.48124962499999996 0.4830536875 0.42739604687500005 0.41397967187500007 0.35412521875 0.40889242187499997 0.350946359375 0.38813646875 0.38416284375 0.360644078125 0.43134542187499997 0.40036528125000004 0.456165984375 0.47379590625 0.49590898437500003 0.560846609375 0.55644584375 0.6242275312500001 0.596050640625 0.673907453125 0.516546125 0.6719952499999999 0.5153512499999999
15 0.3583468125 0 0.3497003125 0.012498578125 0.310927515625 0.093725640625 0.41219389062499995 0.16179728124999998 0.421137359375 0.187757765625 0.41782782812499997 0.209132515625 0.44365924999999995 0.22527378125 0.47198487499999997 0.209944015625 0.49350932812500004 0.186045375 0.584768734375 0.039999812499999995 0.5954098125 0 0.3583468125 0
15 0.434680109375 0.150982453125 0.44682451562500003 0.14281420312499998 0.46532165625 0.11321259374999999 0.375099859375 0.052636625000000006 0.36184990625 0.052745578125000005 0.30993071875 0.089807296875 0.244766984375 0.184502265625 0.213283046875 0.247140703125 0.32514318750000004 0.3170386875 0.3866405625 0.20484865624999998 0.434680109375 0.150982453125
15 0.343050734375 0.426829453125 0.404549328125 0.328411140625 0.257045453125 0.2350906875 0.222139703125 0.198898921875 0.20746828125 0.172036765625 0.13688 0.285001640625 0.162267671875 0.32581075 0.302454109375 0.413408953125 0.31264795312500004 0.41843062499999994 0.343050734375 0.426829453125
15 0.2520850625 0.39549124999999996 0.255709890625 0.389690296875 0.18162875 0.340080921875 0.1381028125 0.27932903124999997 0.06432251562499999 0.387813390625 0.08468690625 0.43768740624999997 0.10975473437500001 0.458818984375 0.13686556249999998 0.47575970312500004 0.189498765625 0.406114609375 0.2520850625 0.39549124999999996
