0 0.58108215625 0.48 0.603782546875 0.458978171875 0.673812828125 0.301687609375 0.6769100625 0.27910875 0.66600725 0.260571546875 0.568562390625 0.21718631249999998 0.531399203125 0.24533784375 0.48404610937500003 0.32915753125 0.46496554687499997 0.394550265625 0.464443703125 0.41621065625 0.47215142187500003 0.43628993749999995 0.572308359375 0.4808826875 0.58108215625 0.48
0 0.44759614062499997 0.5279793749999999 0.4898400625 0.52281959375 0.52846409375 0.436068609375 0.45053706250000003 0.381626875 0.437856109375 0.365034578125 0.43533279687500004 0.34201840625 0.383732 0.3226930625 0.334998828125 0.31741518750000003 0.31866209375 0.32747334375000003 0.27494328125 0.41747210937499996 0.27544365625 0.42864125 0.3041289375 0.46410365625 0.44759614062499997 0.5279793749999999
0 0.643594515625 0.649450859375 0.66822753125 0.6215565468750001 0.700794359375 0.54841025 0.694592078125 0.540572015625 0.6894459687500001 0.5173003125 0.7098930625000001 0.43244765625000003 0.63495328125 0.39178475 0.616082484375 0.395241484375 0.5718848125 0.441241578125 0.540112546875 0.50645678125 0.5225545625 0.572527421875 0.528530234375 0.5982209375 0.643594515625 0.649450859375
0 0.590276625 0.728334359375 0.7176937031249999 0.78506409375 0.75275646875 0.7928073437500001 0.76480253125 0.7888007499999999 0.8162586562499999 0.67322840625 0.8159566874999999 0.671345609375 0.7909283281249999 0.645607109375 0.737304609375 0.61443471875 0.729013828125 0.6125678125 0.707175921875 0.624737671875 0.669778671875 0.622682515625 0.5967730625 0.60021246875 0.5577995 0.679553203125 0.562945609375 0.702824921875 0.590276625 0.728334359375
0 0.4972919375 0.6945745624999999 0.5235200625 0.69713009375 0.533398625 0.69389409375 0.577225578125 0.59545715625 0.5210719687500001 0.55921059375 0.49114231249999996 0.5239923281250001 0.47793948437499995 0.529060421875 0.43901965625 0.52632734375 0.367536625 0.50453521875 0.32720728125 0.58692109375 0.3320198125 0.6027467343749999 0.37497474999999997 0.645588625 0.44628028124999997 0.680072484375 0.4972919375 0.6945745624999999
0 0.2230834375 0.616160484375 0.23239103125 0.615743515625 0.253128703125 0.603996 0.27867518750000003 0.574532921875 0.322730046875 0.47558409375000005 0.33447603125 0.42128690625000004 0.327129453125 0.398859859375 0.23949795312500002 0.35801940625 0.185887765625 0.43540446875 0.1486465625 0.453487109375 0.126776421875 0.5149012500000001 0.12268754687500001 0.55686621875 0.138158109375 0.577437109375 0.179689609375 0.5968403125 0.2230834375 0.616160484375
0 0 0.6707705625 0.061992843750000005 0.6983715625 0.10503745312499999 0.6344123125000001 0.1218025 0.6195505781249999 0.15960359375 0.5346479375000001 0.16384748437500002 0.498225171875 0.15020603125 0.481091234375 0.108291484375 0.462429671875 0.0556665625 0.44002578124999997 0.03848515625 0.44788345312500005 0.014269218750000002 0.47358971875 0 0.5007191093750001 0 0.6707705625
0 0.390355484375 0.593371796875 0.289187578125 0.550153359375 0.252002921875 0.6111344062499999 0.21475096875 0.6456317968749999 0.210484578125 0.700288484375 0.193499828125 0.75692225 0.30536612500000004 0.8067283281250001 0.315368296875 0.799443046875 0.396123 0.6180650156249999 0.390355484375 0.593371796875
0 0.5953713125 0.754205765625 0.614196328125 0.691435828125 0.609762484375 0.6856989375 0.51079178125 0.6416343437500001 0.48865646875 0.6537858125 0.461051078125 0.687104953125 0.42588934375000004 0.75993303125 0.407653453125 0.82752625 0.4137804375 0.854997484375 0.5169349375000001 0.9009248281250001 0.558087125 0.83794740625 0.581252921875 0.8169047031250001 0.59290421875 0.7907354843750001 0.5953713125 0.754205765625
0 0.767372125 1 0.7782475468750001 0.989095875 0.855890328125 0.814707328125 0.848022015625 0.78858621875 0.7551448749999999 0.7472346562500001 0.734073625 0.75153609375 0.69647734375 0.7950021406250001 0.669194796875 0.852182140625 0.670695875 0.88568953125 0.650863296875 0.960553578125 0.739461421875 1 0.767372125 1
