26 0.5578125 0.1578125 0.09375 0.2875
26 0.05625 0.2140625 0.1125 0.428125
26 0.28125 0.21875 0.10390625 0.4375
26 0.684375 0.23984375 0.13125 0.36484375
26 0.76640625 0.25 0.125 0.3609375
26 0.4328125 0.29921875 0.09921875 0.34140625
26 0.89921875 0.3109375 0.2015625 0.325
26 0.559375 0.315625 0.12890625 0.3578125
26 0.7265625 0.53984375 0.21796875 0.4421875
26 0.20390625 0.5609375 0.334375 0.203125
26 0.4609375 0.5734375 0.0828125 0.43828125
26 0.153125 0.67578125 0.30546875 0.23359375
26 0.815625 0.7828125 0.35703125 0.225
26 0.3453125 0.8 0.15703125 0.4
26 0.346875 0.80390625 0.16015625 0.39140625
26 0.121875 0.82265625 0.24296875 0.3203125
26 0.62734375 0.88046875 0.1546875 0.2390625
26 0.13671875 0.934375 0.2734375 0.13125
26 0.15546875 0.1140625 0.1140625 0.22734375
