21 0.15703125 0.64453125 0.1171875 0.1734375
21 0.59375 0.54609375 0.134375 0.15625
21 0.52578125 0.38359375 0.1453125 0.159375
21 0.7078125 0.4515625 0.1265625 0.1578125
21 0.7578125 0.61796875 0.153125 0.1578125
21 0.6359375 0.6953125 0.10625 0.1703125
21 0.5109375 0.6609375 0.1109375 0.1328125
21 0.46015625 0.51875 0.1078125 0.1828125
21 0.3453125 0.584375 0.1296875 0.1046875
21 0.30546875 0.46875 0.1359375 0.175
21 0.18984375 0.53125 0.1265625 0.1390625
21 0.10390625 0.45703125 0.121875 0.1453125
21 0.1296875 0.35234375 0.1359375 0.1359375
21 0.26328125 0.7375 0.109375 0.18125
21 0.3796875 0.740625 0.09375 0.2015625
21 0.47421875 0.77421875 0.1375 0.2
