25 0.61796875 0.7796875 0.109375 0.14375
25 0.65703125 0.6875 0.0828125 0.13125
25 0.69453125 0.596875 0.0890625 0.15
25 0.74765625 0.2125 0.0953125 0.0953125
25 0.48359375 0.30625 0.071875 0.1234375
25 0.421875 0.246875 0.0734375 0.115625
25 0.29609375 0.6734375 0.084375 0.1125
25 0.25859375 0.178125 0.0921875 0.1234375
25 0.2078125 0.2625 0.0953125 0.103125
25 0.2 0.36953125 0.1234375 0.1171875
25 0.34453125 0.19375 0.06875 0.128125
25 0.5453125 0.2265625 0.0765625 0.1328125
25 0.553125 0.8484375 0.0734375 0.1234375
25 0.21953125 0.4765625 0.1015625 0.1078125
25 0.246875 0.57265625 0.1 0.10625
25 0.35859375 0.75234375 0.0890625 0.14375
25 0.428125 0.8234375 0.115625 0.1265625
25 0.49375 0.915625 0.1015625 0.1265625
25 0.76015625 0.5390625 0.0875 0.1125
25 0.7609375 0.4203125 0.0890625 0.128125
25 0.784375 0.32265625 0.0859375 0.1109375
25 0.68046875 0.1625 0.0703125 0.1578125
25 0.60546875 0.17265625 0.0796875 0.1375
