19 0.4625 0.325 0.20078125 0.28984375
19 0.6765625 0.36953125 0.18046875 0.17578125
19 0.24375 0.41640625 0.17734375 0.2546875
19 0.58203125 0.484375 0.178125 0.2671875
19 0.371875 0.4953125 0.15625 0.2125
19 0.75546875 0.5171875 0.171875 0.23203125
19 0.428125 0.6046875 0.18125 0.21953125
19 0.11171875 0.66171875 0.18125 0.22421875
19 0.890625 0.66484375 0.13828125 0.27421875
19 0.81171875 0.71015625 0.16875 0.2828125
19 0.290625 0.7390625 0.15859375 0.23125
19 0.11875 0.74296875 0.15859375 0.2390625
19 0.49375 0.75625 0.17265625 0.22265625
19 0.675 0.76171875 0.17734375 0.26953125
19 0.3328125 0.79921875 0.178125 0.2734375
