21 0.26328125 0.634375 0.1703125 0.2
21 0.48671875 0.6453125 0.1484375 0.175
21 0.465625 0.8328125 0.146875 0.203125
21 0.36171875 0.94140625 0.1484375 0.1171875
21 0.20546875 0.91640625 0.184375 0.1671875
21 0.14296875 0.7625 0.1609375 0.209375
21 0.3015625 0.78359375 0.14375 0.1578125
21 0.38671875 0.6609375 0.103125 0.1734375
21 0.17421875 0.18046875 0.1109375 0.1375
21 0.25625 0.07734375 0.11875 0.1546875
21 0.340625 0.1640625 0.1 0.1328125
21 0.78671875 0.5078125 0.10625 0.1484375
21 0.69765625 0.42109375 0.1203125 0.1453125
21 0.6359375 0.33515625 0.1046875 0.1375
21 0.57265625 0.22734375 0.1203125 0.125
21 0.86015625 0.43046875 0.1046875 0.1515625
21 0.89375 0.3375 0.1140625 0.1484375
21 0.9234375 0.23046875 0.103125 0.1234375
21 0.90390625 0.12421875 0.1015625 0.115625
