21 0.48984375 0.82578125 0.1375 0.1484375
21 0.521875 0.6390625 0.1359375 0.153125
21 0.65859375 0.65546875 0.140625 0.1828125
21 0.6859375 0.509375 0.1296875 0.175
21 0.67109375 0.33359375 0.1328125 0.13125
21 0.59375 0.2765625 0.1015625 0.1265625
21 0.52265625 0.16640625 0.1171875 0.1796875
21 0.48515625 0.25 0.103125 0.134375
21 0.52890625 0.3703125 0.0859375 0.125
21 0.44375 0.35625 0.1265625 0.1453125
21 0.3078125 0.3421875 0.13125 0.1515625
21 0.40078125 0.50078125 0.0765625 0.1453125
21 0.4953125 0.48984375 0.109375 0.13125
21 0.58359375 0.47890625 0.075 0.1421875
21 0.41796875 0.65 0.0859375 0.1375
21 0.37421875 0.828125 0.09375 0.15625
21 0.315625 0.69765625 0.1125 0.1421875
21 0.24140625 0.66640625 0.096875 0.1609375
21 0.18125 0.52734375 0.096875 0.1453125
21 0.21640625 0.36171875 0.0828125 0.1140625
21 0.28203125 0.246875 0.0953125 0.109375
21 0.371875 0.26015625 0.0625 0.0875
21 0.5984375 0.7828125 0.078125 0.1296875
