21 0.1890625 0.515625 0.13828125 0.153125
21 0.290625 0.709375 0.1203125 0.15703125
21 0.39375 0.72265625 0.10859375 0.17734375
21 0.4765625 0.64453125 0.0953125 0.134375
21 0.4765625 0.759375 0.0890625 0.115625
21 0.4359375 0.58125 0.0875 0.15625
21 0.534375 0.59609375 0.07578125 0.153125
21 0.5109375 0.41484375 0.1125 0.1546875
21 0.3546875 0.38046875 0.12578125 0.1515625
21 0.54921875 0.76484375 0.07890625 0.14140625
21 0.6453125 0.45859375 0.1203125 0.153125
21 0.55859375 0.22109375 0.12890625 0.12421875
21 0.71796875 0.3140625 0.09609375 0.16875
21 0.8109375 0.44453125 0.1015625 0.153125
21 0.61796875 0.5640625 0.08671875 0.0921875
21 0.91953125 0.21875 0.0953125 0.1171875
21 0.778125 0.1328125 0.0765625 0.11796875
