21 0.55625 0.62265625 0.08984375 0.06796875
21 0.53125 0.559375 0.09765625 0.06875
21 0.6109375 0.5609375 0.09375 0.0796875
21 0.59296875 0.484375 0.1 0.07265625
21 0.6765625 0.48203125 0.0921875 0.06484375
21 0.690625 0.52109375 0.06875 0.0625
21 0.74921875 0.5171875 0.06875 0.05703125
21 0.7859375 0.5515625 0.0609375 0.05625
21 0.8390625 0.5640625 0.071875 0.0796875
21 0.78203125 0.63125 0.0921875 0.0609375
21 0.71875 0.5921875 0.08203125 0.06015625
21 0.65 0.6203125 0.0859375 0.0484375
21 0.703125 0.65859375 0.09765625 0.06484375
21 0.6140625 0.6546875 0.06875 0.0484375
