21 0.321875 0.896875 0.0921875 0.1390625
21 0.71328125 0.896875 0.1125 0.121875
21 0.88125 0.8453125 0.09375 0.1078125
21 0.7046875 0.665625 0.0578125 0.0625
21 0.68203125 0.5828125 0.08125 0.0921875
21 0.6328125 0.5015625 0.078125 0.1078125
21 0.60859375 0.6421875 0.090625 0.0765625
21 0.56328125 0.5828125 0.0625 0.075
21 0.53515625 0.52578125 0.0625 0.0703125
21 0.47421875 0.584375 0.08125 0.0984375
21 0.42734375 0.63828125 0.0625 0.0625
21 0.3640625 0.6109375 0.0703125 0.0953125
21 0.4171875 0.58125 0.0515625 0.071875
21 0.525 0.64921875 0.0765625 0.0796875
21 0.74296875 0.6109375 0.0546875 0.09375
