25 0.34296875 0.32421875 0.10625 0.1453125
25 0.45078125 0.28203125 0.1171875 0.134375
25 0.4171875 0.35703125 0.09375 0.10625
25 0.50234375 0.3625 0.10625 0.1265625
25 0.575 0.31640625 0.0734375 0.1421875
25 0.49453125 0.24296875 0.0671875 0.1328125
25 0.48359375 0.89375 0.078125 0.10625
25 0.45 0.853125 0.06875 0.103125
25 0.39765625 0.8578125 0.0734375 0.14375
25 0.63828125 0.8328125 0.0859375 0.1
25 0.57734375 0.834375 0.075 0.1078125
25 0.64921875 0.925 0.1171875 0.15
25 0.715625 0.884375 0.0875 0.1328125
25 0.81484375 0.92734375 0.1046875 0.134375
25 0.353125 0.95625 0.11875 0.0875
25 0.2515625 0.89609375 0.084375 0.109375
25 0.31015625 0.86796875 0.0765625 0.1109375
25 0.16796875 0.9046875 0.084375 0.121875
