21 0.15859375 0.65 0.05625 0.1671875
21 0.21171875 0.68125 0.0515625 0.1453125
21 0.13125 0.58203125 0.0625 0.1375
21 0.2703125 0.8296875 0.05 0.1390625
21 0.32265625 0.79921875 0.0515625 0.1296875
21 0.36953125 0.74296875 0.0625 0.1375
21 0.39375 0.84140625 0.0671875 0.1390625
21 0.46171875 0.834375 0.071875 0.1078125
21 0.42109375 0.71328125 0.0625 0.14375
21 0.47734375 0.725 0.0625 0.1453125
21 0.503125 0.81796875 0.0546875 0.1328125
21 0.559375 0.8265625 0.06875 0.1234375
21 0.6546875 0.48203125 0.065625 0.175
21 0.5828125 0.5125 0.065625 0.1609375
21 0.52734375 0.490625 0.0515625 0.153125
21 0.55 0.62734375 0.0546875 0.15625
21 0.603125 0.64140625 0.0671875 0.171875
21 0.6671875 0.70078125 0.065625 0.159375
21 0.69453125 0.81875 0.0625 0.1171875
21 0.715625 0.68125 0.05 0.1375
21 0.721875 0.525 0.05 0.19375
21 0.7703125 0.6765625 0.0625 0.19375
21 0.80234375 0.5765625 0.0546875 0.1828125
21 0.8296875 0.47265625 0.0484375 0.1875
21 0.81171875 0.7328125 0.05 0.1609375
21 0.8 0.87890625 0.0375 0.1046875
21 0.4859375 0.4640625 0.0390625 0.15625
21 0.4390625 0.45859375 0.0640625 0.128125
21 0.36484375 0.56875 0.078125 0.15
21 0.35703125 0.43515625 0.06875 0.121875
