21 0.2515625 0.5921875 0.1203125 0.18515625
21 0.75703125 0.71328125 0.12421875 0.20546875
21 0.69375 0.46015625 0.12734375 0.20703125
21 0.828125 0.43125 0.1125 0.20859375
21 0.10390625 0.578125 0.1375 0.21875
21 0.1921875 0.3921875 0.15 0.20859375
21 0.3703125 0.5078125 0.12265625 0.16171875
21 0.4671875 0.41484375 0.115625 0.2171875
21 0.5640625 0.53671875 0.10234375 0.15859375
21 0.51015625 0.771875 0.14765625 0.225
21 0.38828125 0.63125 0.11640625 0.18203125
21 0.34609375 0.70078125 0.12578125 0.18984375
21 0.6203125 0.68515625 0.13359375 0.234375
21 0.67890625 0.6 0.09140625 0.1484375
