25 0.3578125 0.8453125 0.05625 0.1171875
25 0.40546875 0.815625 0.0609375 0.11875
25 0.459375 0.8796875 0.0671875 0.0953125
25 0.46640625 0.7671875 0.065625 0.1078125
25 0.51328125 0.8578125 0.059375 0.125
25 0.50234375 0.76328125 0.06875 0.1203125
25 0.6265625 0.4640625 0.0515625 0.0796875
25 0.65390625 0.52890625 0.0515625 0.096875
25 0.71328125 0.540625 0.0546875 0.075
25 0.69375 0.5015625 0.0484375 0.0703125
25 0.72578125 0.4546875 0.0546875 0.0734375
25 0.76875 0.55390625 0.0359375 0.04375
25 0.809375 0.51796875 0.065625 0.08125
25 0.78984375 0.44375 0.05 0.078125
25 0.8390625 0.46328125 0.0453125 0.0859375
25 0.77109375 0.49375 0.0359375 0.0796875
25 0.5609375 0.51484375 0.05 0.059375
25 0.6 0.53359375 0.04375 0.0734375
25 0.640625 0.425 0.05625 0.05625
