25 0.28203125 0.70859375 0.0859375 0.09375
25 0.4265625 0.55 0.071875 0.090625
25 0.50234375 0.509375 0.0625 0.084375
25 0.48203125 0.41171875 0.0390625 0.0671875
25 0.39453125 0.4171875 0.05625 0.0671875
25 0.44609375 0.4734375 0.06875 0.103125
25 0.35390625 0.49765625 0.0703125 0.0953125
25 0.33125 0.39296875 0.0828125 0.1015625
25 0.375 0.3109375 0.0625 0.0921875
25 0.44140625 0.3390625 0.0609375 0.0875
25 0.5359375 0.42578125 0.0625 0.1
25 0.50546875 0.33359375 0.0640625 0.0828125
25 0.44140625 0.25859375 0.0734375 0.06875
25 0.29140625 0.6078125 0.078125 0.0984375
25 0.2234375 0.5828125 0.0609375 0.078125
25 0.42890625 0.85703125 0.06875 0.1171875
25 0.94375 0.77890625 0.0875 0.140625
25 0.34296875 0.12890625 0.0796875 0.1171875
25 0.246875 0.16171875 0.09375 0.1359375
