21 0.259375 0.60625 0.1890625 0.22109375
21 0.42265625 0.61328125 0.15625 0.17734375
21 0.57890625 0.65390625 0.15546875 0.17578125
21 0.52265625 0.47265625 0.16484375 0.22421875
21 0.321875 0.46875 0.16328125 0.21484375
21 0.26328125 0.3203125 0.15625 0.17265625
21 0.4171875 0.34375 0.1671875 0.16953125
21 0.17734375 0.465625 0.14375 0.15859375
21 0.12109375 0.63671875 0.1609375 0.15625
21 0.0453125 0.54765625 0.08671875 0.2046875
21 0.6921875 0.57578125 0.13359375 0.1796875
21 0.62109375 0.25703125 0.146875 0.17734375
21 0.45390625 0.12421875 0.13125 0.146875
