21 0.61796875 0.7796875 0.10859375 0.14296875
21 0.65703125 0.6875 0.0828125 0.13046875
21 0.69453125 0.596875 0.0890625 0.15
21 0.74765625 0.2125 0.0953125 0.0953125
21 0.48359375 0.30625 0.07109375 0.12265625
21 0.421875 0.246875 0.07265625 0.115625
21 0.29609375 0.6734375 0.084375 0.11171875
21 0.25859375 0.178125 0.0921875 0.12265625
21 0.2078125 0.2625 0.09453125 0.103125
21 0.2 0.36953125 0.12265625 0.1171875
21 0.34453125 0.19375 0.06796875 0.12734375
21 0.5453125 0.2265625 0.0765625 0.1328125
21 0.553125 0.8484375 0.07265625 0.1234375
21 0.21953125 0.4765625 0.10078125 0.10703125
21 0.246875 0.57265625 0.1 0.10703125
21 0.35859375 0.75234375 0.0890625 0.14296875
21 0.428125 0.8234375 0.115625 0.1265625
21 0.49375 0.915625 0.10078125 0.1265625
21 0.76015625 0.5390625 0.08671875 0.11171875
21 0.7609375 0.4203125 0.0890625 0.12734375
21 0.784375 0.32265625 0.08671875 0.11171875
21 0.68046875 0.1625 0.0703125 0.1578125
21 0.60546875 0.17265625 0.07890625 0.13671875
