25 0.5 0.54375 0.15 0.2390625
25 0.2671875 0.49453125 0.1578125 0.2
25 0.11015625 0.4734375 0.153125 0.2046875
25 0.8234375 0.51171875 0.1671875 0.228125
25 0.76796875 0.4078125 0.15 0.1953125
25 0.9546875 0.2125 0.090625 0.178125
25 0.78984375 0.0796875 0.125 0.159375
25 0.61796875 0.2421875 0.140625 0.1578125
25 0.3703125 0.25546875 0.1484375 0.146875
25 0.384375 0.4625 0.0890625 0.1
25 0.25390625 0.896875 0.1703125 0.20625
25 0.2078125 0.6984375 0.1578125 0.20625
25 0.4484375 0.8328125 0.1578125 0.2171875
25 0.6078125 0.74375 0.15 0.1984375
25 0.63515625 0.434375 0.1328125 0.1921875
25 0.89453125 0.86640625 0.171875 0.2671875
25 0.96171875 0.76640625 0.0765625 0.2296875
25 0.94140625 0.5859375 0.1171875 0.1625
25 0.27265625 0.2265625 0.125 0.1734375
25 0.19609375 0.35234375 0.1390625 0.15
25 0.05390625 0.35078125 0.090625 0.1234375
25 0.07265625 0.6453125 0.1171875 0.2078125
25 0.04609375 0.7859375 0.0921875 0.259375
25 0.12265625 0.8734375 0.11875 0.2390625
25 0.3734375 0.61171875 0.1578125 0.228125
