25 0.4390625 0.4578125 0.109375 0.1546875
25 0.2625 0.32734375 0.10625 0.146875
25 0.528125 0.30703125 0.109375 0.1625
25 0.5203125 0.13046875 0.0859375 0.10625
25 0.4328125 0.6140625 0.103125 0.1546875
25 0.053125 0.43203125 0.10625 0.1796875
25 0.19921875 0.44375 0.11875 0.14375
25 0.153125 0.3375 0.109375 0.103125
25 0.325 0.4421875 0.1140625 0.134375
25 0.38984375 0.3234375 0.1171875 0.1234375
25 0.53984375 0.46875 0.096875 0.178125
25 0.64375 0.53046875 0.1140625 0.1734375
25 0.61796875 0.41640625 0.090625 0.1328125
25 0.6484375 0.309375 0.1015625 0.1296875
25 0.77265625 0.3734375 0.1203125 0.1875
25 0.84609375 0.5078125 0.109375 0.171875
25 0.8734375 0.9109375 0.1484375 0.178125
25 0.3234375 0.628125 0.1171875 0.178125
25 0.15625 0.6234375 0.0875 0.1140625
25 0.23203125 0.6609375 0.065625 0.1390625
25 0.1203125 0.5328125 0.065625 0.121875
