2 0.4625 0.325 0.2015625 0.290625
2 0.6765625 0.36953125 0.1796875 0.1765625
2 0.24375 0.41640625 0.178125 0.2546875
2 0.58203125 0.484375 0.178125 0.2671875
2 0.371875 0.4953125 0.15625 0.2125
2 0.75546875 0.5171875 0.171875 0.2328125
2 0.428125 0.6046875 0.18125 0.21875
2 0.11171875 0.66171875 0.18125 0.2234375
2 0.890625 0.66484375 0.1390625 0.275
2 0.81171875 0.71015625 0.16875 0.2828125
2 0.290625 0.7390625 0.1578125 0.23125
2 0.11875 0.74296875 0.159375 0.2390625
2 0.49375 0.75625 0.1734375 0.2234375
2 0.675 0.76171875 0.1765625 0.2703125
2 0.3328125 0.79921875 0.178125 0.2734375
