25 0.63125 0.865625 0.1890625 0.0953125
25 0.80546875 0.821875 0.153125 0.096875
25 0.6703125 0.81328125 0.1265625 0.0796875
25 0.671875 0.759375 0.1296875 0.0765625
25 0.54375 0.74921875 0.1515625 0.0828125
25 0.51171875 0.821875 0.1640625 0.103125
25 0.40078125 0.86796875 0.1375 0.10625
25 0.2859375 0.82265625 0.1328125 0.0859375
25 0.23359375 0.7921875 0.134375 0.075
25 0.40078125 0.7859375 0.1421875 0.084375
25 0.4 0.73046875 0.115625 0.0703125
25 0.48671875 0.66875 0.1515625 0.090625
25 0.4296875 0.6125 0.1125 0.0828125
25 0.6359375 0.70625 0.14375 0.06875
25 0.7875 0.70234375 0.1328125 0.1
25 0.68125 0.65625 0.159375 0.078125
25 0.31171875 0.6953125 0.1390625 0.0578125
25 0.15390625 0.7015625 0.15625 0.1
25 0.365625 0.65625 0.103125 0.06875
25 0.88671875 0.41796875 0.16875 0.09375
