25 0.6421875 0.44765625 0.1109375 0.171875
25 0.59296875 0.30859375 0.1109375 0.1875
25 0.4109375 0.36796875 0.1359375 0.146875
25 0.51484375 0.6328125 0.1015625 0.2375
25 0.62734375 0.65234375 0.109375 0.1953125
25 0.71171875 0.57578125 0.1171875 0.1625
25 0.83125 0.68828125 0.1171875 0.209375
25 0.91328125 0.70234375 0.06875 0.215625
25 0.73359375 0.83671875 0.0890625 0.18125
25 0.52578125 0.840625 0.0671875 0.1296875
25 0.6046875 0.8453125 0.0546875 0.1359375
25 0.725 0.6859375 0.0953125 0.1171875
25 0.35390625 0.48671875 0.1234375 0.1484375
25 0.45 0.2203125 0.115625 0.1390625
25 0.3109375 0.6625 0.0546875 0.10625
25 0.26796875 0.52734375 0.0609375 0.1359375
