21 0.934375 0.75234375 0.0921875 0.1328125
21 0.83828125 0.7484375 0.08515625 0.1078125
21 0.81015625 0.70546875 0.05234375 0.06484375
21 0.79296875 0.66875 0.05625 0.06640625
21 0.7515625 0.70078125 0.0609375 0.08046875
21 0.74140625 0.75078125 0.05234375 0.07421875
21 0.66640625 0.76171875 0.0703125 0.0859375
21 0.6890625 0.70390625 0.0515625 0.08984375
21 0.696875 0.675 0.0453125 0.07421875
21 0.71015625 0.634375 0.05703125 0.07578125
21 0.64296875 0.62265625 0.05703125 0.0859375
21 0.6078125 0.665625 0.06015625 0.1
21 0.6328125 0.72734375 0.046875 0.0875
21 0.5765625 0.7703125 0.07265625 0.11328125
21 0.4890625 0.68515625 0.06875 0.11171875
21 0.50234375 0.60859375 0.071875 0.084375
21 0.57265625 0.63828125 0.0640625 0.09609375
21 0.54375 0.56015625 0.04609375 0.06484375
21 0.56015625 0.44765625 0.07265625 0.08046875
21 0.45859375 0.415625 0.059375 0.071875
21 0.4515625 0.5484375 0.0703125 0.08828125
21 0.4234375 0.65546875 0.06953125 0.103125
21 0.4421875 0.7671875 0.06171875 0.09609375
21 0.38984375 0.803125 0.071875 0.07265625
21 0.3640625 0.7015625 0.0671875 0.08984375
21 0.33828125 0.64453125 0.065625 0.09921875
21 0.33203125 0.7875 0.07890625 0.1109375
