21 0.60234375 0.63125 0.08359375 0.14609375
21 0.4890625 0.59921875 0.0875 0.13046875
21 0.43984375 0.52109375 0.090625 0.11484375
21 0.41328125 0.365625 0.07734375 0.1078125
21 0.390625 0.2953125 0.065625 0.0703125
21 0.29921875 0.4703125 0.1125 0.125
21 0.29765625 0.375 0.10234375 0.12265625
21 0.0828125 0.7015625 0.10234375 0.15234375
21 0.175 0.88125 0.09140625 0.13828125
21 0.1 0.86953125 0.08671875 0.14296875
21 0.0359375 0.9125 0.071875 0.11953125
21 0.13359375 0.8171875 0.065625 0.103125
21 0.178125 0.3375 0.0578125 0.12265625
21 0.6828125 0.7390625 0.08828125 0.134375
21 0.72734375 0.66328125 0.07734375 0.13671875
21 0.7828125 0.7703125 0.090625 0.1421875
21 0.96640625 0.66640625 0.065625 0.13828125
