25 0.36875 0.45859375 0.0703125 0.146875
25 0.3359375 0.53046875 0.0578125 0.06875
25 0.36171875 0.56875 0.0328125 0.0671875
25 0.3625 0.62890625 0.0671875 0.0859375
25 0.41796875 0.5859375 0.053125 0.0734375
25 0.4140625 0.48984375 0.053125 0.0890625
25 0.4546875 0.5328125 0.05625 0.084375
25 0.4734375 0.46015625 0.0734375 0.1265625
25 0.50234375 0.38828125 0.0625 0.0953125
25 0.578125 0.3734375 0.053125 0.075
25 0.55859375 0.4234375 0.040625 0.0484375
25 0.521875 0.446875 0.04375 0.0453125
25 0.52578125 0.49140625 0.05 0.0796875
25 0.56171875 0.48359375 0.046875 0.071875
25 0.58046875 0.4796875 0.0359375 0.0765625
25 0.6125 0.4703125 0.0375 0.0765625
25 0.61171875 0.4078125 0.04375 0.071875
25 0.63515625 0.46171875 0.0359375 0.04375
25 0.67109375 0.41328125 0.0390625 0.075
25 0.5328125 0.57265625 0.046875 0.0703125
25 0.49921875 0.54375 0.046875 0.0765625
25 0.46953125 0.615625 0.0515625 0.090625
25 0.51484375 0.69765625 0.0578125 0.0734375
25 0.4421875 0.6578125 0.0546875 0.0828125
25 0.40234375 0.67734375 0.0609375 0.0828125
25 0.540625 0.7375 0.0359375 0.06875
25 0.584375 0.76171875 0.0546875 0.084375
25 0.596875 0.7171875 0.05625 0.046875
25 0.64453125 0.66640625 0.0453125 0.0703125
25 0.6703125 0.615625 0.046875 0.06875
25 0.61796875 0.60625 0.03125 0.0640625
