25 0.1375 0.7890625 0.1015625 0.128125
25 0.04765625 0.69765625 0.084375 0.1515625
25 0.17578125 0.63515625 0.0984375 0.1453125
25 0.16171875 0.48828125 0.071875 0.125
25 0.29609375 0.5921875 0.103125 0.1640625
25 0.3921875 0.515625 0.0703125 0.1234375
25 0.340625 0.43203125 0.128125 0.1609375
25 0.475 0.5296875 0.1015625 0.1421875
25 0.51484375 0.66953125 0.103125 0.1765625
25 0.6015625 0.7171875 0.1078125 0.1609375
25 0.43671875 0.728125 0.1125 0.2015625
25 0.3765625 0.8390625 0.1640625 0.153125
25 0.56875 0.8875 0.128125 0.178125
25 0.6734375 0.92109375 0.10625 0.1421875
25 0.68203125 0.78046875 0.1421875 0.1578125
25 0.75234375 0.57578125 0.1015625 0.1546875
25 0.6359375 0.51328125 0.115625 0.159375
25 0.50703125 0.453125 0.1015625 0.13125
25 0.81171875 0.7109375 0.125 0.175
25 0.82578125 0.865625 0.153125 0.1375
25 0.9390625 0.7453125 0.084375 0.1234375
25 0.9203125 0.653125 0.0890625 0.13125
