21 0.5765625 0.83828125 0.065625 0.1125
21 0.6453125 0.80234375 0.0640625 0.08125
21 0.59609375 0.77890625 0.059375 0.075
21 0.6765625 0.7453125 0.0859375 0.084375
21 0.7234375 0.78515625 0.0671875 0.09375
21 0.78671875 0.77578125 0.059375 0.0875
21 0.82109375 0.85625 0.0640625 0.090625
21 0.834375 0.79453125 0.05625 0.0890625
21 0.7609375 0.865625 0.0703125 0.090625
21 0.70859375 0.88515625 0.0671875 0.090625
21 0.6296875 0.86953125 0.0828125 0.103125
21 0.3484375 0.7359375 0.0734375 0.08125
21 0.39296875 0.73046875 0.065625 0.1125
21 0.31171875 0.68671875 0.06875 0.090625
21 0.5921875 0.59765625 0.0640625 0.078125
21 0.6546875 0.4984375 0.0734375 0.05625
21 0.6359375 0.57265625 0.053125 0.0859375
21 0.57265625 0.66171875 0.059375 0.0734375
21 0.53046875 0.61015625 0.059375 0.090625
21 0.50234375 0.6890625 0.078125 0.0953125
21 0.44140625 0.653125 0.0609375 0.09375
21 0.69296875 0.5890625 0.0453125 0.090625
21 0.7125 0.49921875 0.059375 0.08125
21 0.72578125 0.57734375 0.0515625 0.078125
21 0.56171875 0.5109375 0.05625 0.0890625
21 0.50390625 0.48359375 0.0703125 0.096875
21 0.45078125 0.4953125 0.0640625 0.075
