21 0.29765625 0.446875 0.2140625 0.2453125
21 0.45703125 0.54140625 0.171875 0.26875
21 0.5703125 0.65546875 0.15625 0.2546875
21 0.64921875 0.46796875 0.2 0.2265625
21 0.54609375 0.29296875 0.171875 0.2171875
21 0.5984375 0.1 0.140625 0.2
21 0.45703125 0.08671875 0.1671875 0.1734375
21 0.3734375 0.25703125 0.15 0.2609375
21 0.22578125 0.2703125 0.1625 0.1734375
21 0.2203125 0.06953125 0.19375 0.1390625
21 0.06015625 0.17578125 0.1203125 0.265625
21 0.084375 0.390625 0.16875 0.2359375
21 0.04375 0.64296875 0.0859375 0.259375
21 0.15546875 0.5609375 0.1765625 0.26875
21 0.284375 0.68046875 0.1875 0.2671875
21 0.41328125 0.7203125 0.125 0.1609375
21 0.72578125 0.7171875 0.1828125 0.23125
21 0.8734375 0.5640625 0.16875 0.28125
21 0.86640625 0.34609375 0.1578125 0.2078125
21 0.7984375 0.09609375 0.190625 0.1921875
21 0.37734375 0.88359375 0.1609375 0.2328125
21 0.81015625 0.8984375 0.1796875 0.203125
