21 0.496875 0.5296875 0.078125 0.146875
21 0.4515625 0.43671875 0.08125 0.121875
21 0.40234375 0.44609375 0.0546875 0.0984375
21 0.44296875 0.5484375 0.05 0.0859375
21 0.35390625 0.4921875 0.071875 0.078125
21 0.25078125 0.57421875 0.078125 0.1390625
21 0.3734375 0.5953125 0.078125 0.153125
21 0.45 0.6328125 0.084375 0.134375
21 0.52265625 0.68046875 0.0671875 0.0859375
21 0.59140625 0.60390625 0.0828125 0.134375
21 0.70078125 0.66796875 0.090625 0.1453125
21 0.63046875 0.73515625 0.0640625 0.1171875
21 0.5671875 0.746875 0.084375 0.1234375
21 0.48359375 0.76171875 0.08125 0.1203125
21 0.3984375 0.74765625 0.0796875 0.140625
21 0.33828125 0.7 0.0609375 0.125
21 0.31875 0.61640625 0.05 0.1140625
21 0.64609375 0.559375 0.084375 0.115625
21 0.71875 0.58359375 0.071875 0.1328125
21 0.64765625 0.509375 0.096875 0.128125
21 0.54453125 0.48984375 0.065625 0.103125
