25 0.65078125 0.5703125 0.0890625 0.1546875
25 0.5453125 0.72421875 0.0421875 0.0984375
25 0.56953125 0.6734375 0.0625 0.0953125
25 0.50078125 0.665625 0.0640625 0.0953125
25 0.475 0.7078125 0.059375 0.078125
25 0.51796875 0.78046875 0.0359375 0.109375
25 0.43984375 0.80078125 0.071875 0.096875
25 0.4109375 0.709375 0.065625 0.0953125
25 0.41953125 0.62890625 0.053125 0.11875
25 0.35078125 0.67578125 0.0453125 0.090625
25 0.3609375 0.77578125 0.0484375 0.1046875
25 0.41328125 0.81015625 0.0609375 0.103125
25 0.1625 0.7359375 0.0546875 0.078125
25 0.19609375 0.68203125 0.0578125 0.0859375
25 0.1453125 0.6328125 0.0578125 0.1046875
25 0.096875 0.57265625 0.06875 0.0890625
25 0.12734375 0.52578125 0.05625 0.0984375
25 0.17890625 0.48984375 0.0703125 0.1109375
25 0.23203125 0.521875 0.0546875 0.0984375
25 0.21328125 0.63203125 0.0546875 0.1203125
25 0.09609375 0.4625 0.0609375 0.0890625
25 0.04765625 0.50234375 0.065625 0.0703125
25 0.0625 0.61875 0.053125 0.0984375
25 0.11015625 0.71796875 0.0546875 0.1078125
25 0.35 0.58671875 0.075 0.08125
25 0.49453125 0.578125 0.0671875 0.0765625
25 0.43984375 0.5390625 0.0578125 0.0953125
25 0.10390625 0.38359375 0.06875 0.09375
