25 0.93515625 0.7640625 0.0859375 0.1234375
25 0.84453125 0.76953125 0.0765625 0.1078125
25 0.81171875 0.715625 0.059375 0.075
25 0.79375 0.678125 0.0328125 0.059375
25 0.753125 0.703125 0.065625 0.06875
25 0.7390625 0.7484375 0.0703125 0.109375
25 0.68203125 0.7890625 0.08125 0.1015625
25 0.690625 0.709375 0.046875 0.075
25 0.6953125 0.68828125 0.0640625 0.103125
25 0.70703125 0.64453125 0.053125 0.0625
25 0.6390625 0.6203125 0.065625 0.0875
25 0.59609375 0.6578125 0.075 0.0921875
25 0.63046875 0.72265625 0.0546875 0.0859375
25 0.5734375 0.753125 0.0734375 0.115625
25 0.4953125 0.684375 0.0765625 0.1109375
25 0.5328125 0.72265625 0.05625 0.1046875
25 0.44453125 0.76796875 0.0578125 0.1125
25 0.38515625 0.803125 0.06875 0.1140625
25 0.3609375 0.696875 0.05625 0.090625
25 0.3203125 0.78046875 0.065625 0.1140625
25 0.3296875 0.634375 0.0796875 0.0890625
25 0.4125 0.6578125 0.06875 0.1140625
25 0.45234375 0.55078125 0.0625 0.0921875
25 0.54609375 0.5671875 0.0671875 0.0953125
25 0.50390625 0.60234375 0.0765625 0.0953125
25 0.55859375 0.45 0.0578125 0.0984375
25 0.4625 0.42109375 0.075 0.0921875
25 0.5796875 0.49453125 0.0515625 0.0828125
