21 0.34296875 0.32421875 0.10625 0.1453125
21 0.45078125 0.28203125 0.1171875 0.134375
21 0.4171875 0.35703125 0.09375 0.10546875
21 0.50234375 0.3625 0.10625 0.1265625
21 0.575 0.31640625 0.07265625 0.1421875
21 0.49453125 0.24296875 0.06796875 0.1328125
21 0.48359375 0.89375 0.078125 0.10546875
21 0.45 0.853125 0.06796875 0.103125
21 0.39765625 0.8578125 0.07265625 0.14375
21 0.63828125 0.8328125 0.08515625 0.09921875
21 0.57734375 0.834375 0.075 0.1078125
21 0.64921875 0.925 0.11796875 0.14921875
21 0.715625 0.884375 0.0875 0.1328125
21 0.81484375 0.92734375 0.10390625 0.134375
21 0.353125 0.95625 0.11953125 0.08671875
21 0.2515625 0.89609375 0.08359375 0.109375
21 0.31015625 0.86796875 0.07578125 0.1109375
21 0.16796875 0.9046875 0.084375 0.12109375
