21 0.5734375 0.31875 0.146875 0.1609375
21 0.43515625 0.3109375 0.153125 0.153125
21 0.33671875 0.38671875 0.06875 0.1140625
21 0.31953125 0.55 0.13125 0.1546875
21 0.29453125 0.6671875 0.115625 0.1140625
21 0.75390625 0.64921875 0.1625 0.2265625
21 0.52734375 0.76796875 0.165625 0.1921875
21 0.384375 0.74765625 0.134375 0.2078125
21 0.20859375 0.575 0.1203125 0.1609375
21 0.2 0.428125 0.13125 0.1375
21 0.28984375 0.36015625 0.1 0.11875
21 0.66796875 0.5265625 0.15 0.1328125
21 0.6421875 0.70625 0.121875 0.1734375
21 0.4765625 0.59609375 0.165625 0.1578125
21 0.7578125 0.47734375 0.14375 0.1578125
21 0.6640625 0.409375 0.1015625 0.1296875
21 0.43203125 0.453125 0.1671875 0.165625
21 0.55703125 0.21640625 0.125 0.1171875
21 0.66015625 0.29375 0.0890625 0.1234375
21 0.38515625 0.2359375 0.1203125 0.090625
