28 0.48685659375 1 0.488945921875 0.97129278125 0.470276359375 0.880967625 0.48203046875 0.8325679375 0.4856815 0.78527753125 0.458321859375 0.66676990625 0.449158875 0.647622953125 0.441169484375 0.6437566875 0.464112484375 0.7502275 0.46543975 0.789080546875 0.46056575 0.831812703125 0.412775828125 0.688655515625 0.403355921875 0.678592953125 0.3881469375 0.68128840625 0.37538115625 0.64018121875 0.365227828125 0.62457721875 0.321850953125 0.4697955 0.30947915625 0.435123953125 0.29794978125 0.420653453125 0.292785125 0.424293265625 0.297507 0.454204390625 0.28849353125 0.40570434375 0.257918765625 0.29691634375 0.232283921875 0.24735871875 0.218396453125 0.24159084375 0.21534128125 0.24963859375 0.219632875 0.26822753125 0.217311109375 0.281816703125 0.230688875 0.358678765625 0.25849234375 0.606796296875 0.26854240625 0.65505703125 0.288636796875 0.704262125 0.30116640625 0.71360678125 0.316660359375 0.7026873125 0.325243546875 0.739865171875 0.338221625 0.76297525 0.34794465625 0.76725709375 0.350520765625 0.787873734375 0.355418609375 0.7949011875 0.362977703125 0.78744528125 0.367299921875 0.76360440625 0.374216390625 0.762823421875 0.402178734375 0.84610825 0.42820753125 0.902101484375 0.45384809375 0.99897546875 0.454588265625 1 0.48685659375 1
28 0.397691921875 0.052864875 0.412245875 0.1017174375 0.46528453125 0.345640625 0.463265921875 0.3534490625 0.45840440625 0.351308140625 0.435757796875 0.331246046875 0.4254954375 0.30098240625 0.423525609375 0.268804296875 0.41095965625 0.254573109375 0.404061359375 0.257797359375 0.3982904375 0.272998640625 0.39500478125 0.29660021875 0.397708046875 0.334319765625 0.3900763125 0.332002578125 0.38022609375 0.310617828125 0.373345953125 0.31628534375 0.380431640625 0.3848101875 0.40833271875 0.552954625 0.421813765625 0.59715996875 0.442744875 0.619249765625 0.46570709375 0.58865803125 0.464004046875 0.545812640625 0.49648840625 0.6321325625 0.51352190625 0.642069046875 0.525766546875 0.659637703125 0.531779328125 0.7235153125 0.557389296875 0.862819109375 0.566153109375 0.885627390625 0.589081453125 0.88033396875 0.59477825 0.86397703125 0.594736203125 0.811774140625 0.57427846875 0.713703609375 0.5522505625 0.6372069375 0.542776171875 0.6198145625 0.533799 0.5762010625 0.55868225 0.617773984375 0.581650171875 0.634498625 0.5938445 0.628646953125 0.5491995 0.435268203125 0.52755675 0.388371484375 0.51557321875 0.312819203125 0.47494840625 0.15577046875 0.430504359375 0.043657890625 0.41509553125 0.01947734375 0.402016375 0.00946925 0.39590446875 0.010880296875 0.3756334375 0.01879803125 0.397691921875 0.052864875
28 0.649864265625 0.4730111875 0.627217625 0.45294909375 0.62088925 0.439725328125 0.610839203125 0.39146459375 0.593805703125 0.381528109375 0.58208221875 0.38749796875 0.5798513125 0.413303515625 0.58421553125 0.44166553125 0.60506153125 0.498855328125 0.63471546875 0.5303528125 0.639790390625 0.531870859375 0.696826703125 0.518702984375 0.703037875 0.502342015625 0.704468984375 0.482678296875 0.7019675 0.47184315625 0.694666953125 0.4471670625 0.6856046875 0.4386535625 0.680494546875 0.4496231875 0.649864265625 0.4730111875
28 0.723353515625 0.556939109375 0.73254296875 0.5825555 0.74065665625 0.588764046875 0.760007109375 0.584296640625 0.76333675 0.581156953125 0.76807109375 0.56619496875 0.7659601875 0.540647296875 0.71655771875 0.326661640625 0.7049699375 0.31888415625 0.694640625 0.32616378125 0.692694671875 0.3437453125 0.723353515625 0.556939109375
28 0.699372125 0.559128234375 0.68799978125 0.56994234375 0.6906321875 0.581344546875 0.69543571875 0.583168125 0.877362703125 0.54116696875 0.926494734375 0.51106009375 0.933513625 0.5023458125 0.927210171875 0.475042578125 0.918232125 0.46820334375 0.8973761875 0.469742890625 0.79147278125 0.526947 0.699372125 0.559128234375
28 0.737105421875 0.47352928125 0.72359215625 0.48920490625 0.726640140625 0.4988734375 0.738567015625 0.50812984375 0.741430125 0.50840546875 0.88282721875 0.475761375 0.91933053125 0.464213671875 0.966507921875 0.442403796875 0.980739109375 0.429837859375 0.980725296875 0.429003828125 0.97895325 0.421328234375 0.962905421875 0.412664734375 0.91726421875 0.41992640625 0.77594559375 0.458011421875 0.737105421875 0.47352928125
28 1 0.549116234375 0.951732625 0.560259625 0.90049984375 0.57863853125 0.890984921875 0.58613003125 1 0.560961921875 1 0.549116234375
28 0.1682305 0.18981890625 0.181996515625 0.22580021875 0.19736903125 0.245094203125 0.200921546875 0.264363671875 0.220453390625 0.259854390625 0.218494265625 0.246743640625 0.228714546875 0.224804375 0.231139609375 0.17855846875 0.229209328125 0.16059140625 0.204830078125 0.054993296875 0.14724221875 0.0682885 0.14594825 0.0791164375 0.1682305 0.18981890625
28 0 0.2305700625 0.065479109375 0.215453015625 0.049843578125 0.147728046875 0 0.16052475 0 0.2305700625
28 0.188767140625 0.9240659375 0.173754984375 0.929715390625 0.16964940625 0.936668203125 0.178175765625 0.941796546875 0.194198203125 0.9394279375 0.45904553125 0.878283125 0.4537596875 0.85538765625 0.443760296875 0.8553698125 0.360349390625 0.875718546875 0.188767140625 0.9240659375
28 0.493009453125 0.8864779375 0.492267390625 0.8832636875 0.276513453125 0.92664575 0.27838609375 0.936027640625 0.493009453125 0.8864779375
28 0.390930078125 1 0.359822765625 0.865259484375 0.35540703125 0.860615796875 0.347920609375 0.87784478125 0.364693015625 0.94576490625 0.373322 1 0.390930078125 1
28 0.669403265625 0.90989821875 0.78111046875 0.884108578125 0.77827925 0.87184521875 0.756126328125 0.875559859375 0.6680681875 0.8969815 0.669403265625 0.90989821875
