44 0.442521828125 0.674296546875 0.32954390624999996 0.559950921875 0.3019141875 0.53562446875 0.284814921875 0.5285578281250001 0.2820624375 0.53424515625 0.300693484375 0.5581168125 0.26929684374999996 0.5200675312499999 0.189814078125 0.43974234375 0.143367328125 0.40882629687499994 0.12842475 0.410514375 0.12965425 0.419034265625 0.14241985937499999 0.433211921875 0.146977359375 0.446222890625 0.19594128125000002 0.506962296875 0.34054853125 0.7104913749999999 0.372735765625 0.747828796875 0.41416582812499997 0.7811225937499999 0.429654828125 0.783221140625 0.437912296875 0.7661591249999999 0.463443515625 0.794514421875 0.485998375 0.8084350468749999 0.496578203125 0.807466203125 0.5088264687499999 0.824249015625 0.516517203125 0.8280208437500001 0.519513828125 0.8178350312499999 0.51173584375 0.794887890625 0.5174065 0.79085165625 0.582240203125 0.85013778125 0.6321515625 0.8864915625 0.70154275 0.9587886718749999 0.70996059375 0.962741484375 0.730973765625 0.943821140625 0.71881915625 0.9175610781250001 0.658699890625 0.8476121093750001 0.645515625 0.79958228125 0.625782046875 0.75645109375 0.544399125 0.666066203125 0.527102375 0.6537622187500001 0.5182403125 0.65425403125 0.5899247812499999 0.736252515625 0.609921953125 0.7695906875 0.626376015625 0.80932803125 0.51517403125 0.7072889531250001 0.502056765625 0.703054890625 0.49006146875 0.712785859375 0.45896710937499996 0.683021671875 0.442521828125 0.674296546875
44 0.3383511875 0.3620558125 0.32102809374999997 0.334867203125 0.30313825 0.328512421875 0.298668 0.33467678125 0.300990375 0.350769921875 0.309558953125 0.373005234375 0.33021007812500003 0.40468492187500005 0.3224118125 0.40635820312500004 0.30342909375 0.39243017187499996 0.30015925 0.40072265625 0.33957803124999997 0.45722060937500003 0.44549890625 0.590756328125 0.478720859375 0.622883453125 0.50773696875 0.63205603125 0.5129889999999999 0.5941675937500001 0.490727640625 0.557519828125 0.560987828125 0.617268203125 0.58070296875 0.617700828125 0.599929828125 0.6271304062499999 0.636157203125 0.68008396875 0.726092 0.789505859375 0.7448146875 0.8052056562500001 0.76230196875 0.78946003125 0.7593544999999999 0.772392078125 0.734009265625 0.72675478125 0.66857096875 0.6508984843750001 0.612218609375 0.5946723281249999 0.5955001249999999 0.5840538750000001 0.5665042812500001 0.550260875 0.608422609375 0.574557734375 0.6366190781250001 0.5780503593749999 0.64444753125 0.5670204375 0.51164825 0.41953190625000003 0.46998309374999997 0.38900771875 0.42287359375 0.3287379375 0.31120359375 0.21107532812500002 0.217978703125 0.134566359375 0.192778875 0.120887921875 0.1764875625 0.11847554687499999 0.17182606250000002 0.12267278125 0.157935203125 0.13942537500000002 0.19374393750000002 0.15852675 0.230157296875 0.194198265625 0.394802265625 0.381824640625 0.39682234375 0.3896326875 0.391532421875 0.390117109375 0.36199896875 0.38354970312500003 0.3383511875 0.3620558125
44 0.527808234375 0.385460859375 0.545375453125 0.408151015625 0.591333953125 0.448064 0.632540140625 0.4612358125 0.6377147187500001 0.46010315625000003 0.6812159062500001 0.42093451562500006 0.678716359375 0.40361365625 0.670434875 0.3857215625 0.662994046875 0.377457671875 0.6446456406250001 0.359414859375 0.632592171875 0.356362265625 0.633440921875 0.368433953125 0.6179898125000001 0.40373940625 0.5884563125 0.397172015625 0.576510375 0.3886743125 0.544323140625 0.351336890625 0.524608 0.35090425000000003 0.5172486562499999 0.361809265625 0.527808234375 0.385460859375
44 0.77752284375 0.271142828125 0.770294703125 0.263115171875 0.7689855624999999 0.26248159375 0.752664984375 0.2693033125 0.5810651874999999 0.399476546875 0.563115734375 0.419932890625 0.5605475625 0.43727628125000007 0.565765265625 0.44188315625 0.5792680625 0.44618771874999996 0.584231421875 0.44518318749999997 0.77752284375 0.271142828125
44 0.8715164375000001 0.45984225 0.8889505468750001 0.444144515625 0.8892701875 0.44195321875 0.8385620156250001 0.38563609374999996 0.77826509375 0.347038796875 0.705467453125 0.282087515625 0.690495796875 0.277383828125 0.6817994374999999 0.285214078125 0.684668234375 0.30509384375000004 0.709437953125 0.34055274999999996 0.7708360937500001 0.400792953125 0.805092765625 0.42770975 0.85762003125 0.45742953125 0.8715164375000001 0.45984225
44 0.885874015625 0.38383809375 0.887952328125 0.370436015625 0.776304015625 0.246438 0.7620182343749999 0.232907140625 0.7200708125 0.2022185 0.702181 0.19586371875 0.6955831406249999 0.19966514062500001 0.695806984375 0.21978710937499998 0.72428546875 0.25618528125 0.8261080156249999 0.36132134374999997 0.8585103281249999 0.38776853125 0.877188953125 0.39165815625 0.885874015625 0.38383809375
44 0.8837197968750001 0.385777765625 0.986579234375 0.29316271875 0.9788560625 0.284585265625 0.9243087031250001 0.3336999375 0.8884097656250001 0.374612640625 0.8837197968750001 0.385777765625
44 0 0.439242296875 0.009401828125000001 0.44968407812500005 0.01957284375 0.44553639062499995 0.08878421875 0.38667357812500003 0.108499875 0.368921546875 0.130388828125 0.34289415624999997 0.139810984375 0.32009515624999996 0.1570431875 0.3059174375 0.143692078125 0.29108953125000003 0.13101190625 0.300818953125 0.106868484375 0.30251645312500003 0.065245203125 0.322815890625 0 0.36872546875 0 0.439242296875
44 0.48177125 1 0.54635840625 0.9418454687500001 0.6388551875 0.850195734375 0.642866421875 0.845478796875 0.633011171875 0.8345334375 0.607850359375 0.8537766875000001 0.445452921875 1 0.48177125 1
44 0.68125415625 0.8414102968750001 0.677617484375 0.837371375 0.5389298124999999 0.9635810781249999 0.516966296875 0.989083203125 0.516943 0.9893567187500001 0.68125415625 0.8414102968750001
44 0.6558448593749999 1 0.554479546875 0.88742240625 0.548366140625 0.8855017500000001 0.55017115625 0.90420003125 0.597768953125 0.9554728906250001 0.6326076406250001 1 0.6558448593749999 1
44 0.838663390625 0.7627549218749999 0.841681625 0.781062796875 0.932084296875 0.6996638749999999 0.9230123125 0.6895884062500001 0.878297515625 0.7270681875 0.838663390625 0.7627549218749999
