28 0.456250796875 0.776122796875 0.47253571875 0.7635075625 0.49779871875 0.743049984375 0.530638046875 0.7063029375 0.533544359375 0.69094496875 0.516937890625 0.681805875 0.546590515625 0.65779365625 0.561672515625 0.63599825 0.5612586875 0.62538221875 0.578659515625 0.61402909375 0.582828671875 0.606546296875 0.572813671875 0.6030206875 0.54949090625 0.609587046875 0.545756984375 0.603712921875 0.608355015625 0.542070890625 0.647271109375 0.49413053125 0.7231008125 0.4286181875 0.731329234375 0.413242265625 0.71698125 0.39552396875 0.682833890625 0.40920775 0.609834375 0.46558378125 0.561180359375 0.47623628125 0.5116011875 0.495851328125 0.476130046875 0.5177308125 0.43973375 0.54857284375 0.409362875 0.586855625 0.4093901875 0.595731296875 0.495027984375 0.52843653125 0.52936703125 0.510211578125 0.5699110625 0.495859734375 0.46219196875 0.601568984375 0.4572771875 0.614446703125 0.46636703125 0.62693484375 0.435016296875 0.656428828125 0.425442453125 0.672394953125 0.305340734375 0.77923365625 0.27960159375 0.805552359375 0.27164971875 0.822258359375 0.27718521875 0.82530471875 0.301999203125 0.807948546875 0.26235890625 0.837310828125 0.185336296875 0.9059305625 0.2095485625 0.935830203125 0.2454325 0.909879984375 0.456250796875 0.776122796875
28 0.21203496875 0.142966515625 0.24653153125 0.180494875 0.40113125 0.37648096875 0.402739921875 0.384384046875 0.39743190625 0.3845909375 0.368282625 0.376486875 0.345792171875 0.3537848125 0.32991575 0.32572684375 0.312383015625 0.318444484375 0.307596265625 0.3243664375 0.309073203125 0.340559078125 0.316466328125 0.363212359375 0.335431171875 0.395929421875 0.327556015625 0.397192296875 0.30932825 0.382289859375 0.305628890625 0.39039984375 0.34203678125 0.44888340625 0.44082378125 0.58777959375 0.4723188125 0.621601390625 0.500815078125 0.63227996875 0.508042859375 0.594718328125 0.487729984375 0.55695571875 0.55476690625 0.62029934375 0.574432390625 0.621763203125 0.593139375 0.63218609375 0.626545734375 0.68696309375 0.71063059375 0.80094184375 0.728505953125 0.817599984375 0.746793328125 0.80279115625 0.74474315625 0.78559234375 0.721821125 0.738691125 0.660442546875 0.659514 0.607110046875 0.600415640625 0.59097021875 0.58893678125 0.5637826875 0.5536725625 0.60437196875 0.580129953125 0.632347 0.585093484375 0.640741984375 0.574488390625 0.51584365625 0.4202518125 0.475833125 0.387588875 0.431942453125 0.32493615625 0.326583484375 0.201590453125 0.23749053125 0.1203073125 0.213041109375 0.10532878125 0.196898375 0.102067078125 0.19202359375 0.10601459375 0.177275 0.12201725 0.21203496875 0.142966515625
28 0.622866 0.4100464375 0.5937166875 0.401942390625 0.582231859375 0.392831125 0.552042828125 0.353860328125 0.53237734375 0.35239646875 0.524457375 0.362901375 0.533764640625 0.387073203125 0.55012028125 0.410651671875 0.593926890625 0.452915234375 0.634387265625 0.4682255625 0.63961403125 0.467365265625 0.685105515625 0.430526984375 0.68351590625 0.413099046875 0.676182171875 0.394798046875 0.66918403125 0.3861560625 0.6518050625 0.3671776875 0.639927875 0.363498453125 0.6401436875 0.375598015625 0.622866 0.4100464375
28 0.58621509375 0.4038569375 0.567219625 0.42334584375 0.563747296875 0.4405310625 0.568716734375 0.4454046875 0.581975734375 0.45041003125 0.586984875 0.44966665625 0.78911996875 0.285980890625 0.782321875 0.277585953125 0.781047671875 0.27688471875 0.764392453125 0.2828429375 0.58621509375 0.4038569375
28 0.6927913125 0.295023078125 0.694615765625 0.31502575 0.71749575 0.35173240625 0.77565703125 0.415103375 0.80845803125 0.443776140625 0.859357890625 0.476204265625 0.873108984375 0.479340953125 0.89134075 0.46457715625 0.891774640625 0.462405609375 0.844083375 0.403511796875 0.785889109375 0.3618116875 0.71659053125 0.2931395 0.7018855625 0.2876586875 0.6927913125 0.295023078125
28 0.701504953125 0.37226809375 0.696231046875 0.392281078125 0.70320896875 0.399634953125 0.7179865 0.40272615625 0.720680671875 0.40171878125 0.8334573125 0.3103940625 0.861204078125 0.2840130625 0.89404603125 0.243729265625 0.901328390625 0.22619653125 0.900950359375 0.22545296875 0.895992890625 0.219331 0.877771375 0.218579203125 0.839932640625 0.245113734375 0.729611671875 0.341294328125 0.701504953125 0.37226809375
28 0.887348859375 0.40376325 0.890295 0.405107140625 0.996737421875 0.318911765625 0.986544734375 0.30632484375 0.889482203125 0.38492453125 0.887348859375 0.40376325
28 0 0.408384640625 0.012707515625 0.424077109375 0.02308165625 0.420467421875 0.095278828125 0.36530753125 0.115896515625 0.348611640625 0.13911765625 0.3237655 0.149720109375 0.301490875 0.1676706875 0.2882344375 0.155113921875 0.272728125 0.141941921875 0.281780578125 0.11774275 0.2822121875 0.075114125 0.30030540625 0.0073124375 0.342890140625 0 0.3486755625 0 0.408384640625
28 0.453603953125 1 0.52317046875 0.943666140625 0.6203370625 0.856982921875 0.62458965625 0.852482390625 0.61532075 0.841036234375 0.5891873125 0.8589363125 0.41498815625 1 0.453603953125 1
28 0.66313771875 0.850428515625 0.66106171875 0.847864875 0.4861608125 0.98143671875 0.4919566875 0.9890481875 0.66313771875 0.850428515625
28 0.5529174375 1 0.644065484375 0.926189765625 0.634112984375 0.913899453125 0.584317140625 0.95549284375 0.520849109375 1 0.5529174375 1
28 0.841799 0.723459640625 0.899203515625 0.7943483125 0.902010421875 0.797732546875 0.91411321875 0.787931890625 0.84301675 0.7001350625 0.83042209375 0.701539234375 0.83002975 0.706971265625 0.841799 0.723459640625
