44 0.5095173125 0.46887029687500004 0.443395390625 0.43129467187500004 0.17996265625000002 0.335437453125 0.040741984375 0.29201346875 0.017279312499999998 0.36875640625 0.1707149375 0.41566639062500005 0.216604640625 0.429355890625 0.22992962499999997 0.433770125 0.49743784375000005 0.515555609375 0.5103660156250001 0.5150830156249999 0.512020859375 0.51412378125 0.521616515625 0.48273778125 0.5095173125 0.46887029687500004
44 0.6653185625 0.5348848125 0.6319601875 0.5103895625 0.498153984375 0.47152328125 0.21526615625 0.36359093750000004 0.040515171875 0.29275534375 0.018486625 0.36480745312499996 0.05696078125 0.382590234375 0.20345825 0.442015953125 0.6049019062500001 0.56474959375 0.639137953125 0.5626220156249999 0.658363 0.553181953125 0.6636886875 0.552463109375 0.668630671875 0.536298609375 0.6653185625 0.5348848125
44 0.544450984375 0.484316125 0.33188859375 0.40911743749999996 0.093645140625 0.319940171875 0.067678578125 0.30689548437499997 0.038997437499999996 0.297719625 0.017378234375000003 0.368432875 0.175605640625 0.43486215625 0.355305046875 0.504779109375 0.7226215 0.6170790312500001 0.7257871406249999 0.616559453125 0.73655084375 0.5813529374999999 0.734441421875 0.57099515625 0.681445546875 0.5394749375 0.544450984375 0.484316125
44 0.78525734375 0.66141790625 0.8105363125 0.660010875 0.8186810781249999 0.63337053125 0.8182230468749999 0.627075046875 0.80220609375 0.6104345624999999 0.76539765625 0.58386334375 0.683476921875 0.544521109375 0.3265519375 0.415995703125 0.1494989375 0.343824265625 0.139214265625 0.34067992187499996 0.062833671875 0.321072375 0.031456703125 0.32238425 0.017789953125 0.36708615624999996 0.033456875000000004 0.381531453125 0.06354760937500001 0.398900578125 0.11413240625000001 0.420493 0.36358254687499997 0.5130965 0.56693690625 0.57833171875 0.71225915625 0.632973015625 0.743880609375 0.6497889531250001 0.78525734375 0.66141790625
44 0.07763032812500001 0.397929984375 0.11071509375 0.43000046875000003 0.143970375 0.45037945312499994 0.228563890625 0.4854329375 0.34532609375 0.52215190625 0.38498971875 0.53938421875 0.50932615625 0.58250359375 0.6590078593750001 0.63030825 0.7511518125000001 0.658479484375 0.785758 0.6670172812499999 0.82884784375 0.673042890625 0.863689328125 0.670419625 0.8743237031250001 0.66514065625 0.8828621875 0.637212578125 0.8762521718749999 0.62932840625 0.8609212656249999 0.62157771875 0.44269653125 0.47533228125000004 0.235582796875 0.395672328125 0.114981921875 0.35369503125 0.08299565625000001 0.346979390625 0.07195440625 0.35024895312500004 0.069493921875 0.358296875 0.068787078125 0.37786621875000004 0.07763032812500001 0.397929984375
44 0.284914484375 0.41245649999999995 0.2551330625 0.40743614062500005 0.21253495312499998 0.40870915625000004 0.20689195312500003 0.41157925000000006 0.204516609375 0.421575453125 0.214319515625 0.4429538125 0.25006515625 0.46409418750000003 0.377825484375 0.5116643125 0.9302563906250001 0.680559375 0.96280471875 0.6891488125 0.965042296875 0.689067015625 0.981701546875 0.6345770625 0.979935875 0.6331153281249999 0.965564640625 0.626679234375 0.82830840625 0.585736984375 0.6415539375 0.541915796875 0.55830871875 0.511359265625 0.470550671875 0.47329592187499997 0.36958728125 0.438343578125 0.284914484375 0.41245649999999995
44 0.52344021875 0.95274271875 0.531755296875 0.983537640625 0.558645765625 0.991758890625 0.5711698281250001 0.9836740624999999 0.5864273125 0.96383034375 0.657741828125 0.8140745781250001 0.672208140625 0.76675740625 0.7088349375 0.67200759375 0.7291781875 0.6054678124999999 0.7828825625 0.42479849999999997 0.788770140625 0.41055134375 0.8448134843749999 0.22724181250000003 0.8435196875000001 0.20642259375 0.838264296875 0.191880875 0.826504390625 0.1869239375 0.814464953125 0.19958203125 0.8034009687499999 0.168967890625 0.795981953125 0.165678484375 0.7931921875 0.164825578125 0.768808375 0.18358104687500001 0.75012465625 0.21463146875 0.7406430312500001 0.23896420312500002 0.70558365625 0.360318515625 0.6792386406250001 0.496591296875 0.6579198749999999 0.56632184375 0.5722401875 0.7797646406250001 0.537460359375 0.88350390625 0.5256232187500001 0.928901734375 0.52344021875 0.95274271875
44 0.6999035 0.67616996875 0.666717796875 0.761334515625 0.64045003125 0.847252515625 0.6289876875 0.9281659687499999 0.6320467812499999 0.9651830312499999 0.65238453125 0.9714009062500001 0.678347109375 0.93372559375 0.704263984375 0.879016609375 0.7513984687499999 0.7382071875 0.8657437187499999 0.4259933125 0.9317095156249999 0.21022892187500003 0.923676640625 0.189741328125 0.91063784375 0.178947078125 0.8923050312499999 0.17878846875 0.8744897343750001 0.186957578125 0.8559844062499999 0.18402307812500002 0.841211703125 0.20061107812499998 0.838023453125 0.23776049999999999 0.824836046875 0.29091496875 0.7788793125 0.42119184374999996 0.6999035 0.67616996875
44 0.539519921875 0.5505470156250001 0.756856875 0.619035953125 0.8534874531250001 0.657088765625 0.9644474531249999 0.691012640625 0.9823114374999999 0.63258215625 0.75222496875 0.5451158281249999 0.595228125 0.493032328125 0.5473399062500001 0.4804338125 0.49994345312500005 0.47513390624999996 0.4490295625 0.48356578125 0.444552453125 0.49598296875000003 0.4751349375 0.52065071875 0.539519921875 0.5505470156250001
44 1 0.282377046875 0.96735571875 0.404268484375 0.8537486875000001 0.699037140625 0.774600359375 0.9512393749999999 0.768818609375 0.98351115625 0.76912384375 1 0.8347618593749999 1 0.887858984375 0.8880799843749999 0.9972215156249999 0.53037128125 1 0.517340671875 1 0.282377046875
44 0.15176854687500002 0.38145096875 0.138380796875 0.38961212500000003 0.13343578125 0.40801334375 0.137571875 0.418979125 0.15426296875 0.437868078125 0.203031546875 0.46094759375 0.43914943749999996 0.5392631875 0.46358528125 0.5528610625 0.489436453125 0.562126140625 0.63817675 0.607600609375 0.751120703125 0.636684734375 0.8977674375 0.682540328125 0.914137296875 0.682439171875 0.938284 0.6697049374999999 0.941663828125 0.658650046875 0.93829546875 0.6479565468749999 0.9082047187500001 0.6305874218749999 0.8149187031249999 0.60615175 0.601602828125 0.537871 0.41269900000000004 0.46990546875000005 0.302162734375 0.435089953125 0.228775921875 0.40346270312500004 0.190539890625 0.38156093750000003 0.166984421875 0.378444046875 0.15176854687500002 0.38145096875
