21 0.63203125 0.8453125 0.0203125 0.0140625
21 0.6390625 0.834375 0.01875 0.0109375
21 0.6484375 0.84296875 0.015625 0.0125
21 0.66328125 0.8171875 0.01875 0.0109375
21 0.66484375 0.77109375 0.0203125 0.0203125
21 0.6953125 0.81484375 0.0109375 0.009375
21 0.68515625 0.8546875 0.0109375 0.0078125
21 0.790625 0.85703125 0.0125 0.009375
21 0.77578125 0.859375 0.0140625 0.015625
21 0.5515625 0.7078125 0.015625 0.0109375
21 0.54921875 0.71953125 0.0140625 0.009375
21 0.56015625 0.7359375 0.0125 0.0125
21 0.35078125 0.6015625 0.0078125 0.009375
21 0.33515625 0.60078125 0.0125 0.009375
21 0.5 0.71484375 0.015625 0.0109375
21 0.53984375 0.621875 0.0140625 0.0109375
21 0.528125 0.628125 0.015625 0.015625
21 0.53125 0.57421875 0.0109375 0.0109375
21 0.503125 0.53671875 0.015625 0.0125
21 0.49375 0.54375 0.0125 0.0125
21 0.471875 0.5328125 0.01875 0.0078125
21 0.396875 0.5359375 0.009375 0.009375
21 0.39609375 0.53359375 0.009375 0.0109375
21 0.38828125 0.53203125 0.0078125 0.0125
21 0.33828125 0.5625 0.0140625 0.0125
21 0.32890625 0.55625 0.0046875 0.0109375
21 0.40234375 0.584375 0.00625 0.0078125
21 0.4046875 0.57109375 0.00625 0.0109375
21 0.40859375 0.58203125 0.0140625 0.0140625
21 0.74609375 0.78125 0.0109375 0.0109375
21 0.79453125 0.73046875 0.0125 0.0125
21 0.80234375 0.73828125 0.01875 0.0125
21 0.8171875 0.703125 0.0140625 0.0171875
21 0.86875 0.91640625 0.0140625 0.0171875
21 0.88671875 0.928125 0.0140625 0.015625
21 0.89453125 0.91484375 0.01875 0.028125
21 0.81640625 0.97578125 0.03125 0.01875
21 0.79765625 0.95859375 0.0328125 0.0125
21 0.09921875 0.88828125 0.01875 0.0125
21 0.12109375 0.8375 0.0109375 0.0078125
21 0.26015625 0.65 0.0140625 0.009375
21 0.21015625 0.6859375 0.0171875 0.0125
