25 0.2484375 0.84609375 0.096875 0.1328125
25 0.146875 0.790625 0.08125 0.121875
25 0.15 0.7203125 0.075 0.0984375
25 0.22578125 0.78515625 0.0890625 0.1
25 0.2671875 0.696875 0.103125 0.15625
25 0.37109375 0.8484375 0.0734375 0.103125
25 0.3375 0.54296875 0.1015625 0.1171875
25 0.4046875 0.49375 0.0875 0.15
25 0.4734375 0.55625 0.1 0.1328125
25 0.5328125 0.8765625 0.075 0.115625
25 0.4703125 0.82421875 0.0875 0.1359375
25 0.60390625 0.8421875 0.08125 0.1171875
25 0.65078125 0.7859375 0.0890625 0.115625
25 0.5875 0.77109375 0.065625 0.0859375
