9 0.404166671875 0.3125 0.3775 0.285 0.369166671875 0.2875 0.359166671875 0.2525 0.344166671875 0.24 0.334166671875 0.2425 0.323333328125 0.26625 0.323333328125 0.29125 0.334166671875 0.3175 0.366666671875 0.34375 0.383333328125 0.41625 0.404166671875 0.4475 0.440833328125 0.4775 0.460833328125 0.4925 0.481666671875 0.49375 0.495 0.47125 0.495 0.44875 0.481666671875 0.41125 0.404166671875 0.3125
9 0.444166671875 0.5375 0.409166671875 0.51 0.3925 0.51 0.354166671875 0.565 0.316666671875 0.59625 0.301666671875 0.66375 0.303333328125 0.68875 0.3125 0.7 0.358333328125 0.70875 0.384166671875 0.7025 0.423333328125 0.66875 0.446666671875 0.56375 0.444166671875 0.5375
9 0.5475 0.5025 0.525833328125 0.4925 0.513333328125 0.55375 0.515 0.57875 0.526666671875 0.62375 0.556666671875 0.66375 0.585833328125 0.655 0.595 0.63625 0.576666671875 0.55625 0.5475 0.5025
9 0.555833328125 0.3975 0.5225 0.4 0.500833328125 0.39 0.4875 0.3975 0.483333328125 0.41375 0.495 0.44375 0.496666671875 0.47875 0.510833328125 0.495 0.548333328125 0.49875 0.569166671875 0.485 0.586666671875 0.45875 0.588333328125 0.41875 0.555833328125 0.3975
9 0.4075 0.2275 0.374166671875 0.2 0.365833328125 0.17 0.3425 0.18 0.306666671875 0.22375 0.301666671875 0.25125 0.3125 0.27 0.3225 0.275 0.33 0.24875 0.344166671875 0.24 0.361666671875 0.25625 0.370833328125 0.2825 0.413333328125 0.31625 0.449166671875 0.2975 0.455 0.28625 0.439166671875 0.2325 0.4075 0.2275
9 0.146666671875 0.62875 0.154166671875 0.605 0.195 0.62125 0.195 0.59125 0.1875 0.575 0.175 0.57125 0.173333328125 0.53375 0.1575 0.5025 0.150833328125 0.5025 0.130833328125 0.5375 0.110833328125 0.55 0.095833328125 0.5525 0.079166671875 0.5375 0.054166671875 0.555 0.03 0.63375 0.028333328125 0.68375 0.05 0.70125 0.058333328125 0.74625 0.115833328125 0.7925 0.133333328125 0.79625 0.186666671875 0.72375 0.183333328125 0.69375 0.19 0.67125 0.146666671875 0.62875
9 0.518333328125 0.86625 0.508333328125 0.87375 0.510833328125 0.8925 0.5425 0.8925 0.5575 0.8875 0.5725 0.8625 0.625833328125 0.8875 0.665833328125 0.87 0.666666671875 0.85375 0.6375 0.8225 0.594166671875 0.8 0.5725 0.8025 0.5625 0.82 0.550833328125 0.82 0.598333328125 0.77625 0.5825 0.7475 0.569166671875 0.7475 0.509166671875 0.7975 0.499166671875 0.82 0.465833328125 0.855 0.424166671875 0.8675 0.413333328125 0.88625 0.411666671875 0.92125 0.4175 0.935 0.44 0.93625 0.4625 0.925 0.465833328125 0.9 0.5125 0.86 0.518333328125 0.86625
9 0.6925 0.475 0.675833328125 0.4825 0.671666671875 0.46125 0.659166671875 0.4525 0.665 0.46625 0.658333328125 0.47875 0.673333328125 0.48375 0.665 0.50125 0.690833328125 0.5375 0.701666671875 0.53875 0.719166671875 0.53 0.718333328125 0.51375 0.700833328125 0.4975 0.6925 0.475
9 0.8325 0.585 0.819166671875 0.585 0.795833328125 0.62 0.7075 0.545 0.684166671875 0.56 0.675833328125 0.5525 0.666666671875 0.55875 0.68 0.57625 0.6825 0.61 0.760833328125 0.6225 0.79 0.65875 0.855833328125 0.5975 0.86 0.57625 0.8475 0.57 0.8325 0.585
9 0.5975 0.4475 0.5725 0.485 0.5575 0.4925 0.551666671875 0.51125 0.59 0.53375 0.578333328125 0.55125 0.584166671875 0.5725 0.629166671875 0.605 0.64 0.60375 0.661666671875 0.55875 0.643333328125 0.48375 0.625833328125 0.4575 0.5975 0.4475
9 0.143333328125 0.39625 0.134166671875 0.3825 0.079166671875 0.4425 0.073333328125 0.46125 0.07 0.51375 0.090833328125 0.545 0.105 0.55125 0.129166671875 0.5375 0.145 0.50375 0.138333328125 0.47125 0.143333328125 0.39625
9 0.550833328125 0.2525 0.553333328125 0.22625 0.563333328125 0.22125 0.561666671875 0.20125 0.545 0.18375 0.543333328125 0.15375 0.524166671875 0.1225 0.485833328125 0.115 0.4825 0.1275 0.455833328125 0.14 0.450833328125 0.16 0.440833328125 0.1375 0.400833328125 0.1375 0.358333328125 0.15875 0.37 0.17625 0.371666671875 0.19875 0.385833328125 0.2025 0.405833328125 0.23 0.430833328125 0.23 0.474166671875 0.2625 0.4875 0.2825 0.5 0.28125 0.533333328125 0.24875 0.534166671875 0.2175 0.548333328125 0.23625 0.550833328125 0.2525
