19 0.80546875 0.4546875 0.1984375 0.4015625
19 0.0828125 0.5078125 0.090625 0.19375
19 0.584375 0.51171875 0.2046875 0.321875
19 0.33359375 0.57421875 0.0734375 0.246875
19 0.48671875 0.61640625 0.1421875 0.4375
19 0.20859375 0.62265625 0.09375 0.3015625
19 0.13984375 0.62421875 0.10625 0.29375
19 0.02578125 0.63515625 0.0515625 0.3421875
19 0.27890625 0.63828125 0.090625 0.3375
19 0.40078125 0.63828125 0.0859375 0.328125
19 0.92578125 0.7265625 0.1484375 0.5203125
19 0.70078125 0.765625 0.2046875 0.3890625
