79 0.3125 0.0515625 0.2234375 0.103125
79 0.1296875 0.13359375 0.25625 0.15
79 0.5265625 0.11171875 0.2140625 0.1390625
79 0.42265625 0.246875 0.209375 0.121875
79 0.26953125 0.1953125 0.1765625 0.1140625
79 0.171875 0.26796875 0.275 0.121875
79 0.1265625 0.3609375 0.2515625 0.153125
79 0.84765625 0.05859375 0.2265625 0.1109375
79 0.7375 0.13046875 0.215625 0.115625
79 0.62109375 0.046875 0.1640625 0.0921875
79 0.6140625 0.2359375 0.1875 0.1375
79 0.79140625 0.3 0.253125 0.115625
79 0.7890625 0.2203125 0.1765625 0.078125
79 0.36484375 0.38125 0.2640625 0.128125
79 0.153125 0.51953125 0.2109375 0.1265625
79 0.61015625 0.51171875 0.2 0.15
79 0.41875 0.5484375 0.196875 0.1171875
79 0.25234375 0.590625 0.18125 0.115625
79 0.8375 0.41328125 0.2046875 0.1171875
79 0.834375 0.553125 0.23125 0.121875
79 0.0984375 0.62421875 0.1953125 0.121875
79 0.65859375 0.384375 0.1796875 0.1078125
79 0.50390625 0.459375 0.18125 0.0796875
79 0.48203125 0.66015625 0.23125 0.1328125
79 0.1953125 0.71015625 0.1859375 0.121875
79 0.06796875 0.73828125 0.1359375 0.1109375
79 0.78125 0.646875 0.1953125 0.115625
79 0.58359375 0.75625 0.2453125 0.134375
79 0.35703125 0.775 0.221875 0.1234375
79 0.16484375 0.840625 0.2078125 0.1359375
79 0.51171875 0.88359375 0.240625 0.1359375
79 0.384375 0.89453125 0.171875 0.1296875
79 0.10625 0.97109375 0.196875 0.0578125
79 0.68203125 0.95078125 0.221875 0.0984375
79 0.92890625 0.921875 0.1421875 0.140625
79 0.871875 0.7578125 0.240625 0.1328125
79 0.70703125 0.8359375 0.2046875 0.1359375
79 0.94140625 0.63515625 0.1171875 0.1125
79 0.93203125 0.2484375 0.1359375 0.1140625
79 0.9328125 0.14609375 0.134375 0.1015625
79 0.9609375 0.375 0.078125 0.1140625
79 0.48515625 0.3578125 0.178125 0.10625
79 0.31796875 0.478125 0.178125 0.1078125
79 0.33125 0.140625 0.153125 0.1078125
79 0.4734375 0.02265625 0.14375 0.0453125
79 0.146875 0.01953125 0.115625 0.0390625
79 0.6078125 0.6109375 0.184375 0.096875
