68 0.3104166671875 0.5 0.3395833328125 0.52105263125 0.5270833328125 0.731578946875 0.5458333328125 0.72894736875 0.5666666671875 0.7131578953125 0.6375 0.6026315796875 0.6375 0.5710526312499999 0.6104166671875 0.5315789468750001 0.5395833328124999 0.47894736875 0.49375 0.46315789531249996 0.2916666671875 0.4657894734375 0.3104166671875 0.5
68 0.5208333328125 0.318421053125 0.6333333328124999 0.47105263124999996 0.6666666671875 0.539473684375 0.6833333328125 0.5447368421875 0.6833333328125 0.25526315781250003 0.6541666671875 0.17105263125 0.6229166671875 0.131578946875 0.58125 0.12631578906250002 0.5604166671875 0.1421052625 0.5083333328124999 0.2131578953125 0.4916666671875 0.26578947343750003 0.5208333328125 0.318421053125
68 0.3791666671875 0.3447368421875 0.3791666671875 0.3236842109375 0.3645833328125 0.289473684375 0.3395833328125 0.27894736875000004 0.28125 0.2842105265625 0.2520833328125 0.29473684218749996 0.2375 0.3131578953125 0.2208333328125 0.3868421046875 0.2166666671875 0.5078947375 0.1916666671875 0.6447368421874999 0.1916666671875 0.6605263156250001 0.20416666718749998 0.6605263156250001 0.25 0.6026315796875 0.24583333281250003 0.5921052625 0.30416666718749996 0.5078947375 0.2875 0.47105263124999996 0.2979166671875 0.45789473750000004 0.33541666718749996 0.45789473750000004 0.3458333328125 0.4447368421875 0.3791666671875 0.3447368421875
68 0.125 0.35 0.1125 0.41315789531249997 0.1125 0.45 0.125 0.52894736875 0.1583333328125 0.6078947375 0.17916666718750002 0.7236842109375 0.1916666671875 0.72894736875 0.1916666671875 0.62894736875 0.20416666718749998 0.5657894734375 0.20833333281250002 0.47105263124999996 0.225 0.3447368421875 0.19375 0.3157894734375 0.1604166671875 0.310526315625 0.14791666718750002 0.3157894734375 0.125 0.35
68 0.2875 0.6026315796875 0.2708333328125 0.6447368421874999 0.275 0.6868421046875001 0.3104166671875 0.72105263125 0.33541666718749996 0.7263157890625 0.3416666671875 0.7447368421875 0.40208333281249997 0.8157894734375001 0.425 0.818421053125 0.4291666671875 0.8026315796875 0.4125 0.72894736875 0.4125 0.618421053125 0.3729166671875 0.5631578953124999 0.33541666718749996 0.5315789468750001 0.2979166671875 0.5631578953124999 0.2916666671875 0.5763157890625 0.2875 0.6026315796875
68 0.24375 0.6631578953124999 0.23125 0.6578947375 0.2208333328125 0.681578946875 0.25 0.7973684203125 0.25833333281250004 0.9973684203125 0.375 1 0.40625 0.9947368421875 0.425 0.960526315625 0.4291666671875 0.9131578953125 0.4166666671875 0.8710526312500001 0.3875 0.8078947375000001 0.35625 0.768421053125 0.29375 0.72105263125 0.24375 0.6631578953124999
68 0.6458333328125 0.5921052625 0.6208333328125 0.6447368421874999 0.5708333328124999 0.7078947375 0.55 0.7447368421875 0.5458333328125 0.77105263125 0.525 0.8026315796875 0.5333333328125 0.8131578953125 0.5520833328125 0.8052631578125 0.59375 0.7631578953125 0.7395833328125 0.6947368421875 0.7916666671875 0.65 0.7166666671875 0.560526315625 0.7104166671875001 0.5421052625 0.6979166671875 0.5421052625 0.6458333328125 0.5921052625
68 0.6604166671875 0 0.65 0.013157895312500001 0.6416666671875 0.0447368421875 0.6458333328125 0.13947368437500002 0.675 0.21842105312500001 0.6875 0.27105263125 0.6875 0.3236842109375 0.6958333328124999 0.32894736875 0.7083333328125 0.318421053125 0.7166666671875 0.2973684203125 0.7291666671875 0.2342105265625 0.7375 0.15 0.7625 0.02894736875 0.7604166671875 0 0.6604166671875 0
68 0.2208333328125 0.13947368437500002 0.20625 0.11578947343749998 0.1895833328125 0.11578947343749998 0.16875 0.131578946875 0.125 0.181578946875 0.1041666671875 0.2342105265625 0.0916666671875 0.2868421046875 0.07083333281250001 0.3131578953125 0.07083333281250001 0.35 0.0791666671875 0.35 0.1270833328125 0.3368421046875 0.14791666718750002 0.310526315625 0.1979166671875 0.310526315625 0.20208333281250002 0.3157894734375 0.23333333281250002 0.2868421046875 0.2416666671875 0.26578947343750003 0.2375 0.1973684203125 0.2208333328125 0.13947368437500002
68 0.8145833328125001 1 0.8604166671875 0.968421053125 0.8791666671874999 0.9447368421875 0.875 0.92894736875 0.8875 0.9131578953125 0.8854166671874999 0.8736842109375 0.7729166671875001 0.8684210531250001 0.7145833328125 0.8473684203125 0.6791666671875001 0.8921052625 0.6791666671875001 0.9026315796875 0.6416666671875 0.9868421046875 0.6416666671875 0.9973684203125 0.6520833328125 1 0.7875 1 0.8145833328125001 1
68 0.525 0.7868421046875 0.5333333328125 0.7763157890625 0.5375 0.7447368421875 0.53125 0.7526315796875 0.49375 0.6947368421875 0.44375 0.6368421046875 0.41875 0.62105263125 0.4166666671875 0.72894736875 0.4291666671875 0.7921052625 0.4291666671875 0.8236842109375001 0.4166666671875 0.85 0.43333333281249997 0.9131578953125 0.43958333281249995 0.92105263125 0.475 0.9236842109375001 0.5229166671875001 0.9157894734375001 0.56875 0.8947368421874999 0.6041666671875 0.8552631578125001 0.6041666671875 0.8078947375000001 0.5979166671875 0.7947368421875 0.5854166671875001 0.7947368421875 0.5270833328125 0.8263157890624999 0.525 0.7868421046875
