18 0.36328125 0.57578125 0.15625 0.19453125
18 0.82421875 0.725 0.13671875 0.2015625
18 0.43046875 0.821875 0.15390625 0.178125
18 0.38125 0.43984375 0.146875 0.22578125
18 0.24609375 0.42421875 0.1390625 0.22109375
18 0.165625 0.4375 0.11796875 0.21171875
18 0.24609375 0.70078125 0.14921875 0.22578125
18 0.071875 0.6703125 0.13203125 0.19921875
18 0.04921875 0.303125 0.0984375 0.240625
18 0.58203125 0.85703125 0.14453125 0.2015625
18 0.47265625 0.9203125 0.146875 0.15390625
18 0.6890625 0.14921875 0.16328125 0.23828125
18 0.66953125 0.296875 0.18046875 0.20703125
18 0.9171875 0.125 0.14921875 0.21640625
18 0.93046875 0.2609375 0.134375 0.17578125
18 0.896875 0.446875 0.1296875 0.2015625
18 0.5359375 0.13359375 0.146875 0.228125
18 0.3546875 0.1 0.1390625 0.19921875
