40 0.446875 0.5765625 0.0921875 0.153125
40 0.2046875 0.33515625 0.0921875 0.115625
40 0.34140625 0.70078125 0.0921875 0.15
40 0.76796875 0.87109375 0.0984375 0.16875
40 0.87734375 0.5203125 0.0796875 0.1390625
40 0.4953125 0.45546875 0.075 0.1296875
40 0.39765625 0.4078125 0.096875 0.1390625
40 0.328125 0.25703125 0.09375 0.1109375
40 0.25859375 0.58515625 0.096875 0.115625
40 0.1890625 0.5421875 0.0921875 0.1203125
40 0.18359375 0.428125 0.0703125 0.115625
40 0.671875 0.7390625 0.0921875 0.1328125
40 0.62109375 0.61796875 0.0875 0.134375
40 0.428125 0.72265625 0.0828125 0.134375
