40 0.36328125 0.57578125 0.15625 0.1953125
40 0.82421875 0.725 0.1375 0.2015625
40 0.43046875 0.821875 0.1546875 0.178125
40 0.38125 0.43984375 0.146875 0.2265625
40 0.24609375 0.42421875 0.1390625 0.221875
40 0.165625 0.4375 0.11875 0.2125
40 0.24609375 0.70078125 0.15 0.2265625
40 0.071875 0.6703125 0.1328125 0.2
40 0.04921875 0.303125 0.0984375 0.240625
40 0.58203125 0.85703125 0.1453125 0.2015625
40 0.47265625 0.9203125 0.146875 0.1546875
40 0.6890625 0.14921875 0.1640625 0.2390625
40 0.66953125 0.296875 0.18125 0.2078125
40 0.9171875 0.125 0.15 0.2171875
40 0.93046875 0.2609375 0.134375 0.1765625
40 0.896875 0.446875 0.1296875 0.2015625
40 0.5359375 0.13359375 0.146875 0.228125
40 0.3546875 0.1 0.1390625 0.2
