40 0.19921875 0.65234375 0.084375 0.1375
40 0.86328125 0.3703125 0.2359375 0.2953125
40 0.2828125 0.41953125 0.0953125 0.1234375
40 0.49375 0.27265625 0.1515625 0.2328125
40 0.66015625 0.18359375 0.2171875 0.28125
40 0.31484375 0.8171875 0.0890625 0.125
40 0.06484375 0.625 0.096875 0.15
40 0.6609375 0.82578125 0.271875 0.3140625
40 0.54296875 0.5265625 0.2796875 0.315625
40 0.78515625 0.59140625 0.2171875 0.259375
40 0.13125 0.59765625 0.075 0.0921875
40 0.27734375 0.625 0.065625 0.1203125
40 0.4046875 0.8328125 0.0984375 0.1203125
