25 0.234375 0.4890625 0.38125 0.2359375
25 0.3265625 0.2734375 0.3265625 0.1828125
25 0.5953125 0.18125 0.3265625 0.221875
25 0.50859375 0.48359375 0.3046875 0.209375
25 0.72421875 0.35859375 0.2796875 0.2015625
25 0.84375 0.5734375 0.2859375 0.259375
25 0.9015625 0.36953125 0.196875 0.2734375
25 0.8015625 0.06171875 0.3734375 0.1234375
25 0.0625 0.1109375 0.125 0.221875
25 0.38828125 0.7796875 0.31875 0.2390625
25 0.66796875 0.91015625 0.3203125 0.1796875
25 0.9265625 0.8671875 0.146875 0.2453125
25 0.68359375 0.709375 0.259375 0.165625
25 0.234375 0.93125 0.4609375 0.1375
25 0.0578125 0.8234375 0.115625 0.196875
25 0.040625 0.57734375 0.08125 0.2203125
