63 0.38203125 0.23828125 0.4328125 0.3796875
63 0.08515625 0.02734375 0.1515625 0.0546875
63 0.82578125 0.1625 0.3453125 0.325
63 0.3484375 0.61328125 0.1703125 0.2640625
63 0.10546875 0.59296875 0.2109375 0.1859375
63 0.34375 0.96875 0.2546875 0.0609375
63 0.05625 0.9453125 0.1125 0.10625
63 0.4671875 0.80625 0.15625 0.271875
63 0.2953125 0.80546875 0.2 0.1734375
63 0.1546875 0.7828125 0.1875 0.325
63 0.71640625 0.5296875 0.2328125 0.2015625
63 0.39921875 0.3078125 0.1734375 0.128125
63 0.33984375 0.24296875 0.0984375 0.1390625
63 0.72578125 0.49609375 0.0984375 0.1328125
63 0.2171875 0.5421875 0.11875 0.140625
