29 0.1 0.12890625 0.19375 0.2578125
29 0.74609375 0.13359375 0.096875 0.2671875
29 0.91875 0.19296875 0.1625 0.375
29 0.2453125 0.2296875 0.1234375 0.3140625
29 0.3703125 0.265625 0.203125 0.4109375
29 0.64609375 0.29375 0.2421875 0.1421875
29 0.59765625 0.453125 0.228125 0.0859375
29 0.5890625 0.55234375 0.190625 0.06875
29 0.09296875 0.559375 0.1859375 0.3375
29 0.79453125 0.5703125 0.24375 0.425
29 0.378125 0.68359375 0.090625 0.3265625
29 0.5515625 0.7546875 0.203125 0.328125
29 0.90859375 0.84609375 0.1828125 0.3078125
29 0.68515625 0.87734375 0.2515625 0.2453125
29 0.39609375 0.89765625 0.2984375 0.2046875
