53 0.1203125 0.2609375 0.178125 0.521875
53 0.3890625 0.303125 0.1375 0.60625
53 0.2859375 0.415625 0.165625 0.83125
53 0.60703125 0.26953125 0.146875 0.459375
53 0.74609375 0.1296875 0.2578125 0.2328125
53 0.53515625 0.27734375 0.115625 0.4578125
53 0.8953125 0.1609375 0.209375 0.321875
53 0.828125 0.30078125 0.2890625 0.6015625
53 0.8578125 0.60703125 0.16875 0.4140625
53 0.0921875 0.6453125 0.165625 0.3921875
53 0.25390625 0.71171875 0.2 0.4234375
53 0.46640625 0.61171875 0.1703125 0.5984375
53 0.7328125 0.6984375 0.2453125 0.4984375
53 0.81796875 0.44921875 0.2546875 0.8984375
53 0.4515625 0.63359375 0.3796875 0.6390625
53 0.109375 0.87265625 0.21875 0.153125
53 0.3109375 0.4078125 0.25 0.803125
53 0.74140625 0.1421875 0.290625 0.28125
53 0.81875 0.5578125 0.2453125 0.6328125
53 0.4796875 0.74375 0.35625 0.4375
53 0.13359375 0.80625 0.2671875 0.3390625
53 0.41796875 0.734375 0.3171875 0.4328125
53 0.8375 0.7125 0.2515625 0.4734375
53 0.553125 0.68515625 0.2234375 0.3703125
53 0.2765625 0.38359375 0.553125 0.2625
