30 0.0359375 0.41015625 0.071875 0.0796875
30 0.1890625 0.38671875 0.11328125 0.12265625
30 0.08984375 0.303125 0.0796875 0.14921875
30 0.0328125 0.25234375 0.0625 0.0890625
30 0.11328125 0.18984375 0.115625 0.103125
30 0.02421875 0.1 0.0484375 0.10078125
30 0.10234375 0.046875 0.16328125 0.09375
30 0.90234375 0.3015625 0.1921875 0.29296875
30 0.66796875 0.2390625 0.3171875 0.35078125
30 0.946875 0.1046875 0.103125 0.209375
30 0.81171875 0.0453125 0.1828125 0.090625
30 0.05078125 0.9359375 0.10078125 0.1109375
30 0.44140625 0.52734375 0.0625 0.15625
30 0.8375 0.4859375 0.14453125 0.06953125
30 0.5765625 0.46875 0.1734375 0.03828125
30 0.478125 0.80078125 0.0890625 0.1296875
30 0.62109375 0.6671875 0.1109375 0.13203125
30 0.759375 0.6671875 0.1078125 0.10078125
30 0.9515625 0.5953125 0.09375 0.11328125
