24 0.28359375 0.203125 0.396875 0.3703125
24 0.828125 0.40625 0.34375 0.384375
24 0.52890625 0.6921875 0.22109375 0.5984375
24 0.17421875 0.75234375 0.15859375 0.4375
24 0.3296875 0.7328125 0.29296875 0.4515625
24 0.7390625 0.7328125 0.4546875 0.334375
24 0.5140625 0.2640625 0.321875 0.4109375
24 0.4234375 0.29921875 0.1921875 0.59375
24 0.56875 0.421875 0.40390625 0.25234375
24 0.1765625 0.35078125 0.353125 0.3265625
24 0.75234375 0.4078125 0.4859375 0.415625
24 0.5203125 0.59609375 0.490625 0.35546875
