30 0.48046875 0.384375 0.4734375 0.40625
30 0.1734375 0.54296875 0.125 0.0890625
30 0.76328125 0.1890625 0.0890625 0.3125
30 0.3453125 0.7984375 0.1921875 0.3078125
30 0.5109375 0.8125 0.1734375 0.2546875
30 0.61328125 0.884375 0.09140625 0.09375
30 0.54296875 0.9515625 0.19921875 0.09375
30 0.36796875 0.9640625 0.0796875 0.06953125
30 0.4546875 0.3515625 0.16015625 0.12109375
30 0.3875 0.215625 0.1984375 0.07890625
30 0.61328125 0.259375 0.17734375 0.09921875
30 0.546875 0.52265625 0.13828125 0.06875
30 0.44375 0.4640625 0.1671875 0.11796875
