63 0.48046875 0.384375 0.4734375 0.40625
63 0.1734375 0.54296875 0.125 0.0890625
63 0.76328125 0.1890625 0.0890625 0.3125
63 0.3453125 0.7984375 0.1921875 0.3078125
63 0.5109375 0.8125 0.1734375 0.2546875
63 0.61328125 0.884375 0.0921875 0.09375
63 0.54296875 0.9515625 0.2 0.09375
63 0.36796875 0.9640625 0.0796875 0.0703125
63 0.4546875 0.3515625 0.1609375 0.121875
63 0.3875 0.215625 0.1984375 0.0796875
63 0.61328125 0.259375 0.178125 0.1
63 0.546875 0.52265625 0.1390625 0.06875
63 0.44375 0.4640625 0.1671875 0.11875
