25 0.240625 0.259375 0.1875 0.228125
25 0.0890625 0.52578125 0.178125 0.2859375
25 0.078125 0.2390625 0.15625 0.278125
25 0.17578125 0.80546875 0.234375 0.3203125
25 0.0640625 0.8296875 0.109375 0.234375
25 0.2375 0.52578125 0.2046875 0.3078125
25 0.403125 0.259375 0.1609375 0.25
25 0.2046875 0.10859375 0.1609375 0.1484375
25 0.340625 0.403125 0.1125 0.153125
25 0.3421875 0.14609375 0.1328125 0.1609375
25 0.2953125 0.0390625 0.1140625 0.078125
25 0.4296875 0.07421875 0.16875 0.1484375
25 0.4921875 0.4453125 0.209375 0.296875
25 0.3859375 0.61875 0.1734375 0.346875
25 0.44296875 0.8671875 0.2078125 0.265625
25 0.2734375 0.91953125 0.171875 0.1609375
25 0.5546875 0.19375 0.1890625 0.36875
25 0.7546875 0.27421875 0.2375 0.3171875
25 0.578125 0.64296875 0.196875 0.3109375
25 0.5796875 0.9359375 0.1296875 0.128125
25 0.44453125 0.8640625 0.1953125 0.271875
25 0.69609375 0.8328125 0.203125 0.334375
25 0.740625 0.53359375 0.178125 0.3078125
25 0.83046875 0.13515625 0.1609375 0.2484375
25 0.7 0.084375 0.1296875 0.15
25 0.90859375 0.29296875 0.1484375 0.2640625
25 0.9171875 0.525 0.165625 0.259375
25 0.8984375 0.8828125 0.203125 0.234375
25 0.91875 0.753125 0.1625 0.196875
25 0.96171875 0.14140625 0.0765625 0.2328125
