25 0.19609375 0.7421875 0.19375 0.2734375
25 0.08671875 0.6796875 0.1734375 0.2125
25 0.0515625 0.82265625 0.103125 0.1640625
25 0.04375 0.915625 0.0875 0.16875
25 0.140625 0.9234375 0.1328125 0.153125
25 0.2734375 0.86796875 0.15625 0.1921875
25 0.33671875 0.72421875 0.1625 0.228125
25 0.2390625 0.565625 0.1515625 0.1796875
25 0.1875 0.38046875 0.146875 0.196875
25 0.13203125 0.4921875 0.096875 0.2
25 0.04296875 0.471875 0.0859375 0.25
25 0.28984375 0.38515625 0.09375 0.18125
25 0.35078125 0.59140625 0.11875 0.215625
25 0.41328125 0.55703125 0.1265625 0.2984375
25 0.353125 0.45625 0.0953125 0.1390625
25 0.47421875 0.70546875 0.13125 0.25625
25 0.59375 0.578125 0.178125 0.2015625
25 0.5921875 0.74140625 0.1375 0.1875
25 0.71875 0.71875 0.134375 0.2234375
25 0.725 0.53359375 0.1484375 0.2375
25 0.66953125 0.39140625 0.1453125 0.1578125
25 0.53515625 0.4390625 0.134375 0.25625
25 0.46484375 0.2875 0.1328125 0.2390625
25 0.37890625 0.3359375 0.1078125 0.1671875
25 0.34453125 0.2265625 0.0953125 0.1671875
25 0.4390625 0.15703125 0.1015625 0.10625
25 0.58984375 0.10625 0.1109375 0.178125
25 0.6140625 0.2546875 0.146875 0.1609375
25 0.725 0.16328125 0.115625 0.1828125
25 0.86953125 0.60234375 0.153125 0.2328125
25 0.8921875 0.8203125 0.190625 0.2375
25 0.9390625 0.4796875 0.121875 0.26875
25 0.80859375 0.68515625 0.0984375 0.225
25 0.078125 0.38125 0.103125 0.121875
25 0.08203125 0.046875 0.1 0.09375
25 0.06484375 0.13125 0.078125 0.1171875
25 0.175 0.08203125 0.0890625 0.13125
25 0.81640625 0.18671875 0.0515625 0.1
25 0.8625 0.16640625 0.06875 0.084375
25 0.96171875 0.1953125 0.05625 0.10625
25 0.92421875 0.1703125 0.0390625 0.0734375
25 0.86171875 0.1125 0.1078125 0.1171875
25 0.79765625 0.084375 0.0625 0.1125
25 0.66484375 0.05703125 0.0984375 0.1140625
