24 0.4546875 0.50859375 0.196875 0.271875
24 0.35234375 0.53515625 0.18984375 0.6203125
24 0.24296875 0.4859375 0.3484375 0.1203125
24 0.2078125 0.7609375 0.0671875 0.4640625
24 0.15 0.85234375 0.0625 0.2953125
24 0.13359375 0.678125 0.0453125 0.28359375
24 0.1515625 0.390625 0.21875 0.084375
24 0.1546875 0.2140625 0.0625 0.428125
24 0.0609375 0.203125 0.121875 0.40625
24 0.08671875 0.2703125 0.115625 0.16328125
24 0.74765625 0.728125 0.2234375 0.2671875
24 0.6078125 0.85234375 0.32421875 0.115625
24 0.453125 0.9046875 0.3703125 0.13671875
24 0.7765625 0.89765625 0.18046875 0.2046875
24 0.89765625 0.6578125 0.2046875 0.1734375
24 0.796875 0.46640625 0.38203125 0.1421875
24 0.80546875 0.5203125 0.3890625 0.2234375
24 0.83515625 0.35234375 0.3171875 0.21640625
24 0.59765625 0.27265625 0.2640625 0.1203125
24 0.5765625 0.18046875 0.16328125 0.165625
24 0.3484375 0.14921875 0.04296875 0.2984375
24 0.29296875 0.1703125 0.23828125 0.334375
24 0.75625 0.1578125 0.1921875 0.28125
24 0.27421875 0.80859375 0.134375 0.1703125
24 0.375 0.83671875 0.1515625 0.1828125
24 0.3015625 0.6109375 0.23046875 0.10078125
