27 0.359375 0.41015625 0.2078125 0.5046875
27 0.3359375 0.74296875 0.2703125 0.3953125
27 0.1171875 0.571875 0.23125 0.415625
27 0.55234375 0.5 0.2328125 0.4078125
27 0.22421875 0.40234375 0.1515625 0.2984375
27 0.1234375 0.17578125 0.246875 0.3484375
27 0.54921875 0.07890625 0.2546875 0.1578125
27 0.77109375 0.640625 0.259375 0.390625
27 0.6234375 0.8234375 0.24375 0.3484375
27 0.8578125 0.2078125 0.234375 0.415625
27 0.6703125 0.303125 0.271875 0.38125
27 0.34609375 0.10546875 0.2328125 0.2109375
27 0.1171875 0.88984375 0.23125 0.2203125
27 0.959375 0.52265625 0.08125 0.221875
27 0.90859375 0.81796875 0.1828125 0.3640625
