66 0.22109375 0.175 0.1328125 0.159375
66 0.62734375 0.19609375 0.140625 0.2015625
66 0.90625 0.19765625 0.1578125 0.30625
66 0.0890625 0.2953125 0.1484375 0.2125
66 0.43046875 0.29765625 0.16875 0.2296875
66 0.28828125 0.3 0.1328125 0.2078125
66 0.74921875 0.3078125 0.1921875 0.203125
66 0.17109375 0.34296875 0.1484375 0.190625
66 0.57265625 0.36015625 0.1609375 0.1859375
66 0.26015625 0.46484375 0.184375 0.2078125
66 0.70625 0.52890625 0.25625 0.2890625
66 0.08984375 0.53046875 0.153125 0.271875
66 0.5109375 0.6375 0.1953125 0.2625
66 0.30234375 0.67421875 0.215625 0.309375
66 0.87734375 0.68671875 0.184375 0.215625
66 0.10703125 0.0703125 0.1375 0.140625
66 0.6875 0.771875 0.234375 0.2859375
66 0.15078125 0.86484375 0.1796875 0.2703125
66 0.5765625 0.88828125 0.2609375 0.2234375
66 0.35234375 0.9234375 0.2203125 0.153125
66 0.33203125 0.10703125 0.1890625 0.2140625
66 0.49140625 0.14921875 0.1453125 0.2078125
