24 0.478125 0.61328125 0.0578125 0.6203125
24 0.41015625 0.55390625 0.1203125 0.728125
24 0.3375 0.553125 0.10078125 0.7140625
24 0.2859375 0.5265625 0.125 0.7984375
24 0.2453125 0.5359375 0.146875 0.771875
24 0.2078125 0.4671875 0.1703125 0.9109375
24 0.1609375 0.69140625 0.115625 0.4640625
24 0.06875 0.553125 0.07421875 0.7359375
24 0.803125 0.3734375 0.384375 0.365625
24 0.54921875 0.553125 0.103125 0.7046875
24 0.63125 0.640625 0.0625 0.54296875
24 0.67421875 0.6421875 0.13671875 0.553125
24 0.75703125 0.63359375 0.09140625 0.5671875
24 0.8640625 0.671875 0.1296875 0.509375
24 0.9265625 0.51796875 0.07421875 0.50234375
24 0.9578125 0.2453125 0.0671875 0.4515625
