22 0.19375 0.240625 0.221875 0.3375
22 0.4375 0.14921875 0.234375 0.29609375
22 0.703125 0.12109375 0.26171875 0.24140625
22 0.68515625 0.35 0.2578125 0.2890625
22 0.41953125 0.4484375 0.28984375 0.35
22 0.04296875 0.32890625 0.07890625 0.34921875
22 0.1515625 0.56796875 0.26328125 0.34609375
22 0.06953125 0.790625 0.13828125 0.41796875
22 0.24375 0.84765625 0.24375 0.3046875
22 0.484375 0.821875 0.25703125 0.35625
22 0.690625 0.65546875 0.25625 0.41015625
22 0.728125 0.915625 0.28125 0.16875
22 0.9125 0.1265625 0.1671875 0.24765625
22 0.90859375 0.39921875 0.1828125 0.32578125
22 0.915625 0.8046875 0.153125 0.37890625
