25 0.5765625 0.36796875 0.24375 0.43125
25 0.396875 0.41328125 0.221875 0.3984375
25 0.22734375 0.3625 0.1921875 0.384375
25 0.0515625 0.3515625 0.103125 0.3484375
25 0.25859375 0.66875 0.2234375 0.3734375
25 0.54921875 0.83046875 0.296875 0.3390625
25 0.07890625 0.81875 0.1578125 0.3625
25 0.81875 0.384375 0.253125 0.503125
25 0.328125 0.12734375 0.2046875 0.2546875
25 0.09609375 0.13203125 0.1921875 0.2609375
25 0.09609375 0.61875 0.1875 0.4046875
25 0.7796875 0.81328125 0.225 0.3734375
25 0.928125 0.77734375 0.14375 0.440625
25 0.66875 0.6140625 0.1875 0.34375
25 0.51328125 0.6125 0.1546875 0.196875
25 0.934375 0.5046875 0.13125 0.328125
