53 0.39765625 0.70078125 0.075 0.2234375
53 0.27734375 0.68515625 0.1140625 0.2015625
53 0.5953125 0.5421875 0.1078125 0.2921875
53 0.6140625 0.36640625 0.1421875 0.3265625
53 0.84609375 0.68046875 0.1203125 0.2640625
53 0.15390625 0.1 0.1921875 0.1875
53 0.3 0.1078125 0.075 0.215625
53 0.16328125 0.63125 0.125 0.2046875
53 0.2078125 0.26171875 0.1515625 0.10625
53 0.2765625 0.37265625 0.125 0.29375
53 0.33203125 0.8640625 0.09375 0.259375
53 0.89296875 0.525 0.1203125 0.1515625
53 0.77421875 0.4015625 0.134375 0.1546875
53 0.52265625 0.4234375 0.115625 0.1828125
53 0.72734375 0.76328125 0.09375 0.303125
