22 0.20234375 0.1796875 0.19375 0.1703125
22 0.1890625 0.38828125 0.1859375 0.240625
22 0.1140625 0.6234375 0.1734375 0.228125
22 0.40234375 0.38359375 0.178125 0.240625
22 0.309375 0.61796875 0.1921875 0.2734375
22 0.6109375 0.346875 0.1921875 0.2671875
22 0.51640625 0.565625 0.1875 0.2578125
22 0.73203125 0.56640625 0.23125 0.2875
22 0.228125 0.8140625 0.225 0.2234375
22 0.43203125 0.7796875 0.1953125 0.2890625
22 0.63828125 0.74921875 0.2 0.278125
22 0.85546875 0.74921875 0.209375 0.253125
22 0.92109375 0.54140625 0.1578125 0.265625
