25 0.38046875 0.16953125 0.265625 0.3359375
25 0.4359375 0.48125 0.24765625 0.32578125
25 0.415625 0.73515625 0.246875 0.26640625
25 0.228125 0.6671875 0.18984375 0.48046875
25 0.07890625 0.49921875 0.1578125 0.4515625
25 0.171875 0.25546875 0.221875 0.36640625
25 0.0515625 0.1140625 0.103125 0.228125
25 0.0953125 0.88671875 0.18828125 0.22578125
25 0.70078125 0.77578125 0.2109375 0.4484375
25 0.75625 0.71015625 0.1875 0.2921875
25 0.77265625 0.3921875 0.2390625 0.35625
25 0.5890625 0.16484375 0.228125 0.3296875
25 0.5734375 0.57109375 0.18125 0.28828125
25 0.8125 0.10859375 0.2109375 0.2171875
25 0.48359375 0.8734375 0.2890625 0.253125
