25 0.05703125 0.06796875 0.1125 0.1296875
25 0.16640625 0.1078125 0.128125 0.1234375
25 0.0515625 0.20078125 0.1 0.159375
25 0.1625 0.20546875 0.13125 0.115625
25 0.12265625 0.37421875 0.140625 0.2046875
25 0.03125 0.3359375 0.0625 0.1078125
25 0.05390625 0.56171875 0.1078125 0.153125
25 0.0359375 0.428125 0.071875 0.13125
25 0.03828125 0.68203125 0.0765625 0.1296875
25 0.1328125 0.73359375 0.1671875 0.2109375
25 0.0765625 0.88828125 0.10625 0.2234375
25 0.17109375 0.9234375 0.21875 0.153125
25 0.31328125 0.92265625 0.1421875 0.1546875
25 0.3703125 0.5125 0.1796875 0.215625
25 0.25625 0.4203125 0.1453125 0.18125
25 0.2953125 0.27578125 0.1453125 0.1421875
25 0.2859375 0.0703125 0.1203125 0.140625
25 0.47734375 0.06875 0.1515625 0.1375
25 0.46953125 0.20234375 0.1546875 0.153125
25 0.41015625 0.36328125 0.175 0.196875
25 0.39765625 0.7734375 0.1609375 0.2734375
25 0.3265625 0.70546875 0.1484375 0.190625
25 0.24375 0.58984375 0.15 0.14375
25 0.86953125 0.43984375 0.2609375 0.38125
25 0.8015625 0.76875 0.1859375 0.2765625
25 0.5953125 0.76796875 0.23125 0.321875
25 0.51875 0.92578125 0.2703125 0.1484375
25 0.89375 0.95390625 0.2109375 0.090625
25 0.68203125 0.51171875 0.215625 0.3671875
25 0.83359375 0.25 0.21875 0.196875
25 0.74765625 0.06796875 0.184375 0.1359375
25 0.56328125 0.4046875 0.1234375 0.228125
25 0.571875 0.28359375 0.1546875 0.153125
25 0.61640625 0.16953125 0.1171875 0.128125
25 0.90546875 0.12109375 0.1890625 0.1484375
25 0.52578125 0.6125 0.1578125 0.2125
