79 0.2625 0.490625 0.15 0.1875
79 0.265625 0.28671875 0.153125 0.1953125
79 0.41796875 0.49765625 0.1390625 0.1875
79 0.42578125 0.28671875 0.1421875 0.1953125
79 0.42265625 0.71015625 0.1390625 0.1875
79 0.57578125 0.29375 0.14375 0.1875
79 0.5765625 0.50234375 0.1484375 0.1890625
79 0.57578125 0.70625 0.146875 0.1953125
79 0.7375 0.7140625 0.1484375 0.190625
79 0.73203125 0.4875 0.1421875 0.1890625
79 0.734375 0.29140625 0.15 0.1921875
79 0.88828125 0.296875 0.1578125 0.1875
79 0.8890625 0.4921875 0.1640625 0.1875
79 0.8890625 0.71484375 0.1546875 0.19375
