21 0.44609375 0.49140625 0.0203125 0.015625
21 0.43828125 0.475 0.0234375 0.0140625
21 0.45234375 0.50546875 0.0203125 0.0171875
21 0.4375 0.50859375 0.0109375 0.0125
21 0.52734375 0.4765625 0.015625 0.0125
21 0.17421875 0.50234375 0.0203125 0.0125
21 0.1671875 0.49609375 0.0109375 0.0140625
21 0.13515625 0.47578125 0.0109375 0.0078125
21 0.12734375 0.428125 0.0109375 0.0078125
21 0.134375 0.42890625 0.0078125 0.009375
21 0.33203125 0.39296875 0.015625 0.01875
21 0.2703125 0.3828125 0.0203125 0.0109375
21 0.58828125 0.36875 0.0125 0.0171875
21 0.6078125 0.34296875 0.0203125 0.015625
21 0.59921875 0.36640625 0.01875 0.0140625
21 0.59375 0.38359375 0.0203125 0.0171875
21 0.61015625 0.38125 0.015625 0.0140625
21 0.60625 0.40546875 0.015625 0.015625
21 0.61796875 0.40703125 0.0125 0.015625
21 0.690625 0.4328125 0.015625 0.015625
21 0.7171875 0.43671875 0.0140625 0.0109375
21 0.72421875 0.36171875 0.009375 0.0078125
21 0.73046875 0.359375 0.0078125 0.0109375
21 0.721875 0.32890625 0.00625 0.0078125
21 0.71484375 0.3265625 0.009375 0.0078125
21 0.7046875 0.3203125 0.0078125 0.00625
21 0.69765625 0.3234375 0.0078125 0.00625
21 0.76328125 0.31484375 0.0109375 0.0078125
21 0.728125 0.371875 0.009375 0.0109375
21 0.515625 0.2828125 0.015625 0.0125
21 0.509375 0.2734375 0.0171875 0.0078125
21 0.50859375 0.30234375 0.01875 0.0109375
21 0.59765625 0.246875 0.0125 0.009375
21 0.4453125 0.20390625 0.0125 0.0125
21 0.44296875 0.22734375 0.0109375 0.009375
21 0.4296875 0.20546875 0.0140625 0.009375
21 0.37421875 0.234375 0.0109375 0.0046875
21 0.3421875 0.24921875 0.0078125 0.0078125
21 0.35078125 0.2484375 0.0078125 0.00625
21 0.3328125 0.24921875 0.0109375 0.0125
21 0.2859375 0.30390625 0.009375 0.0109375
21 0.24375 0.34609375 0.00625 0.00625
21 0.25234375 0.34375 0.009375 0.00625
21 0.221875 0.40703125 0.0078125 0.0078125
21 0.453125 0.428125 0.015625 0.0125
21 0.46796875 0.43671875 0.0109375 0.0171875
21 0.48125 0.52578125 0.015625 0.0125
21 0.54140625 0.51875 0.0140625 0.0140625
21 0.55546875 0.5140625 0.015625 0.0140625
21 0.54921875 0.5515625 0.0109375 0.0078125
21 0.46484375 0.66484375 0.015625 0.015625
21 0.48125 0.66875 0.0109375 0.0140625
21 0.48828125 0.64921875 0.0109375 0.0203125
21 0.5171875 0.63515625 0.015625 0.015625
21 0.58984375 0.66875 0.0125 0.0125
21 0.45703125 0.86015625 0.0203125 0.015625
21 0.44765625 0.86796875 0.0140625 0.015625
21 0.434375 0.86953125 0.015625 0.015625
21 0.56640625 0.8875 0.0109375 0.0140625
21 0.57734375 0.8828125 0.0140625 0.0171875
21 0.5796875 0.753125 0.0234375 0.0140625
21 0.71484375 0.62578125 0.015625 0.0140625
21 0.7015625 0.625 0.015625 0.015625
21 0.8328125 0.62734375 0.0109375 0.0109375
21 0.8234375 0.59375 0.0109375 0.0078125
21 0.8296875 0.553125 0.0140625 0.009375
21 0.80390625 0.33515625 0.0109375 0.0109375
21 0.59453125 0.265625 0.015625 0.0109375
21 0.359375 0.284375 0.0109375 0.0078125
21 0.13671875 0.38984375 0.00625 0.0078125
21 0.18125 0.6109375 0.0171875 0.0109375
21 0.171875 0.5984375 0.0140625 0.0078125
21 0.13671875 0.74375 0.0109375 0.0125
21 0.22578125 0.67265625 0.0125 0.0125
21 0.86953125 0.5171875 0.0171875 0.0171875
21 0.784375 0.4625 0.0140625 0.0125
21 0.91171875 0.55 0.009375 0.0125
21 0.91484375 0.56875 0.0125 0.015625
21 0.93828125 0.56953125 0.009375 0.015625
21 0.95 0.57265625 0.0140625 0.0171875
