56 0.44609375 0.8953125 0.4453125 0.2046875
56 0.228125 0.82578125 0.2515625 0.240625
56 0.27890625 0.678125 0.29375 0.3703125
56 0.3296875 0.43046875 0.415625 0.3953125
56 0.63203125 0.58984375 0.4984375 0.446875
56 0.65 0.33671875 0.5890625 0.5296875
56 0.334375 0.16015625 0.303125 0.3203125
56 0.3546875 0.09140625 0.290625 0.1828125
56 0.6359375 0.1421875 0.4546875 0.2828125
56 0.6609375 0.9515625 0.23125 0.0921875
56 0.56953125 0.76796875 0.540625 0.459375
56 0.13671875 0.78515625 0.2171875 0.221875
56 0.7671875 0.17578125 0.4078125 0.3171875
56 0.146875 0.6234375 0.178125 0.271875
56 0.21875 0.42890625 0.21875 0.2671875
56 0.28828125 0.228125 0.259375 0.2984375
