26 0.49375 0.49375 0.81015625 0.1875
26 0.44375 0.67421875 0.78828125 0.1921875
26 0.13828125 0.796875 0.2765625 0.09375
26 0.05078125 0.7078125 0.10078125 0.13203125
26 0.15859375 0.56640625 0.3171875 0.13671875
26 0.125 0.48828125 0.25 0.13203125
26 0.640625 0.7859375 0.71640625 0.115625
26 0.771875 0.73828125 0.44921875 0.21171875
26 0.28984375 0.365625 0.5796875 0.18046875
26 0.28125 0.25390625 0.5625 0.19453125
26 0.23828125 0.21015625 0.4734375 0.1078125
26 0.78125 0.21875 0.4328125 0.1203125
26 0.8296875 0.25625 0.3390625 0.15859375
26 0.7828125 0.37890625 0.43046875 0.1109375
26 0.93984375 0.51171875 0.11796875 0.14921875
26 0.6875 0.5671875 0.6203125 0.1515625
