26 0.59375 0.81875 0.5265625 0.3609375
26 0.47578125 0.8421875 0.5046875 0.31015625
26 0.4125 0.68515625 0.6921875 0.62734375
26 0.28125 0.6578125 0.5625 0.55546875
26 0.11640625 0.67421875 0.2328125 0.36328125
26 0.22109375 0.40859375 0.4421875 0.428125
26 0.7234375 0.49609375 0.55078125 0.66796875
26 0.97109375 0.18515625 0.05546875 0.084375
26 0.80390625 0.13203125 0.29296875 0.209375
26 0.6546875 0.39921875 0.68515625 0.5890625
26 0.41484375 0.68515625 0.69921875 0.62734375
26 0.328125 0.2296875 0.478125 0.44453125
26 0.53515625 0.2234375 0.5984375 0.446875
26 0.90859375 0.49765625 0.18046875 0.31484375
