67 0.56015625 0.2953125 0.3484375 0.590625
67 0.74609375 0.734375 0.2765625 0.4234375
67 0.7453125 0.19609375 0.190625 0.3921875
67 0.571875 0.1 0.2703125 0.2
67 0.365625 0.10078125 0.23125 0.2015625
67 0.35546875 0.3296875 0.3296875 0.5578125
67 0.6890625 0.45078125 0.2765625 0.4421875
67 0.8390625 0.56875 0.1703125 0.4578125
67 0.56640625 0.91484375 0.2484375 0.16875
67 0.5046875 0.71875 0.35625 0.5609375
67 0.25390625 0.6203125 0.2796875 0.5234375
67 0.34609375 0.9015625 0.271875 0.1921875
67 0.171875 0.290625 0.2140625 0.3890625
