56 0.46171875 0.4890625 0.6515625 0.43125
56 0.0484375 0.728125 0.0828125 0.1765625
56 0.37109375 0.20625 0.7421875 0.09375
56 0.74375 0.21875 0.4828125 0.128125
56 0.68515625 0.34765625 0.61875 0.1828125
56 0.896875 0.2328125 0.1828125 0.15625
56 0.4578125 0.7484375 0.59375 0.18125
56 0.1765625 0.775 0.2671875 0.1328125
56 0.12734375 0.43984375 0.2546875 0.159375
56 0.1046875 0.296875 0.209375 0.146875
56 0.27890625 0.4859375 0.3109375 0.1703125
56 0.30546875 0.3328125 0.3375 0.1703125
56 0.51171875 0.58671875 0.68125 0.240625
56 0.85234375 0.75703125 0.29375 0.146875
56 0.83046875 0.60546875 0.334375 0.2046875
56 0.86640625 0.446875 0.2640625 0.1328125
56 0.69921875 0.3484375 0.5890625 0.1734375
