109 0.86875 0.65625 0.11875 0.34375
109 0.7921875 0.66328125 0.1390625 0.3609375
109 0.86875 0.28515625 0.1515625 0.43125
109 0.69140625 0.69453125 0.2046875 0.321875
109 0.5609375 0.70703125 0.16875 0.3296875
109 0.4984375 0.71640625 0.1921875 0.334375
109 0.4546875 0.69609375 0.1734375 0.321875
109 0.36796875 0.72265625 0.1625 0.396875
109 0.2859375 0.7546875 0.159375 0.3515625
109 0.13671875 0.759375 0.1375 0.34375
109 0.1875 0.7015625 0.10625 0.315625
109 0.10546875 0.41328125 0.1640625 0.4140625
109 0.32109375 0.3890625 0.16875 0.4546875
109 0.396875 0.33046875 0.1828125 0.4328125
109 0.50234375 0.353125 0.228125 0.41875
109 0.74375 0.37890625 0.16875 0.353125
109 0.790625 0.22734375 0.159375 0.3109375
109 0.68515625 0.29921875 0.1875 0.4546875
109 0.60546875 0.3765625 0.1703125 0.4109375
109 0.5359375 0.30078125 0.1875 0.3796875
109 0.2171875 0.39765625 0.1921875 0.459375
