56 0.25 0.45546875 0.384375 0.259375
56 0.18359375 0.4859375 0.275 0.1796875
56 0.24609375 0.5171875 0.3421875 0.2125
56 0.2140625 0.584375 0.36875 0.2140625
56 0.33046875 0.56953125 0.2703125 0.159375
56 0.3375 0.6546875 0.365625 0.21875
56 0.4328125 0.6921875 0.428125 0.284375
56 0.56875 0.66484375 0.3421875 0.246875
56 0.5109375 0.71875 0.4046875 0.28125
56 0.478125 0.75625 0.3390625 0.2390625
56 0.38671875 0.70078125 0.3171875 0.2
56 0.1515625 0.56875 0.259375 0.146875
56 0.2546875 0.64765625 0.334375 0.190625
56 0.26953125 0.6859375 0.3171875 0.190625
56 0.34765625 0.64921875 0.3390625 0.2046875
