34 0.56015625 0.2953125 0.3484375 0.590625
34 0.74609375 0.734375 0.2765625 0.4234375
34 0.7453125 0.19609375 0.18984375 0.3921875
34 0.571875 0.1 0.26953125 0.19921875
34 0.365625 0.10078125 0.23046875 0.2015625
34 0.35546875 0.3296875 0.3296875 0.5578125
34 0.6890625 0.45078125 0.2765625 0.4421875
34 0.8390625 0.56875 0.1703125 0.45703125
34 0.56640625 0.91484375 0.24765625 0.16796875
34 0.5046875 0.71875 0.35546875 0.56015625
34 0.25390625 0.6203125 0.27890625 0.52421875
34 0.34609375 0.9015625 0.271875 0.1921875
34 0.171875 0.290625 0.2140625 0.3890625
