34 0.47734375 0.85078125 0.3171875 0.2953125
34 0.4015625 0.8765625 0.31484375 0.2453125
34 0.446875 0.775 0.27421875 0.2953125
34 0.24140625 0.44453125 0.2765625 0.38671875
34 0.2171875 0.28515625 0.3171875 0.3796875
34 0.2765625 0.3890625 0.271875 0.375
34 0.72265625 0.34375 0.24296875 0.2328125
34 0.70703125 0.26328125 0.2859375 0.22109375
34 0.68046875 0.19609375 0.240625 0.18984375
34 0.7203125 0.1671875 0.209375 0.16328125
34 0.8484375 0.6734375 0.24765625 0.22578125
34 0.75 0.74765625 0.271875 0.23046875
34 0.75625 0.58515625 0.27890625 0.240625
