79 0.33515625 0.72578125 0.15390625 0.32421875
79 0.3859375 0.821875 0.18984375 0.34375
79 0.41953125 0.88828125 0.18984375 0.21875
79 0.49296875 0.725 0.2546875 0.49765625
79 0.48828125 0.55078125 0.228125 0.446875
79 0.41796875 0.48046875 0.1703125 0.3578125
79 0.6 0.43984375 0.259375 0.49765625
79 0.6609375 0.203125 0.20703125 0.334375
79 0.56484375 0.06640625 0.1109375 0.13203125
79 0.5875 0.265625 0.23046875 0.43984375
79 0.5140625 0.2125 0.1734375 0.36328125
79 0.446875 0.25390625 0.146875 0.3078125
