56 0.728125 0.53515625 0.5390625 0.5453125
56 0.53984375 0.7453125 0.6875 0.48125
56 0.4421875 0.6421875 0.7953125 0.5296875
56 0.275 0.4171875 0.55 0.51875
56 0.34140625 0.33984375 0.6828125 0.5265625
56 0.428125 0.23046875 0.45 0.334375
56 0.6125 0.1078125 0.2625 0.215625
56 0.6921875 0.35234375 0.4453125 0.3796875
56 0.884375 0.53515625 0.2265625 0.3515625
56 0.821875 0.2203125 0.1453125 0.1421875
56 0.7015625 0.1078125 0.240625 0.215625
56 0.3140625 0.89921875 0.2359375 0.196875
56 0.20546875 0.6359375 0.36875 0.25
