63 0.05 0.384375 0.1 0.2375
63 0.17578125 0.25 0.2828125 0.2953125
63 0.3578125 0.3609375 0.215625 0.2203125
63 0.21640625 0.453125 0.2921875 0.30625
63 0.07890625 0.64140625 0.1578125 0.2203125
63 0.284375 0.60234375 0.2828125 0.2828125
63 0.40859375 0.553125 0.2109375 0.209375
63 0.578125 0.24921875 0.590625 0.4984375
63 0.77734375 0.20390625 0.3734375 0.34375
63 0.5703125 0.39921875 0.4875 0.4703125
63 0.759375 0.33671875 0.48125 0.5140625
63 0.5875 0.77578125 0.540625 0.4484375
63 0.39921875 0.83203125 0.5046875 0.3359375
63 0.821875 0.653125 0.35625 0.440625
63 0.9203125 0.60078125 0.159375 0.3015625
