63 0.103125 0.0734375 0.20625 0.146875
63 0.3453125 0.10546875 0.19375 0.1421875
63 0.44921875 0.3078125 0.1375 0.1015625
63 0.28125 0.3140625 0.21875 0.10625
63 0.03359375 0.3859375 0.0671875 0.18125
63 0.26171875 0.47578125 0.159375 0.15
63 0.39453125 0.4984375 0.1109375 0.1203125
63 0.72578125 0.28359375 0.3359375 0.315625
63 0.91796875 0.3765625 0.159375 0.2765625
63 0.61171875 0.44921875 0.1875 0.334375
63 0.81640625 0.5 0.3203125 0.2359375
63 0.41328125 0.8125 0.2078125 0.3734375
63 0.1390625 0.815625 0.278125 0.3625
63 0.74375 0.86328125 0.2765625 0.271875
63 0.884375 0.9 0.228125 0.1953125
