43 0.342982609375 0.54817415625 0.32803084375 0.640158859375 0.33555690625 0.655104921875 0.378627875 0.661284078125 0.43578978125 0.621258890625 0.436252828125 0.619811515625 0.452632515625 0.609465484375 0.475379 0.59353821875 0.48429553125 0.575085546875 0.48799634375 0.5411923125 0.486115640625 0.534653796875 0.4635619375 0.502443765625 0.443422765625 0.501321625 0.4201125 0.507209671875 0.373926234375 0.525202953125 0.342982609375 0.54817415625
43 0.418242015625 0.463680984375 0.424585125 0.50626771875 0.4486135 0.544309140625 0.521992296875 0.56249134375 0.546630296875 0.562722140625 0.57142396875 0.545361421875 0.57416075 0.511266265625 0.56509996875 0.48400696875 0.53330153125 0.438594078125 0.49997340625 0.421148359375 0.4670008125 0.41876240625 0.4204351875 0.44352996875 0.418242015625 0.463680984375
43 0.322000265625 0.33729303125 0.306656875 0.36567215625 0.299189984375 0.388536140625 0.301164453125 0.40672290625 0.31702521875 0.429374421875 0.365227828125 0.47260334375 0.39752446875 0.49545571875 0.41735490625 0.4815703125 0.4171126875 0.44705046875 0.44686821875 0.4262154375 0.463678328125 0.42228290625 0.462855046875 0.41971015625 0.4369448125 0.382706515625 0.410575328125 0.358551265625 0.37187396875 0.33960178125 0.33162703125 0.330552296875 0.322000265625 0.33729303125
43 0.3714756875 0.21644684375 0.347345734375 0.211788203125 0.31994265625 0.219218984375 0.295483609375 0.23830490625 0.2812201875 0.27474565625 0.293416390625 0.3014769375 0.319126859375 0.335401296875 0.33856246875 0.329630375 0.37338665625 0.34068578125 0.43521103125 0.297395875 0.434615 0.290786546875 0.421498109375 0.26274040625 0.394105578125 0.232933125 0.3714756875 0.21644684375
43 0.17676375 0.47399965625 0.192961171875 0.519483875 0.207691875 0.540521484375 0.274671484375 0.55142740625 0.289224703125 0.5522134375 0.325196328125 0.52702584375 0.3256018125 0.49610578125 0.274186171875 0.422676625 0.2572559375 0.416658671875 0.2180206875 0.4127793125 0.17398953125 0.43185321875 0.17676375 0.47399965625
43 0.289485 0.615424375 0.27884653125 0.616994984375 0.26576459375 0.628114578125 0.249637078125 0.66096178125 0.2456708125 0.681374578125 0.248910625 0.705559421875 0.2765761875 0.74693259375 0.320040171875 0.779203078125 0.340118125 0.783621921875 0.37841178125 0.756808421875 0.383029125 0.734118 0.373719234375 0.678912296875 0.30834121875 0.62279596875 0.289485 0.615424375
43 0.337162734375 0.689744171875 0.32313365625 0.70608865625 0.3028693125 0.745710703125 0.322472734375 0.783501953125 0.342445265625 0.791037140625 0.374864203125 0.7911614375 0.389949875 0.7868785625 0.4328728125 0.75682359375 0.454290828125 0.719895390625 0.46288196875 0.71257553125 0.466016421875 0.696638625 0.45890634375 0.686484390625 0.437299046875 0.709620953125 0.4030356875 0.716657203125 0.35476128125 0.710679796875 0.337162734375 0.689744171875
43 0.406550671875 0.843185015625 0.426433921875 0.8533911875 0.440891265625 0.853049890625 0.4744525625 0.847809453125 0.501094609375 0.838284234375 0.51626 0.826361046875 0.55298234375 0.766356125 0.552722015625 0.765984328125 0.503849625 0.775055546875 0.4716091875 0.769589265625 0.452434015625 0.747801203125 0.447400328125 0.72757671875 0.43011721875 0.739678484375 0.426589328125 0.743073546875 0.411066859375 0.765680703125 0.39105828125 0.816861890625 0.406550671875 0.843185015625
43 0.4871091875 0.69813396875 0.47955909375 0.722332171875 0.484979 0.742665703125 0.524483703125 0.7613049375 0.56604715625 0.758946921875 0.6205253125 0.72080090625 0.620539015625 0.720783328125 0.626417234375 0.70818975 0.6279045 0.682666546875 0.6116024375 0.659384796875 0.549871 0.654839796875 0.524984140625 0.659875453125 0.49859784375 0.680959828125 0.4871091875 0.69813396875
43 0.600481546875 0.632292359375 0.6009930625 0.655410625 0.625070578125 0.684199984375 0.6446028125 0.695304046875 0.674385828125 0.702161984375 0.778184 0.62948171875 0.779772234375 0.62714259375 0.737439578125 0.566685296875 0.702433125 0.549819 0.640379375 0.58153128125 0.609780765625 0.613390640625 0.600481546875 0.632292359375
43 0.4652413125 0.40276809375 0.458393265625 0.42517046875 0.459951859375 0.455381046875 0.47693159375 0.48522759375 0.487278234375 0.48983328125 0.507579765625 0.475617984375 0.54384053125 0.394685203125 0.5657710625 0.375999953125 0.552261984375 0.356707 0.54062209375 0.356507140625 0.51275446875 0.364282046875 0.475938640625 0.39006075 0.4652413125 0.40276809375
