43 0.463764234375 0.501509265625 0.47258515625 0.519559171875 0.4864985625 0.53214440625 0.521924265625 0.5451359375 0.606211671875 0.537761734375 0.63384115625 0.522599671875 0.642231671875 0.51222459375 0.6383505625 0.467863171875 0.6259001875 0.450935734375 0.5968950625 0.425031796875 0.575459953125 0.415614140625 0.571601078125 0.415312296875 0.54559596875 0.4175874375 0.516408265625 0.42830915625 0.4675010625 0.461447796875 0.4616660625 0.471159984375 0.463764234375 0.501509265625
43 0.3662486875 0.533313859375 0.3468128125 0.564538390625 0.336569328125 0.60999928125 0.33806075 0.636607609375 0.342832359375 0.652901921875 0.349880828125 0.661755265625 0.36826071875 0.668372546875 0.373304078125 0.6679313125 0.380153578125 0.663563203125 0.393726375 0.66571809375 0.396115796875 0.64044140625 0.42030309375 0.62049940625 0.425146921875 0.608934453125 0.42317184375 0.57679784375 0.4318560625 0.556541015625 0.444018296875 0.552134609375 0.47936878125 0.5546124375 0.489525453125 0.5595520625 0.4849445625 0.50719240625 0.47628921875 0.500290109375 0.44626621875 0.49177559375 0.381054453125 0.520877359375 0.3662486875 0.533313859375
43 0.7699118125 0.556523890625 0.732208 0.565393140625 0.717498984375 0.5789353125 0.709894703125 0.5924129375 0.68305665625 0.68723271875 0.68373378125 0.694972296875 0.690415515625 0.70441478125 0.69026246875 0.712227 0.697850859375 0.71769075 0.72636659375 0.718538296875 0.759292515625 0.728269796875 0.776399828125 0.726773109375 0.8194169375 0.6825445 0.827859765625 0.66191884375 0.825189953125 0.63140278125 0.819500671875 0.61179071875 0.81401146875 0.5777333125 0.80364240625 0.5691705 0.7699118125 0.556523890625
43 0.691593046875 0.44016821875 0.661118828125 0.46751159375 0.651062890625 0.492650359375 0.648899890625 0.512497734375 0.658519734375 0.539679421875 0.68303771875 0.558865546875 0.695993453125 0.56127621875 0.768112859375 0.55496659375 0.770895140625 0.548640625 0.767936390625 0.514821875 0.745406671875 0.488578921875 0.72820059375 0.457460109375 0.707362734375 0.442134609375 0.691593046875 0.44016821875
43 0.90621328125 0.462720125 0.8841699375 0.488045140625 0.854517984375 0.502894640625 0.8027014375 0.51299859375 0.79152671875 0.533473296875 0.79259078125 0.5456355 0.815859890625 0.57256678125 0.819489421875 0.58184109375 0.901152625 0.574696484375 0.97383846875 0.537695390625 0.969677875 0.4901395625 0.9609318125 0.485785828125 0.93526896875 0.46017809375 0.915885015625 0.458531625 0.90621328125 0.462720125
43 0.8313633125 0.597984046875 0.825765859375 0.60571553125 0.82375903125 0.6114616875 0.826523828125 0.633502140625 0.836566640625 0.652677625 0.851030234375 0.669795171875 0.87665265625 0.685379375 0.906635234375 0.683870359375 0.906843328125 0.68399140625 0.9568535 0.67961609375 0.96800659375 0.66346046875 0.970335359375 0.6231485 0.98002209375 0.608374546875 0.976637046875 0.56968321875 0.97314346875 0.56441165625 0.95005196875 0.558633078125 0.89470540625 0.585757609375 0.8313633125 0.597984046875
43 0.7919220625 0.7008385625 0.7820678125 0.741016984375 0.783673765625 0.75300596875 0.802719890625 0.786055109375 0.8324513125 0.82026065625 0.844305359375 0.8306249375 0.887585 0.82683846875 0.903955703125 0.80982225 0.931141515625 0.766774109375 0.926851578125 0.7177398125 0.912712703125 0.706164578125 0.890866125 0.67294221875 0.88573509375 0.670153453125 0.860212890625 0.672386359375 0.83668096875 0.6839566875 0.82555178125 0.68409384375 0.80387446875 0.691009453125 0.7919220625 0.7008385625
43 0.648331765625 0.764843046875 0.634708546875 0.81287984375 0.638937296875 0.84848009375 0.6569585 0.87618153125 0.660062265625 0.878113484375 0.75963096875 0.869402359375 0.761414640625 0.86035065625 0.75559584375 0.857513671875 0.763190171875 0.85517621875 0.794184296875 0.81483690625 0.788226296875 0.746736578125 0.7485510625 0.71968653125 0.690605046875 0.73228478125 0.665973921875 0.743641421875 0.648331765625 0.764843046875
43 0.62394240625 0.699268328125 0.60204721875 0.703693453125 0.59097446875 0.717209953125 0.573719765625 0.723738640625 0.564349921875 0.731250515625 0.569926515625 0.750420765625 0.57522878125 0.753721203125 0.592991875 0.75300365625 0.612514296875 0.759660828125 0.624452953125 0.771436109375 0.66494809375 0.767893234375 0.679677890625 0.760959921875 0.675381890625 0.71185653125 0.661018140625 0.696442875 0.645401828125 0.68986221875 0.635305671875 0.689072484375 0.62394240625 0.699268328125
43 0.52287890625 0.71904309375 0.510498828125 0.71761665625 0.481751796875 0.720131703125 0.467741453125 0.72554003125 0.452528484375 0.749038671875 0.454852640625 0.775603875 0.46455321875 0.797341125 0.490983890625 0.81928771875 0.5041466875 0.842395109375 0.507393671875 0.844416203125 0.57665640625 0.8383565 0.570017390625 0.762472078125 0.5694049375 0.76056275 0.539746140625 0.727187328125 0.52287890625 0.71904309375
43 0.505139703125 0.59111778125 0.490572609375 0.5710610625 0.452835125 0.572689640625 0.4358709375 0.582538984375 0.388763578125 0.591679453125 0.373566828125 0.602628921875 0.36869221875 0.61058403125 0.368684921875 0.612552671875 0.37167465625 0.646725453125 0.377182109375 0.6566861875 0.3972855625 0.6699846875 0.42215859375 0.699596203125 0.4344579375 0.706467046875 0.477032046875 0.72159503125 0.550093484375 0.715202984375 0.551560375 0.714207015625 0.57583428125 0.64968271875 0.57214459375 0.607509328125 0.561068015625 0.600027203125 0.526647453125 0.601365609375 0.5175116875 0.598818796875 0.505139703125 0.59111778125
43 0.313120578125 0.695064484375 0.3030970625 0.69510490625 0.280749875 0.707098234375 0.25782165625 0.712450265625 0.239816359375 0.7295010625 0.229397265625 0.750489015625 0.22996209375 0.769679484375 0.23607140625 0.775837125 0.2319393125 0.779544703125 0.24327015625 0.7944471875 0.238322921875 0.80157215625 0.24006603125 0.821496046875 0.28526040625 0.86689653125 0.31299509375 0.8771085625 0.337188015625 0.874991953125 0.35630471875 0.870300890625 0.381823609375 0.856357046875 0.430165984375 0.804027953125 0.430684796875 0.783384296875 0.430156578125 0.77734659375 0.426970265625 0.767500796875 0.403420796875 0.74028303125 0.34273915625 0.702511390625 0.313120578125 0.695064484375
43 0.255932078125 0.4505259375 0.25304278125 0.4620716875 0.2400654375 0.466553125 0.24423775 0.488774046875 0.26476078125 0.51960265625 0.258118765625 0.526457625 0.238434859375 0.530689296875 0.23641396875 0.5349029375 0.236797984375 0.5392923125 0.27488903125 0.55259546875 0.30022215625 0.56836421875 0.31553175 0.584173375 0.338556609375 0.592547890625 0.375482421875 0.589317296875 0.392047921875 0.573714765625 0.395900375 0.565073203125 0.39186278125 0.5189233125 0.373801015625 0.492496015625 0.3191560625 0.460051859375 0.2836460625 0.448937796875 0.255932078125 0.4505259375
43 0.427785625 0.407317703125 0.40557559375 0.4272459375 0.392525625 0.430897203125 0.35723353125 0.422273625 0.354207078125 0.425884484375 0.357588578125 0.43269903125 0.3754161875 0.439086234375 0.392791828125 0.45304159375 0.407875421875 0.472634875 0.397077828125 0.509004515625 0.462147546875 0.50331165625 0.468038859375 0.49323596875 0.462874203125 0.43420371875 0.445621359375 0.407430296875 0.439673515625 0.390383828125 0.435323515625 0.391600921875 0.427785625 0.407317703125
43 0.5564999375 0.546560578125 0.553836640625 0.554322234375 0.565022234375 0.567564390625 0.569937046875 0.585537765625 0.566386 0.595886640625 0.590298625 0.62725521875 0.590618125 0.648918796875 0.600066078125 0.648092203125 0.60265440625 0.647505390625 0.64536346875 0.619928140625 0.650820671875 0.61039725 0.646590921875 0.56205090625 0.641764390625 0.5533216875 0.61650390625 0.538383109375 0.576627703125 0.541035296875 0.5564999375 0.546560578125
43 0.7899609375 0.39184534375 0.782568296875 0.4092224375 0.785473484375 0.442428921875 0.807158609375 0.48654015625 0.824679515625 0.502155859375 0.83069775 0.5024370625 0.888114953125 0.49741371875 0.906616609375 0.486453140625 0.900441171875 0.415867625 0.893351640625 0.40203971875 0.879954734375 0.388991015625 0.857123453125 0.3763494375 0.853601671875 0.37495575 0.84853071875 0.37539940625 0.840014015625 0.38453846875 0.8120095 0.38280596875 0.796748234375 0.3866506875 0.7899609375 0.39184534375
