43 0.78057728125 0.35771403125 0.76634859375 0.3481440625 0.714991515625 0.358326125 0.69817578125 0.342087359375 0.6992775625 0.3278595625 0.739615734375 0.297305484375 0.7258181875 0.27981084375 0.641404671875 0.28309365625 0.561830484375 0.3841906875 0.496484609375 0.440641 0.521871375 0.521120953125 0.55155059375 0.549781828125 0.653239921875 0.60174896875 0.704597 0.591566890625 0.7533330625 0.552568921875 0.79189025 0.51264178125 0.791165421875 0.440227390625 0.758061015625 0.422160484375 0.770373296875 0.4187585 0.75585709375 0.39639940625 0.780433671875 0.378427828125 0.78057728125 0.35771403125
43 0.75900671875 0.59088409375 0.643884328125 0.5923149375 0.618397515625 0.614968171875 0.6041691875 0.65961490625 0.6140386875 0.737263796875 0.633266296875 0.80246421875 0.739118546875 0.904684546875 0.765489984375 0.877376125 0.842415421875 0.786814515625 0.853433984375 0.752969796875 0.848786609375 0.699826140625 0.814053 0.627359703125 0.75900671875 0.59088409375
43 0.595883671875 1 0.601034875 0.976506296875 0.631000671875 0.93683846875 0.628353796875 0.903590484375 0.64107928125 0.83283059375 0.56804840625 0.77313796875 0.4503153125 0.8417905625 0.412742828125 0.90661003125 0.39439778125 0.999024265625 0.394523953125 1 0.595883671875 1
43 0.443666140625 0.801005859375 0.480507375 0.822681390625 0.53612834375 0.830518546875 0.58741565625 0.81435371875 0.591879078125 0.809731703125 0.530091640625 0.7788135625 0.50580225 0.7553575625 0.500101046875 0.727609359375 0.46718246875 0.685521546875 0.463771921875 0.682228015625 0.32063828125 0.694710703125 0.31187125 0.711267421875 0.327672796875 0.746290359375 0.334026796875 0.752426359375 0.384547875 0.791181578125 0.443666140625 0.801005859375
43 0.600046359375 0.651650328125 0.73758125 0.613866546875 0.751978234375 0.59895803125 0.752347640625 0.591640140625 0.734528078125 0.574431984375 0.5706368125 0.5726985 0.5349163125 0.6068090625 0.516094296875 0.660849171875 0.519181015625 0.69229334375 0.545972078125 0.71816515625 0.600046359375 0.651650328125
43 0.46080625 0.376468671875 0.445331859375 0.34762359375 0.3931601875 0.33060590625 0.38635684375 0.262868796875 0.364846078125 0.236535453125 0.344581046875 0.229477203125 0.29298440625 0.23803778125 0.23151896875 0.27738290625 0.217913328125 0.30455884375 0.222943859375 0.338610203125 0.307946171875 0.466584921875 0.377494625 0.5337470625 0.410839515625 0.547862203125 0.4486389375 0.576023703125 0.5165690625 0.572814515625 0.519618765625 0.56965646875 0.534010296875 0.52501015625 0.5040196875 0.473805953125 0.4680886875 0.447448765625 0.487730703125 0.417761109375 0.4869640625 0.401728984375 0.46080625 0.376468671875
43 0.364696515625 1 0.395855109375 0.967734328125 0.385889109375 0.83085975 0.3922399375 0.8026899375 0.41174553125 0.770974859375 0.421387015625 0.713485453125 0.37794846875 0.731115796875 0.352251046875 0.8037920625 0.2483563125 0.8912244375 0.2346054375 0.92849678125 0.235907109375 0.94005025 0.297986890625 1 0.364696515625 1
43 0.57173559375 0 0.544945328125 0.029321390625 0.5705284375 0.083220125 0.556252109375 0.116699234375 0.522381453125 0.13681690625 0.54743746875 0.176305015625 0.560037609375 0.23990890625 0.537377421875 0.2708524375 0.538836078125 0.298569203125 0.59506546875 0.352869296875 0.68924578125 0.37719525 0.705554609375 0.37711425 0.8081019375 0.270923390625 0.807625234375 0.267696609375 0.824488609375 0.2408863125 0.785251890625 0.202995859375 0.772556125 0.171273421875 0.750422671875 0.162410875 0.73068471875 0.169763234375 0.730157625 0.15535259375 0.72067196875 0.167044859375 0.72886428125 0.1791265625 0.719857703125 0.1940618125 0.727379328125 0.2124466875 0.716025265625 0.222334609375 0.70994021875 0.105245296875 0.65561225 0.01941746875 0.635504875 0 0.57173559375 0
43 1 0.587906109375 0.996043796875 0.589055953125 0.947764609375 0.5929846875 0.90916671875 0.624316640625 0.91939646875 0.646833234375 0.907656546875 0.666188046875 0.910327265625 0.685015796875 0.929395734375 0.699819171875 0.918434734375 0.68381803125 0.95248609375 0.678787515625 0.962533015625 0.70293296875 0.958310546875 0.722690734375 1 0.679520046875 1 0.587906109375
43 0.173405046875 0.304412109375 0.202299953125 0.3645635625 0.234794390625 0.3959430625 0.236835546875 0.397639984375 0.256717109375 0.3695738125 0.32465003125 0.319792296875 0.352771515625 0.26075878125 0.285508578125 0.19580371875 0.27333990625 0.178491890625 0.271951078125 0.149447890625 0.2622363125 0.140066453125 0.248715 0.131079109375 0.223659328125 0.145807703125 0.182027796875 0.200135734375 0.1870106875 0.2772361875 0.172638421875 0.28837996875 0.173405046875 0.304412109375
43 0.242662984375 0.4979983125 0.15317096875 0.456062125 0.119922984375 0.458709 0.070051171875 0.4897876875 0.084471765625 0.54402821875 0.07316565625 0.5650838125 0.08437615625 0.57590965625 0.084131578125 0.597990578125 0.13319521875 0.64537078125 0.134679765625 0.645339734375 0.192695890625 0.615175125 0.19328396875 0.615176109375 0.2166914375 0.590936953125 0.200887859375 0.573040125 0.21856584375 0.57342959375 0.224410296875 0.526247296875 0.24616059375 0.554202140625 0.25885603125 0.531707875 0.242662984375 0.4979983125
