43 0.38695625 0.538045796875 0.414012890625 0.5442923125 0.43369221874999997 0.5385713437499999 0.46135614062499997 0.5186425781249999 0.46495676562500005 0.512869828125 0.47380210937499995 0.4745564375 0.46116028125 0.458839265625 0.441186984375 0.44545623437500004 0.396910734375 0.42317299999999997 0.35913446875 0.415548140625 0.28077184375 0.46598660937499997 0.27470067187499997 0.48158042187500005 0.29892876562500004 0.5177230625 0.3669220625 0.533420546875 0.368307515625 0.5327961718750001 0.38695625 0.538045796875
43 0.48878781250000003 0.5615554687500001 0.49018954687500005 0.561879078125 0.5567998125 0.5263375625 0.578532859375 0.50713459375 0.583437140625 0.485891796875 0.582171390625 0.48066056250000005 0.561292265625 0.45336240625 0.5190606875 0.429358265625 0.485255421875 0.425939625 0.44585965625 0.436032765625 0.419759734375 0.456322625 0.401727484375 0.505887 0.41358128125000004 0.5223296562499999 0.44679121874999994 0.5497333906249999 0.48878781250000003 0.5615554687500001
43 0.40053165625 0.368252875 0.406739859375 0.38225318750000004 0.51887596875 0.40814184375 0.559637859375 0.40334071875 0.572350453125 0.394994453125 0.5726341875000001 0.39376543750000004 0.537069046875 0.354819375 0.54524034375 0.31942559375 0.555101328125 0.305255 0.5442125 0.298903453125 0.51738421875 0.29380612500000003 0.4729933125 0.293426 0.43155290625 0.305240046875 0.39603271875 0.325195765625 0.39314259375 0.3377143125 0.40053165625 0.368252875
43 0.601486875 0.309260890625 0.62253615625 0.296576859375 0.62971171875 0.285454578125 0.641084859375 0.236192140625 0.629550265625 0.205543734375 0.6025999843750001 0.19383935937500002 0.560793578125 0.1858323125 0.550211609375 0.20312590625000002 0.500533390625 0.225647609375 0.49672506250000004 0.236347125 0.4867599375 0.2795108125 0.499627625 0.291446015625 0.5844515 0.311029140625 0.601486875 0.309260890625
43 0.42121590624999994 0.285574953125 0.394984609375 0.255662484375 0.374977890625 0.24663234374999998 0.343801234375 0.239434640625 0.321957421875 0.236609875 0.29555432812500004 0.24750965625000002 0.2638010625 0.270880234375 0.24384246874999999 0.3145175 0.274105578125 0.34398209375 0.298799203125 0.357333125 0.34790215625 0.36866943750000003 0.39867448437499997 0.3360090625 0.412068078125 0.3251985625 0.42121590624999994 0.285574953125
43 0.1860179375 0.5397635468749999 0.22486684375000002 0.548732515625 0.28425710937500004 0.54732325 0.29782271875 0.542211390625 0.307812828125 0.49893946875 0.302344859375 0.479679796875 0.2916335625 0.4618561875 0.27304309375 0.446051203125 0.224799515625 0.433816828125 0.170906296875 0.43891825000000007 0.150999515625 0.45022134375 0.138916375 0.47758490625 0.140062546875 0.49045903125 0.154264203125 0.514570828125 0.1860179375 0.5397635468749999
43 0.20404245312499997 0.64014084375 0.255760046875 0.65208078125 0.26416953125 0.6487970468750001 0.28834468750000003 0.6271969375 0.297659859375 0.6123763125 0.30876970312499996 0.564254328125 0.29968384375 0.52108915625 0.301170390625 0.50990084375 0.2857455625 0.48410040624999995 0.2808383125 0.48873321875000003 0.280181578125 0.52482346875 0.259427125 0.55297909375 0.219552578125 0.58083890625 0.19246560937499999 0.577056421875 0.192976578125 0.59859003125 0.20404245312499997 0.64014084375
43 0.221668625 0.6593789375 0.239179453125 0.6869959062500001 0.235818453125 0.715824890625 0.228907671875 0.7260614375000001 0.269865203125 0.73551721875 0.276785546875 0.73460296875 0.3282089375 0.71522534375 0.337404390625 0.686098640625 0.3316845625 0.66449325 0.321757078125 0.65397771875 0.295405796875 0.63254334375 0.27050017187500003 0.619118078125 0.25149187500000003 0.61582615625 0.18178120312499998 0.62878884375 0.221668625 0.6593789375
43 0.352501796875 0.754595390625 0.39283078125 0.742464671875 0.417754578125 0.717324984375 0.435187421875 0.641815015625 0.43304117187499996 0.63478553125 0.4168730625 0.614579265625 0.391209296875 0.607006953125 0.340458140625 0.646358234375 0.32533309374999997 0.666753015625 0.31983245312499997 0.700077625 0.322786484375 0.720527921875 0.333367421875 0.7435627031250001 0.349102921875 0.753810703125 0.352501796875 0.754595390625
43 0.5927187968750001 0.7929862812499999 0.60932125 0.72107315625 0.5984314687500001 0.683772546875 0.533342578125 0.65887728125 0.48919199999999996 0.65745615625 0.46892290625 0.66319321875 0.4520849375 0.67904246875 0.44680128124999996 0.716199390625 0.45161896874999996 0.73814475 0.46645126562500006 0.7648666875 0.589917765625 0.793371171875 0.5927187968750001 0.7929862812499999
43 0.607599203125 0.46211051562499994 0.636159421875 0.465905203125 0.641457546875 0.44295648437499996 0.63381746875 0.43417264062500005 0.6093925 0.41866537499999995 0.5656005937499999 0.40855521875 0.54899928125 0.40910840625 0.52776884375 0.4190094375 0.5063609062500001 0.44038253125000004 0.495542265625 0.47297215625 0.499042828125 0.483743015625 0.52319121875 0.489318109375 0.607599203125 0.46211051562499994
