43 0.37472979687499997 0.401398328125 0.380800171875 0.405859390625 0.40032270312499996 0.406631328125 0.45331075 0.40020204687499994 0.51904621875 0.359125953125 0.518644390625 0.35116953125 0.530588640625 0.324052953125 0.53106234375 0.31382515624999996 0.5190058125 0.29453065624999997 0.511511546875 0.293523234375 0.5139090937499999 0.28637421875 0.503729015625 0.270082671875 0.494669578125 0.26867190625 0.463936890625 0.27097424999999997 0.41791414062500004 0.2855823125 0.3974911875 0.299130109375 0.376939 0.32297820312500003 0.36848359375 0.3420188125 0.36301384375 0.381598171875 0.37472979687499997 0.401398328125
43 0.50929421875 0.434712265625 0.48746390625 0.429969734375 0.44144659375 0.446906484375 0.43134425 0.457158484375 0.426247359375 0.48988848437500004 0.43556918749999995 0.528709515625 0.45452695312499997 0.562822453125 0.478573015625 0.593755875 0.5052108125 0.610595203125 0.5373909375 0.618062265625 0.576764296875 0.599429640625 0.586995609375 0.59303640625 0.592280859375 0.58638946875 0.593263125 0.5778969843749999 0.591625125 0.552001640625 0.58483696875 0.5260416875 0.5646247343749999 0.48614703125 0.54699565625 0.46170876562499996 0.534161703125 0.44871845312499997 0.50929421875 0.434712265625
43 0.6291571874999999 0.732512890625 0.663309875 0.7111719375 0.66176615625 0.68960840625 0.674868546875 0.6866735937499999 0.676280078125 0.670690734375 0.673090515625 0.6590602343749999 0.62689634375 0.585134109375 0.596288625 0.5860805 0.584073296875 0.605531546875 0.54329275 0.627074703125 0.552333765625 0.681172046875 0.568365734375 0.711860765625 0.5853304687499999 0.7314616875 0.59743821875 0.73637053125 0.6291571874999999 0.732512890625
43 0.443885859375 0.79300928125 0.5061544375 0.7540995625 0.51865090625 0.740182046875 0.5314749062499999 0.7176255312500001 0.5362243125 0.6895019687499999 0.5442687187499999 0.668752890625 0.54427903125 0.659318140625 0.53511615625 0.644654484375 0.524651359375 0.646814984375 0.510247953125 0.6573874843749999 0.453918109375 0.71223925 0.43501684375 0.7366279687499999 0.42726800000000004 0.7567993125 0.42877592187499997 0.78022675 0.43354175 0.7910057968750001 0.443885859375 0.79300928125
43 0.360900125 0.6543688750000001 0.3733603125 0.65283190625 0.504290234375 0.5710178124999999 0.5144575625 0.5526225625000001 0.514380765625 0.55249965625 0.4454595 0.56694109375 0.406516125 0.580269953125 0.39377740625 0.5787965625 0.38811115625000003 0.582337234375 0.365670203125 0.607365546875 0.359579171875 0.6217842499999999 0.35531226562499996 0.6401728906249999 0.360900125 0.6543688750000001
43 0.381372921875 0.48707073437500004 0.40677512499999996 0.525363921875 0.419503421875 0.5318751875000001 0.43560307812500004 0.5218149999999999 0.427297734375 0.49153009374999995 0.433982609375 0.45332132812500003 0.401340796875 0.401083515625 0.372611609375 0.38388521875000003 0.360945515625 0.372134828125 0.357099296875 0.38044721875 0.3656330625 0.40794264062499996 0.36718446875 0.429296203125 0.37930834375 0.4650531875 0.3796764375 0.48435579687499997 0.381372921875 0.48707073437500004
43 0.255317 0.444037265625 0.26616698437499997 0.446690875 0.288797515625 0.463994484375 0.283593125 0.47667996874999996 0.313388328125 0.46867446875 0.3373371875 0.46707359375 0.35800575 0.45975521874999997 0.3957421875 0.436174875 0.39477771875 0.42135428125 0.40582165625 0.40825440625000003 0.3873131875 0.37863465625 0.378194234375 0.37590234375 0.328941140625 0.37798576562499997 0.295786328125 0.383766921875 0.269941828125 0.39284128125 0.24892778125 0.40754454687499997 0.22648684375 0.43257287499999997 0.22753290625 0.446855484375 0.255317 0.444037265625
43 0.616443640625 0.31210653125 0.6184232656249999 0.30620373437500004 0.6044469218749999 0.283836921875 0.590107109375 0.285719953125 0.573230703125 0.292334890625 0.539586515625 0.314144234375 0.49871306249999997 0.366412859375 0.48552889062500004 0.39469726562499996 0.48677921875 0.39771328125 0.611082125 0.32004021875 0.616443640625 0.31210653125
43 0.6024193125 0.48131882812500004 0.64584675 0.46676023437499997 0.679405671875 0.468980828125 0.700565359375 0.48287987499999996 0.7013286875 0.46836578125 0.683045171875 0.43910603125 0.665763890625 0.430338 0.6378643281249999 0.43087003125 0.598798609375 0.44820593750000004 0.56869409375 0.46937567187499996 0.54453759375 0.49901353125 0.54617475 0.5121406562499999 0.55471809375 0.52055928125 0.6024193125 0.48131882812500004
43 0.5525386875 0.802676578125 0.571239203125 0.800031578125 0.59543278125 0.7904165937500001 0.60670753125 0.78219215625 0.6041053437499999 0.78853490625 0.6208525 0.7922202656249999 0.621221515625 0.792745640625 0.64523021875 0.777743328125 0.669267171875 0.74781728125 0.6704252187499999 0.7432517187500001 0.631566890625 0.68106540625 0.61642778125 0.685321546875 0.596242625 0.6971485000000001 0.569086703125 0.718834125 0.5720517187499999 0.758252625 0.56797178125 0.7674840625 0.535502890625 0.7932757031250001 0.536851390625 0.8006873125 0.5525386875 0.802676578125
43 0.524681421875 0.44162524999999997 0.528067078125 0.44561242187500005 0.549368265625 0.43230195312499997 0.559572421875 0.4123548125 0.59428959375 0.38552428125 0.589636171875 0.37807723437499996 0.5675151406250001 0.376733 0.517490859375 0.38283584375 0.5086381875 0.387581484375 0.476753515625 0.41851090625 0.44446470312499997 0.441438609375 0.45442804687500005 0.44582543750000003 0.516780046875 0.43948751562500005 0.524681421875 0.44162524999999997
