43 0.17232239062500002 0.598207078125 0.136951734375 0.6984678125 0.1210051875 0.7974845312500001 0.14472190625 0.8626456875 0.230570390625 0.955682953125 0.29093165625 0.97449378125 0.29687021874999997 0.972999859375 0.358007890625 0.9507475624999999 0.382944484375 0.933236125 0.44398048437500004 0.8488790625 0.47043526562500004 0.78293434375 0.476217703125 0.714804078125 0.468079953125 0.640722609375 0.43652696874999997 0.554031484375 0.43499985937499996 0.551148546875 0.311258578125 0.501032109375 0.26700984375000003 0.505485765625 0.23710315624999997 0.524138625 0.20098084374999997 0.5761246718749999 0.186231265625 0.577609234375 0.1802194375 0.6031005 0.17232239062500002 0.598207078125
43 1 0.498213046875 0.957581171875 0.470037890625 0.863217359375 0.45086884375 0.822544015625 0.45649878125 0.71721125 0.497894765625 0.663823234375 0.5326163125 0.621486734375 0.592366265625 0.610297890625 0.679004203125 0.6341466875 0.760534421875 0.690064 0.8074577812499999 0.7968813124999999 0.7808113750000001 0.90181896875 0.786072078125 0.9774521249999999 0.758543859375 1 0.73860328125 1 0.498213046875
43 0.660798578125 0.49720556250000003 0.830193015625 0.562457265625 0.8309800468749999 0.5624386718750001 0.9534728749999999 0.5178549218749999 0.8784057656250001 0.49751053125 0.814165484375 0.459732453125 0.788653546875 0.432322265625 0.7714232812499999 0.35297006249999996 0.8249899062500001 0.24937890624999998 0.8735979531250001 0.201603078125 0.871625078125 0.19618265625 0.806316390625 0.19807384374999998 0.725471453125 0.22138301562499998 0.662275921875 0.25050028125 0.641217625 0.267338828125 0.6067230312499999 0.3272925625 0.600908703125 0.39668440625 0.615169859375 0.44653743749999997 0.660798578125 0.49720556250000003
43 0.74045115625 0.08680434375 0.7166849531249999 0.0908675625 0.66281584375 0.1349381875 0.624912359375 0.21753853125 0.6156478437499999 0.26678025 0.620601390625 0.328820703125 0.62484121875 0.340469546875 0.653496609375 0.381439671875 0.771929125 0.456066078125 0.8120657187500001 0.452928484375 0.8827639843749999 0.427196421875 0.89834084375 0.41922992187499997 0.898821921875 0.409880875 0.722568390625 0.34712565624999997 0.678905328125 0.301858078125 0.6602318125 0.250553015625 0.6650633125 0.17846090625 0.6985750937499999 0.115806921875 0.74045115625 0.08680434375
43 0.63728621875 0.050014499999999996 0.60327271875 0.10061918750000001 0.58520415625 0.168355234375 0.59701859375 0.222156796875 0.6240150625 0.264316578125 0.705925421875 0.32930109375 0.73077409375 0.33286621875 0.8109817187499999 0.30367303125 0.808634203125 0.2972233125 0.7097534375000001 0.233110359375 0.671966640625 0.182646015625 0.664543875 0.108898109375 0.6669699687499999 0.083551234375 0.697773859375 0.008121921875 0.68772578125 0.007192140625 0.63728621875 0.050014499999999996
43 0.35121575 0.27167193749999996 0.29881053125 0.30909378125 0.26383484375 0.378396546875 0.25605490625 0.44238785937499997 0.276694046875 0.4990934375 0.33261134375 0.5460168125 0.383834484375 0.553365984375 0.41358795312499996 0.5480791875000001 0.48437575 0.522314546875 0.536197921875 0.491794265625 0.579475953125 0.391947828125 0.570609953125 0.346247078125 0.52985403125 0.26628357812500003 0.54343934375 0.25387306249999997 0.538182453125 0.239429890625 0.53448628125 0.24166271875 0.518342078125 0.272002578125 0.503861 0.248222421875 0.520025875 0.239280921875 0.50408090625 0.22214953125 0.42275487500000003 0.25480776562499996 0.39237014062500003 0.25669296875000003 0.35121575 0.27167193749999996
43 0.165157078125 0.217849515625 0.16277228125 0.28599312499999996 0.202524734375 0.341858 0.25352796875 0.37528003125 0.33906709375 0.3915450625 0.40914234374999997 0.381329671875 0.421877671875 0.37363640625 0.4441386875 0.33342526562499997 0.445607859375 0.304874390625 0.434939125 0.27556225 0.37572659375 0.28952062500000003 0.331362515625 0.27967496875000003 0.310764671875 0.265766109375 0.2798575625 0.234203609375 0.259720140625 0.18954734374999999 0.262586015625 0.11205470312500002 0.191809796875 0.15769203125 0.165157078125 0.217849515625
43 0.20533728125 0.5018994375 0.174931890625 0.48238624999999996 0.14254024999999998 0.436074203125 0.14101440625 0.37852790625 0.05846503125 0.413160390625 0.047956531250000003 0.44297801562499994 0.048478906249999995 0.476425703125 0.026217890625 0.51663684375 0.011276390625 0.52360409375 0.128025109375 0.630952171875 0.194952640625 0.66010721875 0.197556296875 0.6599638437500001 0.296655046875 0.62389484375 0.31057403125 0.614966515625 0.339694109375 0.572258859375 0.335522296875 0.5661323125 0.285763078125 0.552134375 0.253151515625 0.531895203125 0.244828546875 0.5410404843750001 0.21957779687499998 0.530354125 0.20533728125 0.5018994375
43 0.46706125 0.101042390625 0.46319190624999995 0.15443640625 0.471556171875 0.18808784375 0.504428921875 0.22505085937499997 0.59341821875 0.26146600000000003 0.606238234375 0.261799109375 0.651496734375 0.245326359375 0.676410765625 0.20804904687499998 0.670929703125 0.1929899375 0.646283859375 0.19329675 0.567363265625 0.17920978125 0.5411296875 0.165823140625 0.51317103125 0.14236145312499998 0.492050796875 0.09500490624999999 0.49301298437499996 0.0763068125 0.484909890625 0.059379203125 0.46706125 0.101042390625
43 0.580837359375 0.019503609375 0.5195463124999999 0.01074084375 0.481742578125 0.02450028125 0.442283078125 0.050513937499999995 0.42683312500000004 0.10468553124999999 0.43704853125 0.17476078125 0.451139046875 0.20185615625 0.45780532812499997 0.199429828125 0.458243109375 0.182582015625 0.47058524999999995 0.145077046875 0.5029628125000001 0.082802375 0.528921 0.061702781250000005 0.547822859375 0.054823078125 0.609317671875 0.055743953125 0.61419596875 0.048142609375 0.580837359375 0.019503609375
43 0.3418540625 0.14102128125 0.32986101562500003 0.156089328125 0.333050015625 0.159515578125 0.37763396875 0.14328834375 0.43986732812499996 0.132869203125 0.455551109375 0.13327671875 0.49207328125 0.142918609375 0.5001902031250001 0.1507474375 0.5113975 0.1466683125 0.51216940625 0.1447781875 0.51042046875 0.11747 0.50574925 0.104635953125 0.505269046875 0.1044779375 0.50035496875 0.09097660937499999 0.47877428125000004 0.07436746875 0.423138796875 0.065566296875 0.41505639062500005 0.0700370625 0.40210115625 0.10380318749999999 0.36243128125 0.13353178125 0.3418540625 0.14102128125
43 0.51406896875 0.8841756249999999 0.59829946875 0.859344046875 0.68915309375 0.78549546875 0.698421859375 0.771052921875 0.624394765625 0.56766515625 0.552330203125 0.544005390625 0.4534391875 0.5411601875 0.4291368125 0.55000553125 0.459183828125 0.603153 0.47108065625 0.711454875 0.466546453125 0.783014671875 0.442065921875 0.8501827499999999 0.51406896875 0.8841756249999999
