43 0.5947013125 0.7624578125 0.662674453125 0.7265063281249999 0.69238978125 0.701060234375 0.7105373125 0.672878640625 0.7239015625 0.6185251093749999 0.7234254375 0.6147536875 0.68422715625 0.562735796875 0.6428416718750001 0.5704279999999999 0.608987375 0.5867770625000001 0.5156682499999999 0.70443490625 0.49749084374999997 0.737983484375 0.495464015625 0.747909296875 0.5187446718750001 0.771594921875 0.566808015625 0.77049746875 0.5947013125 0.7624578125
43 0.843092765625 0.5398894375000001 0.8150552031249999 0.535086734375 0.78222925 0.5437894062499999 0.7715678593749999 0.549699 0.7206618125 0.588059453125 0.70993790625 0.602845828125 0.685944578125 0.662918453125 0.708871046875 0.705958390625 0.7279274375 0.691598375 0.77418396875 0.6846799531250001 0.870477515625 0.6121175625 0.878533078125 0.586920328125 0.843092765625 0.5398894375000001
43 0.75080353125 0.8783799531250001 0.857848234375 0.797715984375 0.863599359375 0.78841625 0.8644894687500001 0.75002571875 0.855450390625 0.738030453125 0.8083760625 0.74757228125 0.767067375 0.73060028125 0.7036172656249999 0.7509274687499999 0.655110109375 0.787480234375 0.64268890625 0.80523875 0.701769515625 0.883641390625 0.70800784375 0.891919921875 0.75080353125 0.8783799531250001
43 0.643113265625 0.861655421875 0.6572268593749999 0.870636546875 0.69010925 0.84585790625 0.705479609375 0.814659015625 0.720610453125 0.708583421875 0.697652234375 0.6584408749999999 0.697377671875 0.6580765000000001 0.6826812656250001 0.660051921875 0.6421021875 0.6891034375 0.588273109375 0.707386109375 0.57946690625 0.714022078125 0.58017534375 0.745694125 0.5663417187500001 0.795820390625 0.5523929062499999 0.8223650156250001 0.5095523125 0.859228671875 0.447011046875 0.893377453125 0.487231625 0.9287298281249999 0.57901884375 0.8649076875 0.643113265625 0.861655421875
43 0.3894373125 0.8827532187499999 0.41666315625 0.8758327343750001 0.56196653125 0.76633878125 0.572602140625 0.740147625 0.570401234375 0.723241234375 0.54320365625 0.687148828125 0.528302359375 0.6849642499999999 0.480209125 0.691428671875 0.43302476562500003 0.7117147187499999 0.3929150625 0.74499353125 0.35688454687500004 0.79810334375 0.349131421875 0.8184522031249999 0.357289859375 0.8581142187499999 0.3894373125 0.8827532187499999
43 0.209911546875 0.6312205625 0.21131964062500003 0.6439024375 0.19760553125 0.67256071875 0.220271765625 0.67380440625 0.22220896875 0.6799795937499999 0.21328242187500002 0.68976021875 0.226962359375 0.711518546875 0.22999648437500003 0.73884515625 0.230076125 0.73895084375 0.31290378125 0.679587421875 0.328584984375 0.6517373281250001 0.34074596874999996 0.5921825625 0.374105328125 0.5319236093749999 0.374668953125 0.51542196875 0.373903390625 0.514406046875 0.3414885 0.5030573125 0.315122796875 0.5023108749999999 0.29932640625 0.5065793281250001 0.274338921875 0.523881765625 0.255397703125 0.56182340625 0.25824378124999997 0.581820171875 0.2285284375 0.6072662656250001 0.209911546875 0.6312205625
43 0.27234715625 0.45752575 0.23625951562499997 0.44009504687499995 0.21222179687499998 0.45277649999999997 0.23893109375 0.531788328125 0.271671484375 0.5519328125 0.333505671875 0.5650922656249999 0.35907634375 0.5797749999999999 0.350104296875 0.56071296875 0.27234715625 0.45752575
43 0.51609965625 0.436092140625 0.519649765625 0.462429859375 0.5299843906249999 0.46533109375 0.5669492968750001 0.4657254375 0.571677125 0.45758176562499997 0.588442125 0.45640090625 0.589146171875 0.46274184375000005 0.594607921875 0.45557212500000005 0.615809015625 0.451860890625 0.633878109375 0.43824484375 0.653714265625 0.41866728125 0.673184578125 0.37421896875 0.6862842812500001 0.32311878125 0.686145140625 0.305649796875 0.6832308281249999 0.30178235937500003 0.6719301718749999 0.28965253125 0.671038046875 0.285602 0.660056515625 0.271029 0.630032625 0.2899211875 0.6243063281250001 0.300344265625 0.6000527499999999 0.318620640625 0.582758640625 0.3263081875 0.56825515625 0.319676921875 0.54966815625 0.33826423437500003 0.52925909375 0.374257953125 0.51609965625 0.436092140625
43 0.55827896875 0.51813021875 0.65123715625 0.5553683125 0.686184921875 0.555345796875 0.713575296875 0.5347056718750001 0.70978128125 0.518757890625 0.6777067031249999 0.476193484375 0.648109484375 0.47624129687499994 0.55026096875 0.43453993750000003 0.5248149062499999 0.40482460937500003 0.521520390625 0.3882943125 0.51354246875 0.384799625 0.493089609375 0.400211953125 0.51457709375 0.472294203125 0.55827896875 0.51813021875
43 0.30251928125 0.498912375 0.351199125 0.49474178125 0.40660225 0.452992546875 0.412419265625 0.40973957812500006 0.39775228125 0.390275828125 0.358434015625 0.37126590625 0.319967078125 0.41934025 0.2964474375 0.43859056250000006 0.2470015625 0.466688734375 0.24400815625 0.47184487500000005 0.24670985937499998 0.475430140625 0.286108484375 0.48073890625000004 0.30251928125 0.498912375
43 0.368643421875 0.644791546875 0.395627875 0.6229303125000001 0.4727473125 0.59879484375 0.512685453125 0.568699296875 0.51947725 0.55479853125 0.5035357968749999 0.54085234375 0.43624114062499997 0.5434621875000001 0.35581690625 0.6025391875 0.32524815625 0.648479328125 0.32545296874999996 0.655959953125 0.33925240625 0.6562502968749999 0.368643421875 0.644791546875
