43 0.07919214062499999 0.23705871875 0.041482453125 0.274927328125 0.02157103125 0.31981353125 0.012700062500000001 0.4235575 0.0239879375 0.49370837500000003 0.054121109375 0.555085578125 0.10601023437499998 0.62327696875 0.154460828125 0.6625115 0.17374050000000002 0.674137 0.30561937499999997 0.6533637031249999 0.330589734375 0.63471915625 0.34844921875 0.612664515625 0.357282234375 0.595364671875 0.3614703125 0.532199578125 0.37334856250000004 0.52333046875 0.365372734375 0.49838385937499996 0.374662125 0.4985110625 0.35334259375 0.394353609375 0.316014078125 0.301266640625 0.26212439062500004 0.257627640625 0.14062015625 0.222094375 0.07919214062499999 0.23705871875
43 0.738487765625 1 0.78309028125 0.944920484375 0.792585734375 0.884981421875 0.7147303125 0.807145015625 0.66491596875 0.7139687968749999 0.6032363593750001 0.664021625 0.55618321875 0.649175421875 0.4434161875 0.652146890625 0.37058567187499997 0.718887796875 0.36557892187499996 0.82945853125 0.39774878125 0.920216921875 0.423522890625 0.952181140625 0.48574025 1 0.738487765625 1
43 0.502846265625 0.67085453125 0.584449296875 0.647707515625 0.658971125 0.64700346875 0.6949564374999999 0.6573589531249999 0.75059503125 0.716502828125 0.758032890625 0.8328866250000001 0.741547 0.89665709375 0.747304421875 0.90131934375 0.8004632812500001 0.8672460781250001 0.8416421406250001 0.822958203125 0.8687731718749999 0.7894541875 0.8969284375000001 0.7481215156250001 0.906306421875 0.7228422343750001 0.904995625 0.65368584375 0.8742400312499999 0.5912108125 0.836339609375 0.55582346875 0.7711321718749999 0.5358929375 0.59232565625 0.567205875 0.546771546875 0.59606371875 0.503068921875 0.65459809375 0.502846265625 0.67085453125
43 0.66995021875 0.7071795625 0.639631421875 0.693493765625 0.6643185 0.71348496875 0.704766296875 0.72797790625 0.79509034375 0.71792521875 0.8420703125 0.700505078125 0.885561984375 0.66940825 0.90418015625 0.6464167187500001 0.9208590624999999 0.609008390625 0.9238291249999999 0.46905646875 0.886462390625 0.41661198437499997 0.82714753125 0.379672515625 0.8188860625000001 0.38407525 0.855871625 0.56747534375 0.839557859375 0.628216421875 0.805198421875 0.6706468125 0.740915015625 0.70363559375 0.66995021875 0.7071795625
43 0.8072199687499999 0.46921099999999993 0.8656006406250001 0.49300571875 0.90994615625 0.552397015625 0.920921203125 0.575373046875 0.9306808125 0.638519484375 0.95842559375 0.604257546875 0.96363784375 0.588831390625 0.96672978125 0.5279364531249999 0.94733090625 0.46056932812499995 0.90949409375 0.420537265625 0.86463971875 0.398303515625 0.76095934375 0.384787859375 0.7132674531250001 0.40487026562499995 0.67639159375 0.4595404375 0.683091125 0.464965609375 0.8072199687499999 0.46921099999999993
43 0.37440621875 0.383043625 0.36793403125 0.40553443749999996 0.437813578125 0.458424203125 0.455078828125 0.48349807812499995 0.489114390625 0.51105953125 0.5481818281249999 0.536705875 0.6255997343749999 0.53099234375 0.641498203125 0.523891234375 0.729103359375 0.415707875 0.7338558125 0.385708546875 0.71377340625 0.33801665625 0.693917578125 0.31523584375 0.635374546875 0.267828640625 0.5825231718749999 0.23912746875000002 0.47464825 0.25345568749999997 0.44004140625000004 0.284592953125 0.392490140625 0.36071184375 0.35276284375 0.34887803125 0.3558465625 0.362467921875 0.36900015625 0.36942190625000004 0.40332139062500005 0.36763403125 0.390396109375 0.392294390625 0.37440621875 0.383043625
43 0.48234306250000003 0.16356478125 0.47996339062500004 0.22449670312499997 0.510077453125 0.30619515625 0.554925171875 0.361000046875 0.5680787656249999 0.36795403125 0.6140117187499999 0.366325171875 0.639241265625 0.35287971875 0.658871859375 0.328637953125 0.6164105 0.285072 0.6020006875 0.24197368749999998 0.603314234375 0.21715429687499999 0.614450234375 0.17440584374999998 0.64235659375 0.13414503125 0.71025678125 0.096689890625 0.6346855 0.059527796875000004 0.5693933125 0.06766534375 0.509754578125 0.100717734375 0.48234306250000003 0.16356478125
43 0.25476253125000003 0.0684146875 0.268391859375 0.118276125 0.267839703125 0.156653625 0.279965375 0.15907764062500002 0.28381046875 0.18622565625 0.266754453125 0.213087390625 0.265688328125 0.249199921875 0.242674078125 0.30081745312499997 0.20735285937499998 0.323335875 0.279723609375 0.381940546875 0.29730603125 0.37833579687499996 0.32570725 0.360661203125 0.3716401875 0.35903234375 0.385307734375 0.3682513125 0.417192953125 0.212889796875 0.407713484375 0.140505734375 0.37988354687500003 0.099481578125 0.30947092187499997 0.064648046875 0.257865375 0.061683343749999994 0.25476253125000003 0.0684146875
43 0.75271125 0.314972234375 0.737958484375 0.36218704687500003 0.7525774843749999 0.4572209375 0.75889475 0.46838140624999997 0.7963245 0.498691421875 0.8411090781249999 0.500847671875 0.85119428125 0.48839348437499996 0.83823775 0.46742589062500006 0.80966553125 0.39252240625 0.8076288281249999 0.36314121875 0.8133396562499999 0.3270923125 0.8430544062499999 0.2845983125 0.859577359375 0.275792828125 0.869913765625 0.260128765625 0.8250087031250001 0.26628762500000003 0.77724825 0.29047090625 0.75271125 0.314972234375
43 0.7797594375 0.2677304375 0.7593340625 0.310351640625 0.773991296875 0.3647430625 0.81119121875 0.41020217187499997 0.8348910625 0.42939392187500003 0.8508387031250001 0.439175859375 0.8530106249999999 0.43649373437500005 0.8410345625 0.41533606250000005 0.8322973593749999 0.37683134375 0.82797653125 0.306775875 0.8393599375 0.27532053125 0.852018671875 0.25968828125 0.9052043125000001 0.22880545312499997 0.9054708437500001 0.219777328125 0.862126765625 0.21240985937499998 0.805076921875 0.2364659375 0.7797594375 0.2677304375
43 0.6973300625000001 0.22107174999999998 0.70724909375 0.245609015625 0.743441890625 0.274917375 0.762050984375 0.271632921875 0.8079648593750001 0.29032529687499997 0.8249826562499999 0.304106046875 0.838172890625 0.30584659375 0.8428421875 0.30008050000000003 0.8084979062500001 0.27226904687500003 0.76751440625 0.224290890625 0.7597859687499999 0.210637390625 0.7492403750000001 0.17436584375 0.7539041875 0.1541081875 0.7404840625 0.156182359375 0.7084660625 0.1783233125 0.70949396875 0.18285326562499998 0.7004520000000001 0.19401915625 0.6973300625000001 0.22107174999999998
43 0.30333003125 0.67866734375 0.33629950000000003 0.742341328125 0.3471843125 0.79847028125 0.362926859375 0.81121834375 0.429136 0.8045773125 0.47276201562500003 0.7570914531249999 0.49005857812500003 0.73573196875 0.5283883281249999 0.6298169062500001 0.529187953125 0.602732515625 0.42630068750000005 0.526811234375 0.389181375 0.48565984375 0.36157975000000003 0.4762500625 0.286731625 0.49328851562500003 0.20050009375000002 0.5417823281249999 0.18422457812499998 0.561880921875 0.23735287500000002 0.591961828125 0.30333003125 0.67866734375
