43 0.656793640625 0.29397453125 0.64389121875 0.296988578125 0.6162588437500001 0.310635953125 0.5790595781250001 0.341420734375 0.56519884375 0.361632609375 0.555076828125 0.391443171875 0.554369859375 0.412264765625 0.56382025 0.4498003125 0.58596365625 0.465888453125 0.5897046875 0.46684284375 0.608094828125 0.460245296875 0.667286859375 0.42754509374999994 0.670760875 0.42446484375000004 0.698817 0.385848890625 0.700878375 0.372803859375 0.6970244375 0.36449793750000004 0.697940890625 0.3348815 0.690154484375 0.31270673437499996 0.687033625 0.30906282812499997 0.668816296875 0.31372125 0.668119875 0.30220353125 0.656793640625 0.29397453125
43 0.44892787500000003 0.43249653125 0.4269105625 0.436277109375 0.39058868750000003 0.46921896875 0.385062421875 0.48250885937500004 0.39259753124999996 0.514764921875 0.415783203125 0.547267140625 0.44613946875000005 0.57179440625 0.48002245312499997 0.5914675625 0.51102871875 0.597102 0.5436628125 0.59197046875 0.5691295000000001 0.5643484375 0.580872296875 0.548185859375 0.58269103125 0.542041828125 0.580420421875 0.53379978125 0.5692011406249999 0.510403640625 0.5531825 0.488876875 0.519497234375 0.459458828125 0.49399710937499997 0.44340403124999994 0.47723140624999993 0.4361673125 0.44892787500000003 0.43249653125
43 0.3328009375 0.706853328125 0.36538175 0.730524671875 0.3847968125 0.721015515625 0.392426171875 0.7320644374999999 0.407773984375 0.72738590625 0.41736276562499997 0.720071734375 0.468601234375 0.649548046875 0.45625790625 0.62152359375 0.433647265625 0.61748421875 0.398396140625 0.587743359375 0.35162478125 0.616391265625 0.32917637499999997 0.642752046875 0.3173578125 0.665824109375 0.31734206249999997 0.678889109375 0.3328009375 0.706853328125
43 0.20759814062499998 0.5494838125 0.20570878124999997 0.5565747812499999 0.24812553125 0.587392359375 0.2992766875 0.60991184375 0.3289700625 0.6183006093750001 0.350575359375 0.617928890625 0.359495625 0.61363915625 0.377818734375 0.588419578125 0.37731868749999997 0.5858562187499999 0.36384531249999996 0.5702989374999999 0.3303541875 0.550086421875 0.30093546875 0.5394250781250001 0.27521748437500004 0.5359846875 0.24736259375 0.542116375 0.22511089062499998 0.5424305 0.20759814062499998 0.5494838125
43 0.31379403125 0.41512509375000006 0.348868296875 0.46745064062499997 0.43837826562500004 0.5324834375 0.45476448437499994 0.529906796875 0.46583353125000004 0.51940790625 0.44437278124999996 0.480742484375 0.42283146875 0.453555171875 0.39024125 0.43399721874999997 0.36450673437500003 0.41447593749999995 0.349207796875 0.4194295 0.31379403125 0.41512509375000006
43 0.446315671875 0.327644328125 0.44586340625 0.33679225 0.464075734375 0.35908876562500003 0.47351335937499994 0.37830628125 0.48704076562500004 0.39401674999999997 0.558561609375 0.44597968750000005 0.5677249843750001 0.43336739062499996 0.552562625 0.41348971875 0.54442140625 0.375437 0.5215873125 0.3481345 0.5003170781249999 0.33762503125 0.495517734375 0.339494390625 0.46153407812499997 0.334168890625 0.446315671875 0.327644328125
43 0.425982546875 0.349655359375 0.43831940625000004 0.358618609375 0.456728234375 0.348916078125 0.46778221875000003 0.347311984375 0.4952469375 0.3548780625 0.495173578125 0.368589453125 0.519800296875 0.35000540625 0.538188625 0.3411065 0.580812078125 0.282440375 0.5775367499999999 0.275641875 0.585029921875 0.25276085937500004 0.56758078125 0.2400833125 0.56192728125 0.238148046875 0.5451342343750001 0.239711859375 0.500248015625 0.260094109375 0.471673078125 0.2778743125 0.45110978125 0.29596943750000004 0.43713384375000003 0.3174740625 0.42570275 0.34908645312500003 0.425982546875 0.349655359375
43 0.612542359375 0.51636309375 0.6085993125 0.5348335468750001 0.6089434375 0.54052490625 0.630699671875 0.5563317343749999 0.63442465625 0.554225875 0.684517703125 0.485278703125 0.697413703125 0.44037895312500003 0.699042328125 0.40921523437499996 0.694303421875 0.404395765625 0.683615984375 0.40833084375000006 0.6606282343750001 0.43429976562499994 0.6330219687499999 0.47343075 0.621973140625 0.494309140625 0.612542359375 0.51636309375
43 0.576367015625 0.601810609375 0.54155553125 0.631577296875 0.50960840625 0.6420898125 0.484782796875 0.637129390625 0.487684125 0.6455605 0.523642578125 0.67168584375 0.5367326875 0.672808515625 0.562401390625 0.661863875 0.5921283749999999 0.631156 0.612110453125 0.600250421875 0.623405453125 0.563721484375 0.6169699843750001 0.55216353125 0.605895078125 0.547558296875 0.576367015625 0.601810609375
43 0.26055153125 0.62503603125 0.2376333125 0.6281620625000001 0.227857015625 0.63877615625 0.208758328125 0.67467178125 0.27836262500000003 0.725242265625 0.306644546875 0.7112634843750001 0.31673215625 0.711588171875 0.351338453125 0.73119790625 0.357706421875 0.7224331562499999 0.3551434375 0.7127141406249999 0.3456856875 0.69636615625 0.32770774999999996 0.67753609375 0.315858609375 0.6701632656250001 0.322714296875 0.6701999375 0.31985771875 0.6532916875 0.32548103125 0.6446045781249999 0.26055153125 0.62503603125
43 0.5633699531249999 0.501016640625 0.56094140625 0.505649390625 0.581262203125 0.520413328125 0.6035794375 0.5224021249999999 0.641461546875 0.5445404218750001 0.646623109375 0.537436140625 0.63958278125 0.5164223125 0.6151848906249999 0.47232678124999994 0.6074685468750001 0.46589646875 0.5668470937500001 0.447919875 0.53349328125 0.42657109374999996 0.533158234375 0.437452265625 0.562392125 0.492889796875 0.5633699531249999 0.501016640625
