43 0.44427293749999996 0.77996625 0.463376859375 0.78671590625 0.505654609375 0.7900215312500001 0.542586796875 0.782991671875 0.66317825 0.693495703125 0.68628640625 0.6691020625 0.668739484375 0.625671921875 0.630879265625 0.61644821875 0.6018555937500001 0.616994625 0.5268936562500001 0.6341283437499999 0.49160492187499993 0.65101646875 0.4667818125 0.673540890625 0.43980521875 0.7225834375 0.43417509374999996 0.7636590937500001 0.44427293749999996 0.77996625
43 0.8210780156249999 0.627329171875 0.79523884375 0.6154334687499999 0.761279 0.6153436250000001 0.749451359375 0.6182924843750001 0.690351484375 0.642170375 0.6761659843750001 0.653677375 0.63744228125 0.705493140625 0.648447984375 0.753000328125 0.6705716875000001 0.74406178125 0.7170426875 0.749351171875 0.8288356406249999 0.704183890625 0.843138234375 0.68193015625 0.8210780156249999 0.627329171875
43 0.655960796875 0.752644875 0.652990578125 0.8006360000000001 0.6259054374999999 0.8361444375 0.629117890625 0.9026936093750001 0.6518705625 0.9590084687499999 0.663722921875 0.9731190156249999 0.76629659375 0.9316765625000001 0.7642362968749999 0.8855350937500001 0.7570005625 0.8441257500000001 0.73374109375 0.78655653125 0.7067356874999999 0.757865578125 0.6664552968749999 0.74606525 0.655960796875 0.752644875
43 0.4560576875 0.8468999531250001 0.43782454687500005 0.86362484375 0.449678046875 0.8880801406250001 0.485311140625 0.919304765625 0.583856140625 0.961374421875 0.627747203125 0.9539499375 0.63899003125 0.949407546875 0.640550796875 0.937298515625 0.6229918125 0.8905830312499999 0.622776265625 0.8873027499999999 0.5950733125000001 0.81873553125 0.584357265625 0.8161195625 0.5395194062499999 0.7897836875 0.517489484375 0.769439921875 0.492969875 0.7185180625 0.476171546875 0.649269484375 0.43161392187500003 0.67896971875 0.46950509374999994 0.78414775 0.4560576875 0.8468999531250001
43 0.29414082812500003 0.8410955 0.32223012500000003 0.8414573750000001 0.49092153125 0.773301625 0.507973515625 0.750755609375 0.510223296875 0.73385565625 0.49329384374999996 0.6919538125 0.479465703125 0.6859869375 0.43133810937500006 0.6797836562499999 0.38051109375 0.68716625 0.33315489062500003 0.708929953125 0.284606265625 0.75090471875 0.271850640625 0.768553546875 0.2694658125 0.808975671875 0.29414082812500003 0.8410955
43 0.185833703125 0.55166890625 0.1839115 0.564283109375 0.163247375 0.58841540625 0.184819390625 0.595483171875 0.185092328125 0.601949328125 0.17393853125 0.609086328125 0.181520859375 0.633643875 0.17737895312500002 0.66082465625 0.17742853125 0.6609473593749999 0.27279828125 0.6250440625 0.295153296875 0.60220153125 0.3223138125 0.547823546875 0.370132640625 0.498251890625 0.374948 0.482458421875 0.37447146875000004 0.48127896875 0.34609834375 0.46192734375000005 0.32082423437499996 0.454382390625 0.30446134375 0.454417 0.275847078125 0.464662625 0.24773125000000001 0.49640909375 0.2453048125 0.51646109375 0.210016046875 0.53334925 0.185833703125 0.55166890625
43 0.346077359375 0.42480565625000005 0.362030734375 0.408776640625 0.360525125 0.405050109375 0.290545515625 0.417648046875 0.23761240625000002 0.44298025 0.20017017187500002 0.4863865625 0.20619809375 0.512887421875 0.26964296875 0.50880975 0.301845359375 0.49579914062499997 0.317362453125 0.48112696875000005 0.346077359375 0.42480565625000005
43 0.65761928125 0.3391909375 0.65048796875 0.34470275 0.62379590625 0.34233417187500004 0.5838439531249999 0.365052234375 0.553533015625 0.40294675 0.5276539687499999 0.448915265625 0.5230797968750001 0.4665468125 0.532857265625 0.48495631250000004 0.53233259375 0.496605109375 0.5365100468749999 0.5069446875 0.57339671875 0.495540671875 0.58162559375 0.48695484375 0.60978303125 0.475578515625 0.6284775312499999 0.472628953125 0.6359276875 0.478785859375 0.666825875 0.4663021875 0.692564421875 0.440159734375 0.72127934375 0.383838421875 0.72466690625 0.357479296875 0.7154353125 0.352002109375 0.6798320312499999 0.342053984375 0.673157546875 0.34869651562500004 0.656658171875 0.34549803125 0.65761928125 0.3391909375
43 0.551600703125 0.53259615625 0.631753515625 0.592624734375 0.665516265625 0.6016481406249999 0.69731540625 0.588800453125 0.69777825 0.572414109375 0.6778130625000001 0.522998546875 0.649211984375 0.51538440625 0.5654906875 0.4497789375 0.5486025625 0.414490203125 0.54969865625 0.39767046875 0.542897078125 0.39223003125 0.519152125 0.40182360937499995 0.521251171875 0.477011078125 0.551600703125 0.53259615625
43 0.370464890625 0.47390565625000003 0.392266546875 0.46275767187500005 0.405160453125 0.39039515625 0.39480426562500004 0.364762703125 0.38071715625 0.352785734375 0.32375960937500003 0.32900696875 0.283441328125 0.37571084374999997 0.31992159375 0.425309609375 0.332428640625 0.453010203125 0.34357825000000003 0.49579006249999996 0.3649253125 0.48716529687500004 0.370464890625 0.47390565625000003
43 0.42842109375000004 0.6431924062500001 0.41428884374999997 0.611469328125 0.410893640625 0.529716546875 0.39276965625 0.484858125 0.380533171875 0.47420621875 0.36293626562500003 0.4859949375 0.348040015625 0.551672046875 0.384288703125 0.64464615625 0.41920864062499996 0.68431078125 0.430353671875 0.679807890625 0.4318824375 0.6745476874999999 0.42842109375000004 0.6431924062500001
