43 0.36333234375 0.512191109375 0.36479840625 0.5117911562499999 0.382396328125 0.519893453125 0.4081426875 0.5302956562500001 0.42847468749999995 0.527723640625 0.4589155625 0.512367828125 0.463374921875 0.50722940625 0.47810489062499995 0.4707714375 0.468077421875 0.45327015625 0.450443609375 0.43692737499999995 0.410198328125 0.40799215625 0.3740799375 0.39455165625 0.288791765625 0.43211053125000004 0.2803559375 0.44656260937500003 0.29863179687499997 0.486050390625 0.36333234375 0.512191109375
43 0.411152109375 0.508535875 0.43966628124999996 0.540797390625 0.479296453125 0.559043640625 0.48063031250000005 0.5595825624999999 0.55198040625 0.53489875 0.576449890625 0.519332 0.58461690625 0.4991179375 0.584185078125 0.49375309375 0.567833375 0.46352481250000005 0.529876828125 0.433209734375 0.49702254687499997 0.42454485937499997 0.45653290625 0.428350890625 0.42758026562499996 0.444308015625 0.402016453125 0.49044131249999995 0.411152109375 0.508535875
43 0.459576390625 0.308078984375 0.449574578125 0.37204925 0.447998984375 0.411581796875 0.4704446875 0.42065045312500005 0.49926354687499996 0.40164646875 0.532943296875 0.41525398437499994 0.5453968437500001 0.4272103125 0.547106140625 0.42511864062500004 0.5640282812499999 0.383234859375 0.569924734375 0.34796365625000003 0.564738828125 0.305185328125 0.5504083125 0.26650271875 0.5395119375 0.262100296875 0.5073545937499999 0.264688625 0.48411248437500004 0.27087896875 0.46993515625000004 0.282440140625 0.459576390625 0.308078984375
43 0.533400296875 0.29441721875 0.603679859375 0.322812015625 0.612140203125 0.31289309374999996 0.66472996875 0.298420046875 0.6684950781250001 0.29151215625 0.6864745625 0.24701137499999998 0.6715407812499999 0.228001953125 0.6452650156249999 0.211624453125 0.6060575 0.201545 0.578099390625 0.200043578125 0.555325046875 0.209278625 0.5457101875 0.22002160937499998 0.527412671875 0.265309546875 0.533400296875 0.29441721875
43 0.303221390625 0.319383640625 0.39055071875 0.354666984375 0.40529715624999996 0.351145203125 0.430616359375 0.33804714062499996 0.45513368749999994 0.27736462500000003 0.441573453125 0.25921581250000003 0.40321665624999997 0.22989129687499998 0.37940454687499997 0.220270578125 0.31729093750000004 0.247603828125 0.29022678125 0.26317165625 0.28299164062500004 0.274651984375 0.282509953125 0.2865563125 0.303221390625 0.319383640625
43 0.209368875 0.38548526562499996 0.190850296875 0.40137442187500005 0.171219578125 0.44711015625000006 0.167827453125 0.501137890625 0.17505671875 0.5203833437500001 0.218400640625 0.537895421875 0.23994521875000002 0.529409765625 0.281174078125 0.49153465625 0.29262978125 0.406140890625 0.28854228125 0.386311890625 0.281430921875 0.37824512499999996 0.26498034375 0.37332985937499996 0.228648671875 0.3776940625 0.209368875 0.38548526562499996
43 0.18419759375 0.52799875 0.181333671875 0.5493471875 0.18576332812500002 0.592117515625 0.23497637500000002 0.612000875 0.243796015625 0.61007309375 0.27105253125 0.5925207343750001 0.282571484375 0.579339796875 0.30107246875000004 0.5335482500000001 0.29885100000000003 0.48949315625 0.302069484375 0.47867514062499994 0.290870640625 0.45077937500000004 0.2852990625 0.454587484375 0.279004671875 0.490130671875 0.25410121874999997 0.5146929375 0.210359359375 0.535972 0.18419759375 0.52799875
43 0.17244846875 0.6404997031249999 0.1830960625 0.6921525 0.21993210937500002 0.7070352343749999 0.233106921875 0.7056903906249999 0.245045984375 0.697530125 0.27033871875000004 0.6748563437499999 0.285962984375 0.654366390625 0.2913854375 0.6409453593750001 0.29371975 0.634098234375 0.291821796875 0.563217984375 0.2553685625 0.597829 0.225352296875 0.610803984375 0.197404015625 0.60297453125 0.17941365625 0.586184375 0.17315396875 0.613085609375 0.17244846875 0.6404997031249999
43 0.29731734374999996 0.7144969531250001 0.311255984375 0.727080359375 0.31449025 0.72838709375 0.35622037500000003 0.7227145625 0.38477003125000003 0.701783328125 0.41380060937499996 0.629930125 0.41278043750000004 0.6226514375 0.39997234375 0.6001646875 0.375809109375 0.58867090625 0.319526890625 0.61959846875 0.30139760937500004 0.63737609375 0.29075157812499997 0.6694299218750001 0.290470109375 0.690090546875 0.29731734374999996 0.7144969531250001
43 0.43435534374999996 0.67834046875 0.417025609375 0.744049015625 0.416501015625 0.769602125 0.4944494375 0.801095328125 0.523372328125 0.797403046875 0.55065778125 0.75001140625 0.5601559218750001 0.726502703125 0.5664535468749999 0.6936253125 0.5639579218749999 0.67270828125 0.5509378125 0.65359825 0.5150648906249999 0.64256703125 0.4926360625 0.643892375 0.45885212500000006 0.6562107187499999 0.44776109374999995 0.65086403125 0.43435534374999996 0.67834046875
43 0.56512075 0.5263104843749999 0.589633515625 0.536214296875 0.59582246875 0.532344546875 0.612567578125 0.5133584531250001 0.63237271875 0.46433901562499996 0.633846609375 0.45249153125 0.627388640625 0.429973609375 0.6096276406250001 0.40548575 0.579131640625 0.38970215625 0.566820640625 0.39165298437499996 0.558207875 0.411544328125 0.57233 0.502078625 0.56512075 0.5263104843749999
