43 0.548338421875 0.237510203125 0.543691921875 0.23631534375 0.531441109375 0.250580328125 0.52426434375 0.241545015625 0.51026646875 0.2413006875 0.50142621875 0.251170171875 0.48661890625 0.27819871875 0.473804484375 0.324752765625 0.474043484375 0.349259546875 0.48285065625 0.379484671875 0.4942143125 0.396946234375 0.523485125 0.42227303125 0.550851734375 0.42275071875 0.554463609375 0.42138675 0.565743734375 0.405434203125 0.5954749375 0.344696609375 0.5965539375 0.340180796875 0.59738696875 0.292456140625 0.59159321875 0.280587921875 0.583672171875 0.275994625 0.567435609375 0.251208609375 0.548338421875 0.237510203125
43 0.48943025 0.458508875 0.450390875 0.461828046875 0.42176025 0.47499703125 0.39797128125 0.4979186875 0.39093415625 0.55013715625 0.394639125 0.5612035 0.401226546875 0.566652625 0.423836328125 0.5793825 0.44930528125 0.58782828125 0.493772125 0.5926050625 0.523869265625 0.591130109375 0.541753734375 0.587441671875 0.56704409375 0.574214375 0.582911171875 0.558488890625 0.5935620625 0.511585234375 0.59359209375 0.509864984375 0.59067371875 0.4966149375 0.566 0.474514296875 0.52836490625 0.46118878125 0.48943025 0.458508875
43 0.4884648125 0.628125640625 0.4627864375 0.63167803125 0.4520751875 0.63915890625 0.423778421875 0.6970071875 0.427576484375 0.702741015625 0.456257703125 0.7185773125 0.45158296875 0.731164328125 0.464218546875 0.741053015625 0.477509734375 0.745285625 0.5075370625 0.7478100625 0.51887865625 0.750367609375 0.55699965625 0.751033015625 0.5615435625 0.748419359375 0.574164046875 0.7276041875 0.574457390625 0.71079921875 0.569085046875 0.69921015625 0.573228109375 0.653275453125 0.522934171875 0.631394375 0.4884648125 0.628125640625
43 0.316623703125 0.6630605625 0.299138875 0.67575734375 0.28764403125 0.696226515625 0.285770296875 0.707862234375 0.2933544375 0.7151763125 0.366769 0.716457765625 0.3848294375 0.711591625 0.407869703125 0.69965859375 0.42717009375 0.67865890625 0.445217453125 0.665638546875 0.450364640625 0.65773153125 0.450666421875 0.64044309375 0.440713203125 0.6365555 0.42287528125 0.6375776875 0.3457586875 0.6529008125 0.316623703125 0.6630605625
43 0.361318046875 0.50811478125 0.328866078125 0.516883078125 0.31590471875 0.525658203125 0.30231103125 0.53875628125 0.29926571875 0.553705421875 0.310552796875 0.559202703125 0.46491903125 0.5618971875 0.483464828125 0.55200715625 0.483467359375 0.551862234375 0.41779975 0.526436640625 0.377879671875 0.516405078125 0.367998546875 0.508231390625 0.361318046875 0.50811478125
43 0.430576828125 0.363217078125 0.40712528125 0.36680834375 0.404266109375 0.371092421875 0.373373734375 0.38622225 0.35716521875 0.3896065625 0.36204178125 0.397359515625 0.389749203125 0.40517759375 0.408502765625 0.415506453125 0.428594921875 0.42061671875 0.51698609375 0.42215959375 0.517258171875 0.4065723125 0.49343653125 0.398986234375 0.464941484375 0.372484890625 0.430576828125 0.363217078125
43 0.318990375 0.338653375 0.36143221875 0.363731234375 0.3923868125 0.376940140625 0.41900409375 0.383405671875 0.4446359375 0.382519546875 0.470919828125 0.375417796875 0.471281984375 0.354670078125 0.45915284375 0.348434359375 0.45149853125 0.34029953125 0.4419431875 0.31346203125 0.453216984375 0.30565759375 0.423868515625 0.296143953125 0.40291140625 0.2844430625 0.380809828125 0.279136203125 0.337196828125 0.2783749375 0.329837203125 0.291502171875 0.3007255 0.300328765625 0.30807728125 0.32579428125 0.318990375 0.338653375
43 0.571677453125 0.387263484375 0.545215484375 0.403804171875 0.544621453125 0.40701459375 0.6911744375 0.4095726875 0.69999196875 0.40583903125 0.704867125 0.40196671875 0.705327421875 0.375596265625 0.692275453125 0.36936546875 0.67451896875 0.3657216875 0.63442434375 0.365688609375 0.571677453125 0.387263484375
43 0.649336796875 0.517816421875 0.63763696875 0.481415125 0.62573596875 0.475638640625 0.614022484375 0.4782185625 0.620952359375 0.539596046875 0.6095099375 0.583946546875 0.589370109375 0.610882 0.566188984375 0.621058046875 0.5734015 0.626300265625 0.617841828125 0.627075984375 0.629208546875 0.6204874375 0.64395753125 0.596799140625 0.650695140625 0.554594046875 0.649336796875 0.517816421875
43 0.45534571875 0.748388515625 0.449825671875 0.739939 0.4458788125 0.698661171875 0.43892846875 0.695755453125 0.428716203125 0.7078285 0.42074946875 0.72495265625 0.4156365 0.75047978125 0.416393421875 0.7644149375 0.412491203125 0.758778046875 0.40027925 0.7708161875 0.38993778125 0.7711925625 0.411150203125 0.83560375 0.41739990625 0.842360578125 0.486660765625 0.84356953125 0.4923419375 0.82532653125 0.493416625 0.801956421875 0.49001971875 0.76737071875 0.45534571875 0.748388515625
43 0.554042640625 0.422823828125 0.547946375 0.4282861875 0.528900703125 0.430738140625 0.55349165625 0.473490078125 0.55703628125 0.516622953125 0.566300015625 0.51678465625 0.579040671875 0.49955240625 0.594317765625 0.468291296875 0.5953298125 0.410311140625 0.593435125 0.4006794375 0.5917920625 0.361112453125 0.582686546875 0.36707915625 0.554042640625 0.422823828125
