43 0.64546103125 0.25589256250000003 0.566683328125 0.22052603125 0.500234265625 0.281431328125 0.49113209375 0.3140090625 0.48691756249999996 0.43068175000000003 0.517850109375 0.47292393749999995 0.6181516874999999 0.522569421875 0.69159565625 0.48742273437500006 0.6939793125 0.4497845625 0.7022659531250001 0.45950553125000004 0.7163953750000001 0.43690003125 0.7430696718750001 0.45157884375 0.761903421875 0.44295496874999996 0.76456346875 0.426014953125 0.7336309375 0.38377276562499996 0.741241609375 0.361669734375 0.7546020312499999 0.35665535937500004 0.7993410625 0.380301453125 0.809365484375 0.3604030625 0.7707155625000001 0.28528582812500003 0.64546103125 0.25589256250000003
43 0.7175291875 0.72362921875 0.7921315 0.74410171875 0.827461875 0.739784546875 0.8736623124999999 0.71311309375 0.900641078125 0.68025846875 0.9337224375 0.584183234375 0.8845051093749999 0.48197237499999995 0.853203109375 0.46844715625 0.8067262812499999 0.47442043749999996 0.740523515625 0.516181078125 0.655440484375 0.59127315625 0.6326084375 0.65758225 0.6314130625 0.6939770625 0.7175291875 0.72362921875
43 0.57695846875 0.956157328125 0.672867921875 0.98918159375 0.7063886562499999 0.9816685156249999 0.755004015625 0.992062390625 0.784018296875 0.9756122968750001 0.8367964062500001 0.96166290625 0.871139203125 0.8619241875 0.764785734375 0.788136859375 0.69016053125 0.781478515625 0.5986518281250001 0.803908203125 0.570539921875 0.8217266249999999 0.537823984375 0.87286125 0.536829484375 0.91165078125 0.551518765625 0.9368035000000001 0.57695846875 0.956157328125
43 0.58594628125 0.9096761093750001 0.5898311406250001 0.911013765625 0.59238725 0.90359028125 0.594065984375 0.842850984375 0.605059203125 0.8109243749999999 0.6277981875 0.7940304375 0.6349535000000001 0.779968890625 0.650116328125 0.735932859375 0.58177025 0.61747834375 0.56305965625 0.61652990625 0.53661521875 0.647256828125 0.5213473125 0.71617046875 0.537427953125 0.773901734375 0.533353015625 0.816451703125 0.54975659375 0.8701735625 0.58594628125 0.9096761093750001
43 0.74740815625 0.6453489375 0.764609875 0.59539153125 0.695401640625 0.577994875 0.593740703125 0.45838054687499996 0.56978684375 0.46811212500000005 0.565228890625 0.481349390625 0.636275984375 0.6380154375 0.6822867968749999 0.655973484375 0.73921828125 0.650193671875 0.74740815625 0.6453489375
43 0.187519015625 0.41896659375 0.2363395625 0.45269878124999996 0.280043140625 0.46140140625 0.27478798437499996 0.496608640625 0.28225825000000004 0.5108146875 0.31664075 0.52265353125 0.34285576562500003 0.542256296875 0.39733135937499997 0.53563084375 0.43074810937499997 0.591831921875 0.47636528125 0.607539171875 0.48409784375 0.60675415625 0.52724240625 0.577189953125 0.554118375 0.5348009375 0.566811578125 0.49793720312499995 0.56716690625 0.48517498437500006 0.54821696875 0.45643996875 0.38932721875 0.359425015625 0.33955825 0.344403421875 0.289491953125 0.34620137500000003 0.24333246874999997 0.336653125 0.1812945 0.36923039062499996 0.187519015625 0.41896659375
43 0.48857528125 0.929158390625 0.611723734375 0.986368484375 0.6475355625 0.983393078125 0.697196515625 0.8391671875 0.6196085625000001 0.8198641406249999 0.498890875 0.887232640625 0.47067637500000004 0.8933819218749999 0.433689328125 0.8891072187500001 0.3775115625 0.9046651562499999 0.40462515625 0.9298688593750001 0.42143112499999996 0.9356556093749999 0.48857528125 0.929158390625
43 0.499327859375 0.008848 0.47216440625 0.007955828125 0.37238565625 0.026480296874999996 0.347780671875 0.03810290625 0.30234978125 0.16206571875 0.3113735625 0.175749078125 0.307420671875 0.207174234375 0.35899440625 0.22493249999999998 0.383907171875 0.24831732812500001 0.40771235937499994 0.24699553125 0.42249378125000003 0.231990390625 0.429061671875 0.244828109375 0.43271724999999994 0.230222515625 0.420186546875 0.222734984375 0.422037359375 0.20539270312500002 0.40745067187500006 0.191909140625 0.413562125 0.1781491875 0.468561125 0.2816965 0.554071390625 0.33652296875 0.59827746875 0.351744328125 0.6230309843749999 0.33466415625 0.6434925 0.27523960937499997 0.604219359375 0.242740125 0.60300921875 0.2063643125 0.625204375 0.17381715625 0.5858075 0.148617890625 0.547507734375 0.09629825 0.55496753125 0.058677281250000005 0.539124640625 0.02889684375 0.499327859375 0.008848
43 1 0.354455078125 0.874693578125 0.312693484375 0.8826663281249999 0.333418265625 0.9595631718750001 0.42123796875 0.975263609375 0.4488171875 1 0.457334609375 1 0.354455078125
43 0.076548578125 0.453753703125 0.15037565625 0.49428324999999995 0.215762859375 0.49482134375 0.24620559375 0.40640921875 0.25675271875 0.38806434375 0.277981078125 0.376901390625 0.28883546875 0.34537796875 0.265378734375 0.329225515625 0.198546578125 0.31445456250000003 0.13077571875 0.35155464062499997 0.11460201562500001 0.343238515625 0.10039596875000001 0.35070878125 0.0529804375 0.408553109375 0.042709687499999996 0.44759615625000004 0.076548578125 0.453753703125
43 0.138082921875 0.623205140625 0.106018125 0.67244871875 0.14201065625 0.7155129375 0.1406623125 0.739373953125 0.155397671875 0.744447734375 0.1645078125 0.764563203125 0.2289983125 0.7867690625 0.23033065625 0.786113546875 0.270163015625 0.7342564375 0.27069640625 0.734008796875 0.281666875 0.70214825 0.2597804375 0.69260709375 0.27596671875 0.68548903125 0.2613235 0.640257375 0.29285018749999997 0.656400984375 0.294849671875 0.6306489531249999 0.2659275 0.606941171875 0.167097203125 0.606755046875 0.138082921875 0.623205140625
43 0 0.8084699375 0.008492296875 0.8028695000000001 0.028541140625 0.763072734375 0.047101171875 0.7594671875000001 0.06323996875 0.712596734375 0.045823234375 0.68523790625 0 0.6570239531250001 0 0.8084699375
