43 0.690154484375 0.312706734375 0.687033625 0.309062828125 0.668816296875 0.31372125 0.668119875 0.30220353125 0.656793640625 0.29397453125 0.64389121875 0.296988578125 0.61625884375 0.310635953125 0.579059578125 0.341420734375 0.56519884375 0.361632609375 0.555076828125 0.391443171875 0.554369859375 0.412264765625 0.56382025 0.4498003125 0.58596365625 0.465888453125 0.5897046875 0.46684284375 0.608094828125 0.460245296875 0.667286859375 0.42754509375 0.670760875 0.42446484375 0.698817 0.385848890625 0.700878375 0.372803859375 0.6970244375 0.3644979375 0.697940890625 0.3348815 0.690154484375 0.312706734375
43 0.5531825 0.488876875 0.519497234375 0.459458828125 0.493997109375 0.44340403125 0.47723140625 0.4361673125 0.448927875 0.43249653125 0.4269105625 0.436277109375 0.3905886875 0.46921896875 0.385062421875 0.482508859375 0.39259753125 0.514764921875 0.415783203125 0.547267140625 0.44613946875 0.57179440625 0.480022453125 0.5914675625 0.51102871875 0.597102 0.5436628125 0.59197046875 0.5691295 0.5643484375 0.580872296875 0.548185859375 0.58269103125 0.542041828125 0.580420421875 0.53379978125 0.569201140625 0.510403640625 0.5531825 0.488876875
43 0.35162478125 0.616391265625 0.329176375 0.642752046875 0.3173578125 0.665824109375 0.3173420625 0.678889109375 0.3328009375 0.706853328125 0.36538175 0.730524671875 0.3847968125 0.721015515625 0.392426171875 0.7320644375 0.407773984375 0.72738590625 0.417362765625 0.720071734375 0.468601234375 0.649548046875 0.45625790625 0.62152359375 0.433647265625 0.61748421875 0.398396140625 0.587743359375 0.35162478125 0.616391265625
43 0.30093546875 0.539425078125 0.275217484375 0.5359846875 0.24736259375 0.542116375 0.225110890625 0.5424305 0.207598140625 0.5494838125 0.20570878125 0.55657478125 0.24812553125 0.587392359375 0.2992766875 0.60991184375 0.3289700625 0.618300609375 0.350575359375 0.617928890625 0.359495625 0.61363915625 0.377818734375 0.588419578125 0.3773186875 0.58585621875 0.3638453125 0.5702989375 0.3303541875 0.550086421875 0.30093546875 0.539425078125
43 0.42283146875 0.453555171875 0.39024125 0.43399721875 0.364506734375 0.4144759375 0.349207796875 0.4194295 0.31379403125 0.41512509375 0.348868296875 0.467450640625 0.438378265625 0.5324834375 0.454764484375 0.529906796875 0.46583353125 0.51940790625 0.44437278125 0.480742484375 0.42283146875 0.453555171875
43 0.5215873125 0.3481345 0.500317078125 0.33762503125 0.495517734375 0.339494390625 0.461534078125 0.334168890625 0.446315671875 0.327644328125 0.44586340625 0.33679225 0.464075734375 0.359088765625 0.473513359375 0.37830628125 0.487040765625 0.39401675 0.558561609375 0.4459796875 0.567724984375 0.433367390625 0.552562625 0.41348971875 0.54442140625 0.375437 0.5215873125 0.3481345
43 0.471673078125 0.2778743125 0.45110978125 0.2959694375 0.43713384375 0.3174740625 0.42570275 0.349086453125 0.425982546875 0.349655359375 0.43831940625 0.358618609375 0.456728234375 0.348916078125 0.46778221875 0.347311984375 0.4952469375 0.3548780625 0.495173578125 0.368589453125 0.519800296875 0.35000540625 0.538188625 0.3411065 0.580812078125 0.282440375 0.57753675 0.275641875 0.585029921875 0.252760859375 0.56758078125 0.2400833125 0.56192728125 0.238148046875 0.545134234375 0.239711859375 0.500248015625 0.260094109375 0.471673078125 0.2778743125
43 0.683615984375 0.40833084375 0.660628234375 0.434299765625 0.63302196875 0.47343075 0.621973140625 0.494309140625 0.612542359375 0.51636309375 0.6085993125 0.534833546875 0.6089434375 0.54052490625 0.630699671875 0.556331734375 0.63442465625 0.554225875 0.684517703125 0.485278703125 0.697413703125 0.440378953125 0.699042328125 0.409215234375 0.694303421875 0.404395765625 0.683615984375 0.40833084375
43 0.612110453125 0.600250421875 0.623405453125 0.563721484375 0.616969984375 0.55216353125 0.605895078125 0.547558296875 0.576367015625 0.601810609375 0.54155553125 0.631577296875 0.50960840625 0.6420898125 0.484782796875 0.637129390625 0.487684125 0.6455605 0.523642578125 0.67168584375 0.5367326875 0.672808515625 0.562401390625 0.661863875 0.592128375 0.631156 0.612110453125 0.600250421875
43 0.315858609375 0.670163265625 0.322714296875 0.6701999375 0.31985771875 0.6532916875 0.32548103125 0.644604578125 0.26055153125 0.62503603125 0.2376333125 0.6281620625 0.227857015625 0.63877615625 0.208758328125 0.67467178125 0.278362625 0.725242265625 0.306644546875 0.711263484375 0.31673215625 0.711588171875 0.351338453125 0.73119790625 0.357706421875 0.72243315625 0.3551434375 0.712714140625 0.3456856875 0.69636615625 0.32770775 0.67753609375 0.315858609375 0.670163265625
43 0.56684709375 0.447919875 0.53349328125 0.42657109375 0.533158234375 0.437452265625 0.562392125 0.492889796875 0.563369953125 0.501016640625 0.56094140625 0.505649390625 0.581262203125 0.520413328125 0.6035794375 0.522402125 0.641461546875 0.544540421875 0.646623109375 0.537436140625 0.63958278125 0.5164223125 0.615184890625 0.47232678125 0.607468546875 0.46589646875 0.56684709375 0.447919875
