43 0.43578978125 0.621258890625 0.43625282812500005 0.619811515625 0.45263251562500006 0.609465484375 0.47537900000000005 0.59353821875 0.48429553125 0.575085546875 0.48799634375 0.5411923125 0.486115640625 0.534653796875 0.4635619375 0.502443765625 0.443422765625 0.501321625 0.4201125 0.507209671875 0.373926234375 0.525202953125 0.342982609375 0.54817415625 0.32803084375 0.640158859375 0.33555690625 0.655104921875 0.378627875 0.661284078125 0.43578978125 0.621258890625
43 0.546630296875 0.562722140625 0.57142396875 0.545361421875 0.57416075 0.511266265625 0.56509996875 0.48400696875 0.53330153125 0.43859407812500006 0.49997340625 0.42114835937499995 0.4670008125 0.41876240625000005 0.42043518750000003 0.44352996874999995 0.418242015625 0.463680984375 0.424585125 0.50626771875 0.4486135 0.544309140625 0.5219922968749999 0.56249134375 0.546630296875 0.562722140625
43 0.31702521875 0.42937442187499997 0.365227828125 0.47260334375 0.39752446875 0.49545571875 0.41735490625000005 0.4815703125 0.41711268749999997 0.44705046875 0.44686821875 0.42621543749999996 0.463678328125 0.42228290625 0.462855046875 0.41971015625 0.4369448125 0.382706515625 0.410575328125 0.358551265625 0.37187396875 0.33960178124999996 0.33162703125 0.330552296875 0.322000265625 0.33729303125 0.306656875 0.36567215625 0.299189984375 0.38853614062499997 0.301164453125 0.40672290625 0.31702521875 0.42937442187499997
43 0.2812201875 0.27474565625 0.29341639062499997 0.30147693750000004 0.31912685937499996 0.33540129687500003 0.33856246875 0.329630375 0.37338665625 0.34068578125000004 0.43521103125 0.297395875 0.434615 0.290786546875 0.421498109375 0.26274040625 0.39410557812499997 0.23293312500000002 0.3714756875 0.21644684375 0.347345734375 0.21178820312500002 0.31994265624999996 0.219218984375 0.295483609375 0.23830490625 0.2812201875 0.27474565625
43 0.28922470312500004 0.5522134375000001 0.325196328125 0.52702584375 0.32560181250000003 0.49610578125 0.274186171875 0.422676625 0.2572559375 0.41665867187499994 0.2180206875 0.4127793125 0.17398953125 0.43185321875 0.17676375 0.47399965625 0.192961171875 0.5194838749999999 0.207691875 0.5405214843749999 0.274671484375 0.55142740625 0.28922470312500004 0.5522134375000001
43 0.2456708125 0.681374578125 0.248910625 0.705559421875 0.2765761875 0.74693259375 0.320040171875 0.779203078125 0.340118125 0.783621921875 0.37841178124999997 0.756808421875 0.383029125 0.7341179999999999 0.373719234375 0.678912296875 0.30834121875 0.62279596875 0.289485 0.615424375 0.27884653125000003 0.616994984375 0.26576459375 0.628114578125 0.249637078125 0.6609617812499999 0.2456708125 0.681374578125
43 0.342445265625 0.7910371406250001 0.374864203125 0.7911614375 0.389949875 0.7868785625 0.4328728125 0.75682359375 0.454290828125 0.719895390625 0.46288196875 0.71257553125 0.46601642187500003 0.6966386250000001 0.45890634375 0.686484390625 0.43729904687500004 0.7096209531250001 0.40303568749999996 0.716657203125 0.35476128125 0.7106797968749999 0.337162734375 0.6897441718749999 0.32313365625 0.7060886562500001 0.30286931250000004 0.745710703125 0.322472734375 0.783501953125 0.342445265625 0.7910371406250001
43 0.501094609375 0.8382842343749999 0.51626 0.826361046875 0.55298234375 0.7663561249999999 0.552722015625 0.765984328125 0.503849625 0.775055546875 0.4716091875 0.769589265625 0.452434015625 0.747801203125 0.44740032812499997 0.72757671875 0.43011721875 0.739678484375 0.42658932812500006 0.743073546875 0.411066859375 0.7656807031249999 0.39105828125 0.816861890625 0.406550671875 0.843185015625 0.426433921875 0.8533911875 0.44089126562500003 0.8530498906249999 0.47445256249999995 0.8478094531249999 0.501094609375 0.8382842343749999
43 0.56604715625 0.758946921875 0.6205253125 0.72080090625 0.620539015625 0.720783328125 0.6264172343750001 0.7081897500000001 0.6279045 0.682666546875 0.6116024375 0.659384796875 0.549871 0.6548397968749999 0.524984140625 0.659875453125 0.49859784375 0.680959828125 0.48710918750000004 0.69813396875 0.47955909375 0.722332171875 0.48497899999999994 0.742665703125 0.524483703125 0.7613049375000001 0.56604715625 0.758946921875
43 0.6743858281249999 0.702161984375 0.778184 0.6294817187499999 0.779772234375 0.62714259375 0.7374395781249999 0.566685296875 0.702433125 0.5498190000000001 0.640379375 0.58153128125 0.6097807656249999 0.613390640625 0.600481546875 0.632292359375 0.6009930625 0.655410625 0.625070578125 0.684199984375 0.6446028125 0.695304046875 0.6743858281249999 0.702161984375
43 0.487278234375 0.48983328125 0.507579765625 0.475617984375 0.54384053125 0.394685203125 0.5657710625 0.375999953125 0.5522619843750001 0.356707 0.5406220937499999 0.356507140625 0.5127544687500001 0.364282046875 0.475938640625 0.39006075 0.4652413125 0.40276809374999994 0.458393265625 0.42517046875000003 0.459951859375 0.45538104687500003 0.47693159375 0.48522759375 0.487278234375 0.48983328125
