43 0.2457968125 0.27481140625 0.12210987499999999 0.24784040625 0.06187535937500001 0.267053296875 0.026899109375 0.30746017187499997 0.01016728125 0.353625984375 0.008554734375000001 0.457736046875 0.02470859375 0.526928625 0.059049828125 0.58605434375 0.11556934375000001 0.650460015625 0.166638765625 0.68621921875 0.1866824375 0.69647153125 0.316790984375 0.666549421875 0.3403999375 0.6462084375 0.35667746875 0.62296171875 0.36428220312500004 0.605087859375 0.36405389062500004 0.541784484375 0.37528453125 0.532108390625 0.3655879375 0.5077789218750001 0.374863578125 0.5072578125 0.346330328125 0.404841265625 0.3025993125 0.314584953125 0.2457968125 0.27481140625
43 0.76028353125 1 0.8134367656249999 0.924089296875 0.818727953125 0.863633890625 0.73563259375 0.791418 0.6794399531249999 0.701943625 0.614426453125 0.6564206718750001 0.5664523124999999 0.644892890625 0.45416726562500004 0.655723359375 0.386169765625 0.72738209375 0.38888821875 0.838032734375 0.42731071875 0.92632596875 0.45525175000000007 0.956414421875 0.520989953125 1 0.76028353125 1
43 0.553358671875 0.5925670937499999 0.51384565625 0.654007421875 0.5147575468750001 0.67023978125 0.594547140625 0.6414568125 0.668838328125 0.635556109375 0.705458328125 0.64337615625 0.7650870624999999 0.6984948125 0.780625328125 0.814076265625 0.768628 0.878841390625 0.774696625 0.883090671875 0.82534915625 0.84539221875 0.86333834375 0.79833975 0.8880661562500001 0.763024765625 0.9132696250000001 0.71982878125 0.920861375 0.6939569062500001 0.9147296562499999 0.62506040625 0.8796909375 0.56488296875 0.83941434375 0.5322256249999999 0.77297546875 0.51689228125 0.5967888125 0.560601859375 0.553358671875 0.5925670937499999
43 0.9508787968749999 0.654688453125 0.93454990625 0.565285671875 0.9138950625 0.519635296875 0.8702224218750001 0.46677848437499997 0.81712521875 0.44742095312499996 0.67730703125 0.4542206875 0.6275968749999999 0.49515473437499996 0.5985704375 0.54994515625 0.614194671875 0.560885375 0.780226640625 0.515147296875 0.8419577500000001 0.5271842343750001 0.886681578125 0.5585001875 0.924074171875 0.6203258125 0.9325597812499999 0.6908705312500001 0.914892109375 0.73864715625 0.9320296718750001 0.72168703125 0.9508787968749999 0.654688453125
43 1 0.36813934375 0.9473506875 0.354357203125 0.88638840625 0.355520625 0.820538578125 0.379571546875 0.78324340625 0.420108671875 0.764192671875 0.466404734375 0.7579423281250001 0.570775359375 0.7692745624999999 0.5931750625000001 0.839193421875 0.6421327812500001 0.84313025 0.63651040625 0.838932828125 0.51873834375 0.8585971718750001 0.45884006250000003 0.9147504062499999 0.410459625 0.936904890625 0.39790859375 1 0.383590125 1 0.36813934375
43 0.3943235 0.37470042187499997 0.3831499375 0.40020234375 0.366553703125 0.3920895 0.36166615625 0.414977015625 0.435064875 0.46286339062500004 0.454037125 0.4866718125 0.489912375 0.5117919375 0.5506249375000001 0.53325546875 0.6274556875 0.522155453125 0.6428200937499999 0.5139626093749999 0.722665359375 0.399931765625 0.725313578125 0.369674 0.70195328125 0.32349915625 0.6805567031249999 0.30215890624999997 0.618849328125 0.2589509375 0.56412459375 0.23400640625000002 0.45751193749999997 0.255824703125 0.42516142187500006 0.289300171875 0.38303576562499997 0.36855065625 0.342579765625 0.35951689062500003 0.346603953125 0.372858578125 0.36021059375000003 0.37887807812499996 0.3943235 0.37470042187499997
43 0.5568686406250001 0.11361553124999998 0.574249734375 0.1556036875 0.5746706875 0.18045424999999998 0.566543796875 0.22387535937499997 0.5415138749999999 0.265984765625 0.47639182812499997 0.308085140625 0.5543713125 0.339885125 0.6189368125 0.327212828125 0.657672421875 0.30206181249999997 0.686496578125 0.260896625 0.69908540625 0.225474703125 0.6972088750000001 0.16452520312500002 0.6614691875 0.08512640625 0.612907703125 0.0335834375 0.599301078125 0.027563937500000003 0.553593640625 0.032392953125 0.5020211406249999 0.064686984375 0.5568686406250001 0.11361553124999998
43 0.27956642187499997 0.0789991875 0.22787978125000002 0.079641515625 0.225254046875 0.08657290625 0.242328328125 0.13536215625 0.24445459375 0.1736846875 0.256719828125 0.175256953125 0.26244929687499996 0.202070609375 0.247308625 0.2300566875 0.248764171875 0.266155609375 0.229406640625 0.31925279687499997 0.195742265625 0.34418025 0.27202478124999996 0.39759384375 0.289312921875 0.392771390625 0.31641203125 0.373158671875 0.36211946875 0.36832965624999997 0.376396796875 0.376572765625 0.397366875 0.21936550000000002 0.382861234375 0.147819015625 0.35223740625 0.10883612499999999 0.27956642187499997 0.0789991875
43 0.7939615625 0.455198859375 0.785172296875 0.47078454687500004 0.78591075 0.471301625 0.829109046875 0.46226953125000003 0.866205765625 0.44010701562500004 0.9027618593750001 0.3878995 0.9092576250000001 0.360531390625 0.888045 0.26674875 0.875635828125 0.248008765625 0.847490453125 0.22830115625 0.7825454374999999 0.229710890625 0.78156790625 0.234288390625 0.801881546875 0.26254403125 0.83560915625 0.335271953125 0.8396904218750001 0.36443949999999997 0.8365081562500001 0.40079896875000004 0.80983003125 0.445262234375 0.7939615625 0.455198859375
43 0.939966015625 0.29061668749999997 0.9119889375 0.235383875 0.8790345468749999 0.21230896875 0.835092359375 0.194906453125 0.781855859375 0.21332214062500002 0.730312890625 0.261883625 0.716199640625 0.288967171875 0.722010796875 0.2930361875 0.736062828125 0.28373128125 0.773864265625 0.27232940625 0.8434476875 0.26313226562500003 0.87562046875 0.27229375 0.89209765625 0.283831203125 0.9266152968749999 0.334733 0.935640015625 0.334369109375 0.939966015625 0.29061668749999997
43 0.686860609375 0.169012265625 0.678619578125 0.1807816875 0.677392328125 0.20798615625 0.688998828125 0.231771734375 0.72714790625 0.258484015625 0.7454825625 0.25390946875 0.7925885 0.269353515625 0.810526140625 0.281913578125 0.823805671875 0.28272978125 0.8280613593749999 0.27665203125 0.79186071875 0.2513040625 0.74763025 0.206301640625 0.7389682343749999 0.193220515625 0.72591815625 0.15777293750000002 0.7291575 0.13723931250000002 0.71591475 0.1402445625 0.68551921875 0.16456503125 0.686860609375 0.169012265625
43 0.189310375 0.5837575625 0.24440759375 0.610059140625 0.3162723125 0.691951125 0.353603140625 0.753170171875 0.36837679687499997 0.8084031093749999 0.384970265625 0.8200219687500001 0.45055485937500006 0.8087785937499999 0.49076215625 0.7583652187500001 0.506526625 0.7358512187499999 0.53737475 0.62752040625 0.536283109375 0.6004462187499999 0.42835046875 0.531886921875 0.388451 0.49342509375 0.36026021875 0.485963625 0.28678296875 0.508181703125 0.20414425 0.56257259375 0.189310375 0.5837575625
