43 0.4183399375 0.297258890625 0.42210439062500005 0.330874171875 0.461903109375 0.44062999999999997 0.506407453125 0.46820874999999995 0.618002984375 0.47666559375000006 0.672932875 0.41656556250000004 0.661043453125 0.380775125 0.67236821875 0.38668403125 0.677000625 0.36043159375 0.707231390625 0.3640491875 0.721463171875 0.348998015625 0.7175836875 0.332295046875 0.67307934375 0.304716296875 0.67185590625 0.28137171875 0.682365046875 0.2717175625 0.732704328125 0.2768823125 0.73454475 0.254677625 0.6705697500000001 0.199508640625 0.543424859375 0.219176859375 0.45713490625000003 0.215896234375 0.4183399375 0.297258890625
43 0.893442234375 0.59965496875 0.926287234375 0.5576186562500001 0.938993953125 0.517049953125 0.9336760312499999 0.415578046875 0.8497536562500001 0.339246921875 0.8156643125 0.3384325 0.774809375 0.36138134375000003 0.7290710625 0.424901125 0.6783134375000001 0.52639796875 0.68198375 0.59643171875 0.69450915625 0.6306241875 0.78546253125 0.62585753125 0.8623017187500001 0.616892796875 0.893442234375 0.59965496875
43 0.871796421875 0.86928071875 0.9207654218749999 0.8607061249999999 0.9415046874999999 0.8345849218750001 0.98521415625 0.801880234375 0.9796934687500001 0.696539078125 0.85344303125 0.667965359375 0.781757484375 0.689746953125 0.7053144062500001 0.7448231562500001 0.685924390625 0.7718750156249999 0.674746078125 0.8315418125 0.688354796875 0.867879390625 0.71139684375 0.885697875 0.7422341875 0.8941125624999999 0.8435309999999999 0.8888038125 0.871796421875 0.86928071875
43 0.659047234375 0.7868525156249999 0.6740770781250001 0.788159421875 0.7213530625 0.785681796875 0.791879765625 0.695463171875 0.789870078125 0.657116109375 0.760975609375 0.64732678125 0.69136053125 0.658986125 0.643856953125 0.69552234375 0.6028788125 0.707683640625 0.5592136562500001 0.743017328125 0.5341780468749999 0.79549121875 0.544499828125 0.79495028125 0.6011453125 0.7738650625 0.634865265625 0.7720978749999999 0.659047234375 0.7868525156249999
43 0.714383875 0.379239515625 0.6013425156250001 0.497919765625 0.6019280625000001 0.547307421875 0.628613921875 0.59792825 0.653715859375 0.617115640625 0.69090878125 0.6151664375 0.679141484375 0.530256 0.74530675 0.403900875 0.7442220625 0.383204 0.73912203125 0.377943046875 0.714383875 0.379239515625
43 0.2650379375 0.6286868125 0.262810609375 0.662616109375 0.2728178125 0.68159890625 0.3163915 0.7105269062499999 0.388177796875 0.7236710468750001 0.41666226562500003 0.7130748437500001 0.43620614062499996 0.6847404375 0.4666356875 0.501077984375 0.4619196875 0.4493058125 0.44149746875 0.40355867187500005 0.43305882812499996 0.357183515625 0.379613875 0.3118665625 0.335831015625 0.33626934375 0.3228435625 0.394171265625 0.33114628125 0.43795259375000006 0.29653409375 0.446268953125 0.286160890625 0.45851693750000005 0.288064015625 0.49483073437499997 0.27970896875 0.52648021875 0.306258890625 0.5745071562499999 0.2650379375 0.6286868125
43 0.8178748125 0.8929264531250001 0.8098916875000001 0.74059921875 0.730722359375 0.75176671875 0.644031546875 0.85945134375 0.6201750625 0.8757221875000001 0.584279953125 0.88561434375 0.5380209375 0.92108396875 0.5726016875 0.9342955156249999 0.5903516718749999 0.9333652656250001 0.650172734375 0.9021885 0.78578528125 0.9091005624999999 0.8178748125 0.8929264531250001
43 0.284536421875 0.14926985937499998 0.275093875 0.16016859375 0.29000534375 0.158086640625 0.292253578125 0.143663484375 0.309026375 0.138883015625 0.31606384374999996 0.12030743749999999 0.33111126562500004 0.1208193125 0.255706828125 0.210602984375 0.23690535937499999 0.31042509375 0.239352234375 0.35711428125 0.261453046875 0.371683734375 0.32791501562500003 0.368200609375 0.342645046875 0.3217898125 0.375918765625 0.307041171875 0.41441043750000006 0.31542778125000004 0.42301645312499997 0.26945982812499997 0.45717903125000003 0.21434962500000002 0.49485507812499996 0.207173140625 0.51470609375 0.183505109375 0.510937609375 0.11159821875 0.510864578125 0.11139884375 0.45631121874999997 0.025824984375 0.43631773437500004 0.007365546874999999 0.3043626875 0.01168003125 0.29505609375 0.025172624999999997 0.26443840625 0.033279625 0.267293109375 0.087750328125 0.254943546875 0.11960915624999999 0.265086671875 0.141185796875 0.284536421875 0.14926985937499998
43 0.7923994375000001 0.20219878125 0.8965947812499999 0.25481771875 0.921483328125 0.274507234375 0.98868403125 0.27098539062500004 0.9835543437500001 0.173105359375 0.777243578125 0.185969734375 0.7923994375000001 0.20219878125
43 0.23869379687499997 0.588975390625 0.24861603125 0.5053414843749999 0.22462046875000002 0.44451396875000004 0.13124212500000002 0.44940771875 0.11028204687500001 0.44650068750000005 0.088093421875 0.427708453125 0.074606828125 0.42841525 0.058812390625 0.432174765625 0.052496265625 0.46054421874999996 0.063836640625 0.528043203125 0.12362265624999999 0.576981328125 0.121970859375 0.59509259375 0.13421884374999998 0.6054658125 0.197917109375 0.6253565937500001 0.24302778125 0.6229924375 0.24566089062500002 0.622656921875 0.23869379687499997 0.588975390625
43 0.248810625 0.8339252968749999 0.25649895312500004 0.856553921875 0.272062015625 0.855738296875 0.2880441875 0.8709763125000001 0.356157203125 0.867406671875 0.357146953125 0.8662997812500001 0.374652859375 0.80329725 0.375054640625 0.8028678125 0.373291109375 0.769217625 0.34942418750000004 0.768570015625 0.361765375 0.75590678125 0.33124432812500004 0.719454171875 0.36652287499999997 0.7226121562500001 0.358729875 0.697986265625 0.323032625 0.686839234375 0.231329046875 0.723689125 0.21058978125 0.74981034375 0.19930678125 0.807479875 0.248810625 0.8339252968749999
43 0.031181406249999998 0.86442025 0.021427718749999998 0.9219583124999999 0.02439996875 0.9786719843749999 0.21164299999999997 0.9688589999999999 0.208485828125 0.908616609375 0.1987574375 0.885679125 0.1542319375 0.854967328125 0.10982259375 0.851286484375 0.09850517187499999 0.83385490625 0.0542005 0.832171328125 0.031181406249999998 0.86442025
