66 0.3484375 0.48541666718750004 0.344921875 0.477777778125 0.298046875 0.477777778125 0.278515625 0.502777778125 0.155078125 0.625 0.089453125 0.7486111109375 0.06484375 0.78125 0.06484375 0.7979166671875 0.07109375 0.80069444375 0.109765625 0.7736111109375 0.159765625 0.747222221875 0.198828125 0.715277778125 0.241015625 0.66805555625 0.284765625 0.627777778125 0.346875 0.553472221875 0.34921875 0.5451388890625 0.3484375 0.48541666718750004
66 0.334765625 0.6791666671875001 0.346875 0.66180555625 0.34921875 0.6423611109375 0.35 0.5854166671875001 0.346875 0.5673611109375 0.34921875 0.559027778125 0.3484375 0.4798611109375 0.345703125 0.475 0.298046875 0.477777778125 0.271484375 0.5097222218749999 0.248828125 0.527777778125 0.189453125 0.5930555562500001 0.155859375 0.6236111109375 0.121875 0.684027778125 0.0859375 0.7604166671875 0.071875 0.77569444375 0.071484375 0.7833333328125 0.08359375 0.7895833328124999 0.138671875 0.7583333328124999 0.164453125 0.7513888890625 0.169140625 0.7569444437499999 0.200390625 0.75555555625 0.237890625 0.747222221875 0.269140625 0.727777778125 0.323046875 0.6833333328125 0.334765625 0.6791666671875001
66 0.137109375 0.7638888890625 0.13046875 0.7743055562500001 0.145703125 0.79305555625 0.218359375 0.834722221875 0.240234375 0.8416666671874999 0.26875 0.8423611109375001 0.312109375 0.8138888890624999 0.3484375 0.77569444375 0.3484375 0.6895833328125 0.345703125 0.6791666671875001 0.242578125 0.75 0.194140625 0.7611111109375 0.145703125 0.7611111109375 0.137109375 0.7638888890625
66 0.075 0.840972221875 0.07578125 0.8604166671875 0.094921875 0.89444444375 0.124609375 0.922222221875 0.181640625 0.9638888890624999 0.24375 0.9798611109375001 0.277734375 0.972222221875 0.28984375 0.95625 0.286328125 0.9444444437499999 0.251171875 0.8916666671875 0.156640625 0.88055555625 0.121484375 0.8666666671875 0.079296875 0.8361111109375001 0.075 0.840972221875
66 0.519921875 0.6513888890625 0.495703125 0.647222221875 0.475390625 0.6583333328125 0.456640625 0.6916666671875 0.432421875 0.722222221875 0.389453125 0.7361111109375 0.362890625 0.7541666671875 0.35703125 0.7493055562500001 0.3546875 0.83125 0.357421875 0.8444444437499999 0.45 0.8534722218749999 0.516796875 0.8375 0.553515625 0.8166666671874999 0.614453125 0.7666666671875 0.61875 0.75625 0.61875 0.7395833328125 0.606640625 0.7166666671875 0.569921875 0.6791666671875001 0.519921875 0.6513888890625
66 0.9578125 0.903472221875 0.953515625 0.8888888890625 0.924609375 0.859722221875 0.906640625 0.85 0.879296875 0.8444444437499999 0.841015625 0.81805555625 0.806640625 0.7833333328125 0.775390625 0.7416666671875001 0.753515625 0.722222221875 0.678515625 0.684722221875 0.670703125 0.684722221875 0.66640625 0.690972221875 0.6609375 0.7493055562500001 0.6765625 0.784027778125 0.67734375 0.8145833328125001 0.697265625 0.85 0.762109375 0.9166666671874999 0.81796875 0.9270833328125001 0.842578125 0.91805555625 0.850390625 0.909722221875 0.887109375 0.9125 0.901171875 0.9069444437499999 0.906640625 0.9111111109375001 0.946484375 0.909722221875 0.956640625 0.9138888890624999 0.9578125 0.903472221875
66 0.6953125 0.653472221875 0.6890625 0.68125 0.690234375 0.6888888890625 0.722265625 0.7083333328125 0.751171875 0.7180555562500001 0.77890625 0.7423611109375 0.7921875 0.6951388890625 0.8 0.61875 0.8046875 0.6076388890625 0.798828125 0.6 0.774609375 0.597222221875 0.726171875 0.6152777781250001 0.710546875 0.6291666671875 0.6953125 0.653472221875
66 0.839453125 0.6513888890625 0.819921875 0.6333333328124999 0.802734375 0.64444444375 0.79609375 0.659027778125 0.79453125 0.6895833328125 0.78125 0.7479166671875 0.808203125 0.7819444437499999 0.83203125 0.8020833328125001 0.8359375 0.79930555625 0.85234375 0.74375 0.860546875 0.727777778125 0.886328125 0.690277778125 0.910546875 0.684722221875 0.91171875 0.6770833328125 0.891796875 0.6569444437499999 0.839453125 0.6513888890625
66 0.88125 0.7048611109375 0.8984375 0.7354166671875 0.90390625 0.778472221875 0.924609375 0.8416666671874999 0.973828125 0.8736111109375001 0.99296875 0.8923611109375 0.99375 0.82569444375 0.9640625 0.759027778125 0.94921875 0.7118055562500001 0.933203125 0.6791666671875001 0.916015625 0.6805555562500001 0.905859375 0.690277778125 0.8828125 0.6979166671875 0.88125 0.7048611109375
66 0.4953125 0.940972221875 0.499609375 0.9444444437499999 0.580078125 0.9208333328125 0.627734375 0.9291666671875 0.6328125 0.9201388890625 0.63359375 0.90625 0.616015625 0.8583333328125 0.597265625 0.8458333328125001 0.577734375 0.8416666671874999 0.511328125 0.8416666671874999 0.453515625 0.85694444375 0.432421875 0.872222221875 0.413671875 0.8708333328125001 0.356640625 0.8819444437499999 0.3546875 0.9756944437499999 0.372265625 0.997222221875 0.37890625 0.996527778125 0.3828125 0.990972221875 0.3796875 0.984027778125 0.37890625 0.921527778125 0.382421875 0.9125 0.391015625 0.9083333328125001 0.485546875 0.9111111109375001 0.49140625 0.9173611109375001 0.4953125 0.940972221875
66 0.501171875 0.94305555625 0.49765625 0.946527778125 0.49296875 0.9854166671875 0.484375 0.9979166671874999 0.6640625 1 0.677734375 0.9986111109375001 0.6796875 0.9756944437499999 0.67890625 0.96319444375 0.664453125 0.9444444437499999 0.630078125 0.9305555562500001 0.590234375 0.922222221875 0.555859375 0.9263888890624999 0.501171875 0.94305555625
66 0.174609375 0.44305555625000004 0.165234375 0.45416666718750004 0.156640625 0.45694444375 0.15078125 0.4770833328125 0.145703125 0.48333333281249996 0.123828125 0.48472222187499997 0.105078125 0.502777778125 0.070703125 0.525 0.047265625 0.55 0.00078125 0.621527778125 0 0.678472221875 0.00703125 0.6826388890625 0.065234375 0.66805555625 0.157421875 0.61944444375 0.283203125 0.49583333281249997 0.2859375 0.48819444375 0.200390625 0.48194444374999995 0.19375 0.47430555625000004 0.190234375 0.45555555625000005 0.174609375 0.44305555625000004
