66 0.23046875 0.33541666718749996 0.231640625 0.34305555625 0.281640625 0.3638888890625 0.3609375 0.37430555625 0.36875 0.3645833328125 0.369921875 0.35555555625 0.340234375 0.32777777812500003 0.329296875 0.32777777812500003 0.315234375 0.31944444375000003 0.268359375 0.315277778125 0.237890625 0.32777777812500003 0.23046875 0.33541666718749996
66 0.3234375 0.45347222187499997 0.3265625 0.47569444375 0.33828125 0.50625 0.366015625 0.559722221875 0.3984375 0.6076388890625 0.3953125 0.6326388890625 0.3953125 0.6493055562500001 0.3984375 0.6493055562500001 0.406640625 0.627777778125 0.425 0.6201388890625 0.403125 0.6048611109375 0.39375 0.546527778125 0.371875 0.48680555625000005 0.349609375 0.45416666718750004 0.325390625 0.4388888890625 0.3234375 0.45347222187499997
66 0.573828125 0.69305555625 0.544140625 0.6625 0.521484375 0.6541666671875 0.506640625 0.6555555562500001 0.50390625 0.6701388890625 0.509375 0.6881944437499999 0.573046875 0.8 0.597265625 0.8194444437499999 0.64765625 0.8756944437499999 0.6625 0.9395833328125001 0.66796875 0.94930555625 0.66640625 0.90625 0.690234375 0.9111111109375001 0.6921875 0.90625 0.664453125 0.8833333328125 0.653125 0.86319444375 0.61953125 0.7743055562500001 0.59609375 0.7298611109375 0.573828125 0.69305555625
66 0.494140625 0.43333333281249997 0.49296875 0.43958333281249995 0.5046875 0.45625 0.5 0.5048611109375 0.5078125 0.5701388890625 0.528125 0.63125 0.539453125 0.652777778125 0.54296875 0.653472221875 0.54609375 0.64375 0.5484375 0.596527778125 0.54375 0.53680555625 0.53046875 0.490972221875 0.5109375 0.4548611109375 0.51796875 0.43680555625000006 0.501171875 0.4388888890625 0.494140625 0.43333333281249997
66 0.465625 0.5618055562500001 0.45390625 0.65625 0.45703125 0.6701388890625 0.45703125 0.7104166671875001 0.454296875 0.7180555562500001 0.43828125 0.7326388890625 0.439453125 0.7402777781250001 0.451953125 0.7388888890625 0.45859375 0.7604166671875 0.4640625 0.765972221875 0.46328125 0.7118055562500001 0.4875 0.6576388890625 0.4984375 0.6034722218749999 0.50625 0.5868055562500001 0.50390625 0.534027778125 0.498046875 0.5083333328124999 0.487109375 0.5166666671875 0.465625 0.5618055562500001
66 0.40234375 0.446527778125 0.42890625 0.49930555625000006 0.43359375 0.515972221875 0.453125 0.53680555625 0.4640625 0.5229166671875001 0.46484375 0.51319444375 0.44609375 0.4451388890625 0.423046875 0.4 0.391796875 0.36666666718749996 0.38984375 0.37013888906250003 0.39375 0.41041666718750003 0.40234375 0.446527778125
66 0.61640625 0.33680555624999997 0.6296875 0.3854166671875 0.640234375 0.40277777812500004 0.65390625 0.4048611109375 0.6515625 0.4201388890625 0.6546875 0.43263888906250003 0.68203125 0.48819444375 0.67890625 0.5020833328125 0.68359375 0.509027778125 0.691015625 0.5 0.7015625 0.49652777812500004 0.6875 0.4798611109375 0.68046875 0.42569444375 0.66953125 0.38680555625 0.640234375 0.32777777812500003 0.618359375 0.315277778125 0.61640625 0.33680555624999997
66 0.384375 0.73680555625 0.3875 0.7645833328125 0.394921875 0.772222221875 0.431640625 0.840277778125 0.474609375 0.877777778125 0.5 0.8854166671874999 0.5 0.8701388890624999 0.48828125 0.83125 0.4734375 0.7951388890625 0.458203125 0.76944444375 0.411328125 0.7180555562500001 0.378515625 0.7 0.371875 0.7020833328125 0.384375 0.73680555625
66 0.573046875 0.840277778125 0.57109375 0.846527778125 0.5734375 0.85625 0.5859375 0.8798611109375001 0.5859375 0.8951388890624999 0.575 0.953472221875 0.571875 0.9979166671874999 0.61328125 1 0.6109375 0.9548611109375 0.6046875 0.940972221875 0.59453125 0.890972221875 0.59609375 0.8770833328125001 0.609375 0.8506944437499999 0.604296875 0.847222221875 0.591015625 0.859722221875 0.573046875 0.840277778125
66 0.314453125 0.4291666671875 0.321484375 0.4263888890625 0.326171875 0.4166666671875 0.296875 0.41875 0.305859375 0.4263888890625 0.30703125 0.43680555625000006 0.29296875 0.48819444375 0.2921875 0.6006944437499999 0.294921875 0.6166666671875001 0.298828125 0.6125 0.30625 0.621527778125 0.31640625 0.5951388890625 0.32109375 0.55625 0.3296875 0.53125 0.329296875 0.5236111109375 0.32421875 0.5243055562500001 0.32265625 0.4673611109375 0.31328125 0.43680555625000006 0.314453125 0.4291666671875
