89 0.041015625 0.534457478125 0.0439453125 0.7338709671875 0.0546875 0.73680351875 0.08154296875 0.7331378296875 0.091796875 0.7250733140625 0.0888671875 0.5300586515625 0.07421875 0.5007331374999999 0.07177734375 0.48240469218750004 0.0283203125 0.4904692078125 0.029296875 0.5051319640624999 0.041015625 0.534457478125
89 0 0.7456011734375 0.0048828125 0.7456011734375 0.03955078125 0.7390029328125001 0.0439453125 0.7309384171875 0.041015625 0.5373900296875 0.0263671875 0.5051319640624999 0.02392578125 0.48680351875000005 0 0.4904692078125 0 0.7456011734375
89 0.0791015625 0.48753665625 0.080078125 0.506598240625 0.08984375 0.5315249265624999 0.0927734375 0.7250733140625 0.1044921875 0.7280058656249999 0.13623046875 0.7228739 0.140625 0.7133431078125 0.1396484375 0.5300586515625 0.125 0.49633431093749997 0.1240234375 0.48020527812499997 0.11962890625 0.47653958906250005 0.08349609375 0.4809384171875 0.0791015625 0.48753665625
89 0.140625 0.7177419359375 0.154296875 0.7192082109375 0.18408203125 0.714076246875 0.1884765625 0.70747800625 0.185546875 0.5241935484375 0.16943359375 0.47214076250000003 0.13037109375 0.47653958906250005 0.126953125 0.4816715546875 0.1396484375 0.535923753125 0.140625 0.7177419359375
89 0.1865234375 0.70747800625 0.1943359375 0.7118768328125 0.232421875 0.701612903125 0.2294921875 0.51539589375 0.2158203125 0.48753665625 0.21240234375 0.4677419359375 0.17919921875 0.4706744875 0.1728515625 0.47727272656249997 0.185546875 0.5271261 0.1865234375 0.70747800625
89 0.23046875 0.5183284453125 0.2333984375 0.701612903125 0.240234375 0.703079178125 0.279296875 0.694281525 0.2783203125 0.51539589375 0.275390625 0.5007331374999999 0.263671875 0.4831378296875 0.26025390625 0.4633431078125 0.22265625 0.471407625 0.2216796875 0.493401759375 0.23046875 0.5183284453125
89 0.2783203125 0.6766862171875 0.279296875 0.694281525 0.2861328125 0.6957478 0.3134765625 0.686950146875 0.310546875 0.5007331374999999 0.296875 0.47727272656249997 0.29150390625 0.45601172968750003 0.2626953125 0.4626099703125 0.263671875 0.4831378296875 0.27734375 0.506598240625 0.2783203125 0.6766862171875
89 0.306640625 0.4890029328125 0.3115234375 0.4978005859375 0.3125 0.528592375 0.3125 0.6840175953125 0.3203125 0.688416421875 0.36474609375 0.6818181812499999 0.369140625 0.672287390625 0.3671875 0.49633431093749997 0.3515625 0.471407625 0.34716796875 0.453079178125 0.31591796875 0.45894428125 0.3134765625 0.47727272656249997 0.306640625 0.4890029328125
89 0.416015625 0.6678885625000001 0.41796875 0.4978005859375 0.40966796875 0.4897360703125 0.37744140625 0.48533724375 0.3671875 0.4904692078125 0.369140625 0.672287390625 0.376953125 0.6781524921875 0.416015625 0.6678885625000001
89 0.5185546875 0.6077712609375 0.5234375 0.48607038124999996 0.49853515625 0.4736070375 0.46240234375 0.47653958906250005 0.4599609375 0.4831378296875 0.4755859375 0.49633431093749997 0.4716796875 0.5813782984375 0.50146484375 0.605571846875 0.5185546875 0.6077712609375
89 0.609375 0.6341642234375 0.6240234375 0.47727272656249997 0.61328125 0.45381231718750004 0.61181640625 0.43841642187499996 0.58251953125 0.4413489734375 0.5908203125 0.5241935484375 0.5810546875 0.6268328453125 0.58544921875 0.631964809375 0.609375 0.6341642234375
89 0.578125 0.6268328453125 0.58984375 0.532991203125 0.5869140625 0.4699413484375 0.58154296875 0.45747800625 0.55126953125 0.45894428125 0.53125 0.47727272656249997 0.521484375 0.6077712609375 0.52685546875 0.6143695015625 0.578125 0.6268328453125
89 0.443359375 0.172287390625 0.4541015625 0.18841642187500002 0.4560546875 0.200146628125 0.455078125 0.359970675 0.4638671875 0.36436950156250003 0.490234375 0.359970675 0.4931640625 0.1898826984375 0.4716796875 0.15909090937499998 0.47607421875 0.15249266875 0.47119140625 0.1568914953125 0.46826171875 0.1510263921875 0.44384765625 0.1510263921875 0.443359375 0.172287390625
89 0.41015625 0.18841642187500002 0.4111328125 0.36143695 0.41259765625 0.366568915625 0.4375 0.3658357765625 0.44970703125 0.36510263906249996 0.4521484375 0.359970675 0.4521484375 0.18841642187500002 0.4365234375 0.1649560125 0.43603515625 0.15249266875 0.40380859375 0.1510263921875 0.4013671875 0.173753665625 0.41015625 0.18841642187500002
89 0.3701171875 0.1913489734375 0.3740234375 0.3658357765625 0.3974609375 0.368768328125 0.412109375 0.36436950156250003 0.4091796875 0.186950146875 0.39453125 0.1678885625 0.39208984375 0.1495601171875 0.35888671875 0.1495601171875 0.3583984375 0.16935483906249998 0.3681640625 0.1781524921875 0.3701171875 0.1913489734375
89 0.32958984375 0.1686217015625 0.3203125 0.172287390625 0.3251953125 0.367302053125 0.32958984375 0.37390029375 0.34375 0.3731671546875 0.36572265625 0.3724340171875 0.375 0.3658357765625 0.37109375 0.216275659375 0.3681640625 0.1766862171875 0.35595703125 0.17008797656250002 0.35009765625 0.158357771875 0.33740234375 0.1554252203125 0.32958984375 0.1686217015625
89 0.28955078125 0.3768328453125 0.3037109375 0.37609970625 0.3251953125 0.3717008796875 0.3212890625 0.18255132031250002 0.30712890625 0.173020528125 0.30419921875 0.161290321875 0.28759765625 0.1568914953125 0.283203125 0.16642228750000002 0.2861328125 0.368768328125 0.28955078125 0.3768328453125
89 0.24365234375 0.1686217015625 0.2294921875 0.1708211140625 0.23974609375 0.1759530796875 0.2412109375 0.1854838703125 0.244140625 0.37463343125000004 0.251953125 0.380498534375 0.28076171875 0.3782991203125 0.287109375 0.3717008796875 0.283203125 0.1781524921875 0.27001953125 0.173020528125 0.26611328125 0.15982404687500001 0.25634765625 0.1554252203125 0.24755859375 0.1568914953125 0.24365234375 0.1686217015625
89 0.1865234375 0.172287390625 0.1982421875 0.18255132031250002 0.201171875 0.3775659828125 0.20361328125 0.382697946875 0.216796875 0.381964809375 0.244140625 0.3775659828125 0.2412109375 0.1986803515625 0.2392578125 0.17961876875 0.22705078125 0.173020528125 0.22314453125 0.15982404687500001 0.20361328125 0.1568914953125 0.19970703125 0.1686217015625 0.1865234375 0.172287390625
89 0.142578125 0.172287390625 0.1494140625 0.18841642187500002 0.15234375 0.380498534375 0.16015625 0.3863636359375 0.2021484375 0.380498534375 0.197265625 0.18108504375 0.18212890625 0.17155425156249998 0.17724609375 0.158357771875 0.16943359375 0.1568914953125 0.15966796875 0.158357771875 0.15478515625 0.17008797656250002 0.142578125 0.172287390625
89 0.025390625 0.396627565625 0.04345703125 0.395894428125 0.048828125 0.3892961875 0.044921875 0.19281525 0.033203125 0.1708211140625 0.02978515625 0.1495601171875 0.00048828125 0.1495601171875 0 0.396627565625 0.025390625 0.396627565625
89 0.03515625 0.16642228750000002 0.044921875 0.1898826984375 0.0458984375 0.21187683281249997 0.048828125 0.3907624640625 0.0732421875 0.3936950140625 0.09619140625 0.390029325 0.0986328125 0.383431084375 0.0947265625 0.19281525 0.083984375 0.1708211140625 0.08251953125 0.1510263921875 0.03857421875 0.1495601171875 0.03515625 0.15322580624999999 0.03515625 0.16642228750000002
89 0.099609375 0.383431084375 0.10400390625 0.390029325 0.11328125 0.3892961875 0.150390625 0.383431084375 0.1484375 0.1957478 0.13671875 0.16935483906249998 0.13525390625 0.1510263921875 0.09228515625 0.1495601171875 0.08984375 0.16935483906249998 0.095703125 0.1913489734375 0.099609375 0.383431084375
89 0.044921875 1 0.0478515625 0.9890029328125 0.044921875 0.8804985343749999 0.029296875 0.84824046875 0.02783203125 0.832844575 0.00048828125 0.8372434015625 0 1 0.044921875 1
89 0.1005859375 1 0.1015625 0.8878299125 0.099609375 0.8702346046875 0.0888671875 0.8438416421875001 0.0888671875 0.8291788859375 0.07763671875 0.825513196875 0.04345703125 0.832844575 0.0390625 0.8629032265625 0.046875 0.8922287390625 0.048828125 1 0.1005859375 1
89 0.1474609375 1 0.146484375 0.8614369500000001 0.1328125 0.8321114375 0.13134765625 0.8152492671875 0.09326171875 0.82111436875 0.0888671875 0.824780059375 0.0888671875 0.8321114375 0.1005859375 0.8731671546875001 0.1015625 0.9978005859374999 0.10888671875 1 0.1396484375 1 0.1474609375 1
89 0.193359375 1 0.1962890625 0.9494134890625 0.193359375 0.84824046875 0.181640625 0.824780059375 0.17724609375 0.8049853375 0.14111328125 0.812316715625 0.1376953125 0.8189149562500001 0.138671875 0.8423753671875 0.1474609375 0.8658357765625 0.1474609375 0.9963343109375 0.15087890625 1 0.193359375 1
89 0.197265625 0.9992668625000001 0.240234375 1 0.2392578125 0.8409090906250001 0.2255859375 0.813049853125 0.22314453125 0.7961876828125 0.18896484375 0.8035190609375 0.1845703125 0.8086510265625 0.1845703125 0.8203812312500001 0.1962890625 0.8570381234375001 0.197265625 0.9992668625000001
