49 0.644962625 0.785207609375 0.687471640625 0.770157265625 0.6879255625 0.769884515625 0.7426074218750001 0.700102390625 0.74805090625 0.6836144843749999 0.7433255625 0.6622612343750001 0.737225921875 0.652109734375 0.71729159375 0.6501090781250001 0.66272375 0.68113446875 0.6118667656250001 0.722266125 0.59445634375 0.7424199687499999 0.609537796875 0.7694849687499999 0.6162404218749999 0.778674765625 0.6423291718749999 0.778859640625 0.644962625 0.785207609375
49 0.659821515625 0.858283515625 0.6752648125 0.86863509375 0.68741190625 0.8613363906249999 0.6802863125 0.8483486093750001 0.6942516875 0.823289078125 0.66326728125 0.771722390625 0.6461582499999999 0.751955328125 0.6293676875 0.715303984375 0.629089984375 0.7148418125 0.61788228125 0.706362671875 0.5997211874999999 0.7054669375 0.5852596875 0.728325921875 0.5629956093749999 0.744065140625 0.58123265625 0.816944234375 0.618446203125 0.8583474375 0.6372715312499999 0.86474809375 0.659821515625 0.858283515625
49 0.60694065625 0.828059140625 0.605980984375 0.8048449062499999 0.608919921875 0.8026234375 0.58742646875 0.7668523281249999 0.535553640625 0.807510484375 0.501567109375 0.813833359375 0.467821140625 0.8323477031250001 0.46429195312499993 0.8441608281249999 0.5003770000000001 0.8806341874999999 0.52162609375 0.888035953125 0.577181 0.854655203125 0.60694065625 0.828059140625
49 0.512909328125 0.923083109375 0.540671828125 0.90640171875 0.549145 0.9079582343749999 0.585993359375 0.8858174999999999 0.57905684375 0.8742731875 0.49207734375 0.833387640625 0.46180165625 0.8498168125 0.41148465625 0.9056034687500001 0.415729046875 0.9361632656250001 0.4318429375 0.96298128125 0.491667734375 0.927034921875 0.512909328125 0.923083109375
49 0.348044265625 1 0.37054390625 0.996392484375 0.45323684374999995 0.96558565625 0.493660078125 0.9412969375 0.506006375 0.92116640625 0.49813437499999996 0.89128340625 0.48422299999999996 0.868130984375 0.45400296874999996 0.8660611875 0.4347345625 0.8556102343750001 0.364130578125 0.8874596562500001 0.32697571875000003 0.9238828437500001 0.31465299999999996 0.9603648124999999 0.321475859375 0.9756503750000001 0.332306515625 0.977954078125 0.330632765625 0.9948203437500001 0.340807453125 1 0.348044265625 1
49 0.32050703125 1 0.334587625 0.994601390625 0.34646609375000004 0.993282703125 0.407504953125 0.956606859375 0.40875517187500005 0.954894359375 0.370939046875 0.8919577656250001 0.33958596874999997 0.8880448281250001 0.334209640625 0.89127525 0.298917234375 0.9155840156249999 0.26882324999999996 0.953932609375 0.271817515625 0.978567765625 0.2591874375 1 0.32050703125 1
49 0.741756765625 0.7065286875 0.793151203125 0.654500359375 0.79323109375 0.6543052968749999 0.772641984375 0.62003928125 0.7658622187499999 0.6189097968749999 0.748029546875 0.60495275 0.732472015625 0.604608078125 0.658996578125 0.643469703125 0.6443398593749999 0.676067203125 0.69525471875 0.7472520625 0.724898640625 0.729440203125 0.741756765625 0.7065286875
49 0.763583125 0.724189421875 0.783386453125 0.69819209375 0.848964109375 0.6658382031250001 0.8744540000000001 0.661096046875 0.889875140625 0.666769609375 0.904796640625 0.657803875 0.8950941875 0.6266655937500001 0.89905603125 0.6180646249999999 0.888259484375 0.600096171875 0.88126928125 0.599726703125 0.86301690625 0.5772104062500001 0.8418342187500001 0.571434265625 0.8188574687499999 0.57642865625 0.7754785625 0.602493328125 0.750948328125 0.630449703125 0.74389503125 0.70517921875 0.763583125 0.724189421875
49 0.41950440625 0.575397328125 0.443323078125 0.613073078125 0.45666687499999997 0.6156290156249999 0.530142296875 0.57676740625 0.608285734375 0.5456746406249999 0.620672390625 0.550568 0.63603690625 0.5458613125 0.663478203125 0.5293729218750001 0.647144515625 0.50218909375 0.617972484375 0.47729310937499997 0.6041475937499999 0.45035421875 0.564835328125 0.45370912499999994 0.507396 0.49174671875 0.46862371875 0.509756609375 0.42165673437500006 0.557362359375 0.41950440625 0.575397328125
49 0.546480390625 0.4820344375 0.5093255 0.518457640625 0.5057963125 0.530270765625 0.516209796875 0.549566875 0.5434987812500001 0.5851574375 0.579835109375 0.57963075 0.653128375 0.53559171875 0.65221478125 0.514547421875 0.675009828125 0.48763362499999996 0.68093190625 0.469976984375 0.7121058437500001 0.460938375 0.662080671875 0.44253365625 0.6367699375 0.44364359374999995 0.5759780625 0.46431046875000004 0.546480390625 0.4820344375
49 0.440274859375 0.67854225 0.46835607812499996 0.7195287031250001 0.5053100781250001 0.6973245 0.504771953125 0.690563015625 0.5094535 0.694834875 0.5452767187500001 0.673310125 0.545494125 0.666727640625 0.52045653125 0.625058078125 0.506999734375 0.6077490156249999 0.497491859375 0.586838453125 0.47505184375000004 0.549491984375 0.45411368750000003 0.5285306875 0.44106451562500004 0.500947328125 0.4061969375 0.50890903125 0.370261734375 0.5517555468750001 0.35911284375 0.553731265625 0.36195615625 0.573632078125 0.39205973437499997 0.623732859375 0.440274859375 0.67854225
49 0.162354046875 0.84818965625 0.169628984375 0.8602972031249999 0.20041053125000002 0.862297984375 0.207538125 0.8580152968749999 0.22781476562499997 0.8431047968750001 0.235999875 0.84091375 0.2914023125 0.8076246093749999 0.344725453125 0.742898921875 0.34860195312500003 0.733432359375 0.31641615624999997 0.6798661874999999 0.31306534375 0.6764513437499999 0.301756125 0.675316328125 0.2112874375 0.71733940625 0.13147025 0.76529840625 0.153973453125 0.812575984375 0.16324809375 0.812290078125 0.16851496875 0.824986 0.162354046875 0.84818965625
49 0.363220171875 0.5092710312500001 0.366626453125 0.506523234375 0.36517184375 0.496770015625 0.3537370625 0.48947109375000003 0.35357726562499997 0.478939875 0.3776880625 0.478464140625 0.29086476562499997 0.333965890625 0.24657771875 0.34485678124999997 0.207481046875 0.37071003125 0.21655335937500003 0.41367178125 0.28712971875000004 0.510599984375 0.306367046875 0.5250186875 0.32231684375 0.523700703125 0.330505828125 0.5289277968749999 0.363220171875 0.5092710312500001
49 0.40836387500000004 0.4639173125 0.40879478125 0.463658390625 0.39637992187500004 0.43510350000000003 0.41394410937500004 0.454069953125 0.42084671875 0.456416859375 0.512598078125 0.40128707812500003 0.5129001093750001 0.40011914062500004 0.50641221875 0.389321484375 0.49829192187500004 0.377410984375 0.47517014062499996 0.365326296875 0.454827359375 0.303469859375 0.41740129687499994 0.241182421875 0.40228145312499997 0.23082096875000002 0.3605615 0.2464424375 0.340164046875 0.279952921875 0.3271908125 0.3243529375 0.33010003125 0.34385934375 0.35278471875 0.3845459375 0.371517609375 0.403990953125 0.40836387500000004 0.4639173125
49 0.194995484375 0.555664671875 0.201798265625 0.548088015625 0.23253956250000002 0.53310590625 0.232866390625 0.53290953125 0.24326034375 0.501146515625 0.239271 0.49079996875000004 0.23031854687500003 0.475900578125 0.21914224999999998 0.461007265625 0.18946290625 0.45681184375 0.052206390625 0.5428084531249999 0.045291390625 0.562351984375 0.07217675 0.607096734375 0.079259890625 0.6173108125 0.106979625 0.6085499375000001 0.194995484375 0.555664671875
49 0 0.6386622656250001 0.011530453125 0.6578521562499999 0.06697434375 0.6320982500000001 0.07744415624999999 0.616114765625 0.07767965624999999 0.57720296875 0.09239778125 0.56042915625 0.142722375 0.581297375 0.14417723437500002 0.5752378593749999 0.12047931249999999 0.5357978906249999 0.115372 0.529883140625 0.065469625 0.543125796875 0 0.58246390625 0 0.6386622656250001
49 0.534722015625 0.08411604687499999 0.54092921875 0.05237909375000001 0.5290986249999999 0.032689671875 0.505756734375 0.03984009375 0.49020175000000005 0.065047078125 0.386512078125 0.1361615625 0.39860181250000004 0.164143015625 0.40674015625 0.16982671875 0.419429296875 0.165610171875 0.5133805625 0.1091585625 0.534722015625 0.08411604687499999
49 0.356659203125 0.21218953125 0.3737034375 0.21131368749999999 0.48049018749999994 0.14714975 0.47961478125 0.12597435937499998 0.46950075 0.109141765625 0.47322646874999996 0.091390625 0.46082818750000004 0.070756390625 0.4233041875 0.0813874375 0.34193096875 0.126756859375 0.280238265625 0.11448153125 0.269228484375 0.115810015625 0.264921296875 0.12632834375 0.278986765625 0.16545868749999998 0.33278165625 0.18424171875 0.356659203125 0.21218953125
49 0.45599029687500003 0.29545690625 0.46047915625 0.30685803125 0.481183296875 0.313802859375 0.45396076562500004 0.34513925 0.4507533125 0.357364609375 0.45948178124999994 0.371891234375 0.464315359375 0.3741633125 0.48340207812499997 0.36269484375 0.49219814062499995 0.363577625 0.51764259375 0.380027375 0.5557912968750001 0.357105328125 0.56142778125 0.351057984375 0.57701034375 0.344355640625 0.58230509375 0.341174234375 0.58900859375 0.312457171875 0.5787154218749999 0.2992568125 0.5805683125 0.2787583125 0.56752140625 0.25311425 0.553699046875 0.251727015625 0.48752253124999995 0.27915384374999996 0.46203264062500005 0.283896015625 0.45599029687500003 0.29545690625
