32 0.340625 0.0984375 0.2203125 0.1734375
32 0.3453125 0.3 0.1875 0.1671875
32 0.63984375 0.334375 0.203125 0.1625
32 0.48984375 0.28203125 0.14375 0.090625
32 0.6609375 0.14375 0.1765625 0.1421875
32 0.5015625 0.16796875 0.1546875 0.1390625
32 0.65078125 0.05234375 0.1609375 0.0828125
32 0.1765625 0.190625 0.165625 0.109375
32 0.0859375 0.30390625 0.1703125 0.16875
32 0.8671875 0.1984375 0.2546875 0.1921875
32 0.76953125 0.41328125 0.1265625 0.146875
32 0.9125 0.45859375 0.175 0.153125
32 0.90546875 0.33203125 0.15 0.0984375
32 0.37578125 0.4203125 0.18125 0.121875
32 0.19453125 0.41875 0.1765625 0.1171875
32 0.0859375 0.57421875 0.1703125 0.1
32 0.2640625 0.528125 0.184375 0.13125
32 0.52734375 0.41171875 0.1046875 0.0796875
32 0.64140625 0.4890625 0.2 0.1078125
32 0.7203125 0.59921875 0.203125 0.15625
32 0.9203125 0.6109375 0.159375 0.1296875
32 0.45234375 0.5515625 0.1921875 0.1484375
32 0.35703125 0.7875 0.1953125 0.1375
32 0.1921875 0.803125 0.1953125 0.203125
32 0.08515625 0.68515625 0.16875 0.128125
32 0.284375 0.65234375 0.20625 0.11875
32 0.46953125 0.6984375 0.1546875 0.1390625
32 0.584375 0.6203125 0.11875 0.10625
32 0.55703125 0.91875 0.2109375 0.1421875
32 0.77265625 0.72890625 0.1703125 0.1109375
32 0.73984375 0.8609375 0.20625 0.15625
