32 0.13125 0.23515625 0.21328125 0.32265625
32 0.51328125 0.1203125 0.21875 0.23984375
32 0.475 0.4140625 0.2375 0.36015625
32 0.60234375 0.67734375 0.22578125 0.3515625
32 0.78984375 0.42109375 0.2171875 0.2921875
32 0.8234375 0.7015625 0.20703125 0.2671875
32 0.80390625 0.88984375 0.2609375 0.21953125
32 0.62578125 0.39609375 0.11328125 0.2171875
32 0.9328125 0.4328125 0.134375 0.3125
32 0.82421875 0.1890625 0.1875 0.1890625
32 0.659375 0.1671875 0.14453125 0.2734375
32 0.16953125 0.66015625 0.2328125 0.3125
32 0.30703125 0.87734375 0.25859375 0.24453125
32 0.078125 0.8671875 0.15625 0.265625
32 0.3625 0.63359375 0.18515625 0.30234375
32 0.58984375 0.92734375 0.18125 0.14453125
32 0.4640625 0.87578125 0.1390625 0.2484375
32 0.20625 0.05234375 0.17109375 0.1046875
32 0.0546875 0.58671875 0.109375 0.29375
