66 0.80703125 0.3109375 0.2296875 0.3609375
66 0.38046875 0.1609375 0.18125 0.2421875
66 0.15390625 0.18125 0.271875 0.3109375
66 0.603125 0.190625 0.2046875 0.25625
66 0.90546875 0.56796875 0.1578125 0.2
66 0.80859375 0.74140625 0.2640625 0.35625
66 0.609375 0.8578125 0.2265625 0.271875
66 0.37421875 0.79140625 0.240625 0.3375
66 0.16484375 0.74921875 0.2171875 0.246875
66 0.21484375 0.46640625 0.1578125 0.2265625
66 0.66484375 0.471875 0.16875 0.2953125
66 0.5125 0.45546875 0.159375 0.1953125
66 0.56796875 0.62421875 0.140625 0.1921875
66 0.06875 0.5078125 0.1375 0.2203125
66 0.35234375 0.540625 0.159375 0.20625
66 0.84375 0.0765625 0.1484375 0.1515625
