66 0.5453125 0.39375 0.24375 0.215625
66 0.409375 0.23125 0.24375 0.2296875
66 0.66875 0.31015625 0.2 0.228125
66 0.7828125 0.50078125 0.2171875 0.2109375
66 0.73125 0.6453125 0.25 0.2109375
66 0.33828125 0.459375 0.2484375 0.2546875
66 0.3609375 0.684375 0.1890625 0.2
66 0.53828125 0.65703125 0.253125 0.3
66 0.096875 0.91796875 0.190625 0.1640625
66 0.809375 0.75546875 0.2859375 0.253125
66 0.215625 0.459375 0.1921875 0.3453125
66 0.68828125 0.0421875 0.1921875 0.0828125
66 0.6578125 0.87421875 0.4234375 0.234375
66 0.965625 0.82578125 0.06875 0.259375
