66 0.5203125 0.55234375 0.1796875 0.2171875
66 0.5203125 0.340625 0.209375 0.2109375
66 0.36875 0.69453125 0.1984375 0.1984375
66 0.16171875 0.38046875 0.21875 0.20625
66 0.27109375 0.209375 0.1921875 0.2265625
66 0.521875 0.13828125 0.1953125 0.1953125
66 0.68359375 0.746875 0.134375 0.153125
66 0.78125 0.50234375 0.140625 0.1203125
66 0.69609375 0.31953125 0.1484375 0.1875
66 0.2015625 0.584375 0.1953125 0.203125
66 0.35 0.48046875 0.1578125 0.171875
66 0.68984375 0.59140625 0.15 0.153125
66 0.0953125 0.184375 0.1875 0.2125
