66 0.5984375 0.56796875 0.121875 0.1390625
66 0.75078125 0.61484375 0.2578125 0.2046875
66 0.31484375 0.6359375 0.2546875 0.215625
66 0.35546875 0.9328125 0.1453125 0.134375
66 0.63828125 0.88515625 0.2921875 0.2203125
66 0.84375 0.79921875 0.2125 0.2390625
66 0.95703125 0.61171875 0.0859375 0.1296875
66 0.52890625 0.68984375 0.2296875 0.1921875
66 0.1 0.6953125 0.196875 0.221875
66 0.77734375 0.46953125 0.1171875 0.0984375
66 0.50546875 0.2984375 0.2109375 0.184375
66 0.2984375 0.35859375 0.221875 0.2171875
66 0.18515625 0.5234375 0.1890625 0.18125
66 0.83828125 0.3453125 0.1640625 0.171875
66 0.7078125 0.40859375 0.203125 0.1984375
66 0.90625 0.51640625 0.1625 0.2046875
