32 0.32578125 0.296875 0.1546875 0.3109375
32 0.17265625 0.3484375 0.1515625 0.2703125
32 0.94765625 0.4765625 0.1046875 0.2640625
32 0.78671875 0.4984375 0.2046875 0.346875
32 0.596875 0.553125 0.175 0.30625
32 0.42265625 0.575 0.1640625 0.321875
32 0.24921875 0.59609375 0.1890625 0.3296875
32 0.08125 0.634375 0.1625 0.2859375
32 0.86328125 0.7734375 0.1296875 0.275
32 0.52578125 0.8 0.1765625 0.2890625
32 0.703125 0.80390625 0.16875 0.296875
32 0.1890625 0.84453125 0.15625 0.25
32 0.35078125 0.85546875 0.1703125 0.2890625
32 0.25390625 0.09453125 0.1546875 0.1890625
32 0.78046875 0.1 0.18125 0.2
32 0.08828125 0.11953125 0.1765625 0.2390625
32 0.87890625 0.24453125 0.1390625 0.234375
32 0.67421875 0.253125 0.1890625 0.278125
32 0.4921875 0.2625 0.175 0.3359375
