30 0.703125 0.2515625 0.5625 0.49296875
30 0.3765625 0.13125 0.07421875 0.103125
30 0.16796875 0.78203125 0.3359375 0.4296875
30 0.72578125 0.71484375 0.5453125 0.29296875
30 0.6296875 0.33203125 0.15390625 0.11953125
30 0.6203125 0.2140625 0.1703125 0.1234375
30 0.79375 0.1171875 0.12578125 0.10546875
30 0.6859375 0.0703125 0.1421875 0.11015625
30 0.88046875 0.2953125 0.18125 0.08984375
30 0.1390625 0.70078125 0.1484375 0.14375
30 0.73515625 0.76953125 0.103125 0.12109375
30 0.89921875 0.70078125 0.15546875 0.159375
