59 0.501 0.5165 0.49800000000000005 0.4885 0.491 0.46849999999999997 0.48 0.4535 0.449 0.4225 0.45199999999999996 0.3855 0.44749999999999995 0.377 0.3775 0.37 0.3345 0.34900000000000003 0.2475 0.359 0.23349999999999999 0.373 0.1915 0.399 0.1335 0.42800000000000005 0.11100000000000002 0.44749999999999995 0.094 0.47050000000000003 0.078 0.5045 0.074 0.5335 0.078 0.5765 0.091 0.5945 0.096 0.6085 0.1305 0.642 0.1795 0.666 0.2265 0.679 0.284 0.6795 0.3035 0.673 0.3265 0.6719999999999999 0.3525 0.661 0.3685 0.659 0.4085 0.639 0.45199999999999996 0.6054999999999999 0.488 0.5545 0.501 0.5165
59 0.5549999999999999 0.6915 0.5589999999999999 0.6865 0.549 0.6705 0.48550000000000004 0.627 0.44749999999999995 0.613 0.4295 0.623 0.4095 0.641 0.3765 0.658 0.34950000000000003 0.6639999999999999 0.3295 0.674 0.3045 0.675 0.2875 0.682 0.20800000000000002 0.6775 0.207 0.7035 0.21200000000000002 0.7255 0.2435 0.7889999999999999 0.2645 0.795 0.2875 0.7929999999999999 0.3175 0.808 0.3815 0.825 0.4505 0.8320000000000001 0.496 0.8314999999999999 0.5255 0.829 0.5585 0.8150000000000001 0.583 0.7955 0.592 0.7795 0.596 0.7595 0.5900000000000001 0.7365 0.558 0.7095 0.5549999999999999 0.6915
59 0.728 0.8615 0.732 0.8515 0.73 0.8435 0.7075 0.8310000000000001 0.6475 0.8130000000000001 0.5915 0.8039999999999999 0.5725 0.806 0.5565 0.819 0.5255 0.8310000000000001 0.48650000000000004 0.835 0.4185 0.835 0.3845 0.859 0.358 0.8875 0.34500000000000003 0.9115 0.341 0.9375 0.34700000000000003 0.9564999999999999 0.3805 0.991 0.3995 1 0.426 0.9994999999999999 0.46349999999999997 0.992 0.5335 0.999 0.5675 0.9880000000000001 0.5875 0.976 0.6085 0.954 0.6325000000000001 0.944 0.6845 0.9029999999999999 0.728 0.8615
59 0.6955 0.901 0.6045 0.966 0.5700000000000001 0.9994999999999999 0.9039999999999999 0.9994999999999999 0.9339999999999999 0.9525 0.9349999999999999 0.9295 0.8985 0.874 0.8714999999999999 0.8630000000000001 0.8465 0.858 0.7915 0.8630000000000001 0.7515 0.876 0.6955 0.901
59 0.9460000000000001 0.6094999999999999 0.942 0.5915 0.9279999999999999 0.5685 0.922 0.5455 0.913 0.5325 0.9005000000000001 0.524 0.8634999999999999 0.52 0.8255000000000001 0.528 0.7905 0.529 0.7665 0.512 0.7455 0.51 0.6985 0.562 0.655 0.5885 0.642 0.6065 0.632 0.6335 0.585 0.6825 0.6025 0.706 0.619 0.7095 0.611 0.7695000000000001 0.612 0.8005000000000001 0.739 0.8375 0.8210000000000001 0.7165 0.8425 0.696 0.8965 0.659 0.9145 0.651 0.9279999999999999 0.6395 0.9289999999999999 0.6315000000000001 0.9410000000000001 0.6195 0.9460000000000001 0.6094999999999999
59 0.7515 0.381 0.7155 0.372 0.6825 0.358 0.6455 0.331 0.6085 0.288 0.5915 0.288 0.5655 0.298 0.5475 0.311 0.528 0.3345 0.504 0.3845 0.48650000000000004 0.397 0.45549999999999996 0.40700000000000003 0.45 0.41950000000000004 0.454 0.42750000000000005 0.48 0.45149999999999996 0.495 0.47450000000000003 0.503 0.5085 0.497 0.5455 0.504 0.5535 0.5315000000000001 0.575 0.5535 0.581 0.5925 0.607 0.6165 0.616 0.632 0.6165 0.6525000000000001 0.588 0.6945 0.563 0.7434999999999999 0.509 0.764 0.5045 0.772 0.4755 0.771 0.4425 0.765 0.4125 0.7515 0.381
59 0.384 0.3145 0.368 0.2875 0.368 0.2585 0.3325 0.236 0.3175 0.21400000000000002 0.2965 0.20400000000000001 0.2685 0.20099999999999998 0.23149999999999998 0.182 0.221 0.1865 0.21549999999999997 0.20400000000000001 0.1515 0.217 0.137 0.2395 0.137 0.2835 0.142 0.3025 0.153 0.3185 0.156 0.3315 0.16999999999999998 0.3465 0.176 0.35950000000000004 0.20049999999999998 0.384 0.205 0.3845 0.23149999999999998 0.371 0.2455 0.355 0.3305 0.34700000000000003 0.34249999999999997 0.34900000000000003 0.3685 0.363 0.3875 0.361 0.389 0.3345 0.384 0.3145
59 0.633 0.1645 0.631 0.1885 0.634 0.2185 0.646 0.22749999999999998 0.666 0.20950000000000002 0.679 0.1785 0.688 0.1765 0.679 0.1705 0.662 0.1325 0.6475 0.11599999999999999 0.648 0.1285 0.633 0.1645
59 0.581 0.1575 0.596 0.1115 0.6125 0.099 0.6285000000000001 0.099 0.63 0.0935 0.6014999999999999 0.068 0.5485 0.044 0.49749999999999994 0.034999999999999996 0.4575 0.038 0.437 0.051500000000000004 0.43200000000000005 0.0655 0.441 0.1065 0.454 0.12250000000000001 0.4325 0.124 0.3915 0.13999999999999999 0.36150000000000004 0.145 0.362 0.1645 0.33799999999999997 0.1865 0.33599999999999997 0.2045 0.35350000000000004 0.23500000000000001 0.3645 0.24 0.3735 0.25 0.3875 0.254 0.39849999999999997 0.265 0.4125 0.267 0.42750000000000005 0.27799999999999997 0.44349999999999995 0.27999999999999997 0.4625 0.28900000000000003 0.5349999999999999 0.2915 0.5825 0.28500000000000003 0.596 0.2725 0.5780000000000001 0.21349999999999997 0.5589999999999999 0.2045 0.5685 0.20400000000000001 0.5745 0.20800000000000002 0.58 0.2045 0.581 0.1575
59 0.40149999999999997 0.097 0.34550000000000003 0.046 0.3225 0.034 0.2505 0.03 0.2145 0.034999999999999996 0.1955 0.043 0.16499999999999998 0.0635 0.156 0.0795 0.157 0.0985 0.178 0.1345 0.186 0.1685 0.196 0.17450000000000002 0.20049999999999998 0.185 0.2085 0.187 0.2245 0.178 0.2565 0.188 0.26949999999999996 0.196 0.316 0.1975 0.3285 0.192 0.355 0.1675 0.36150000000000004 0.13999999999999999 0.3915 0.13899999999999998 0.4085 0.133 0.42800000000000005 0.12250000000000001 0.42300000000000004 0.1115 0.40149999999999997 0.097
59 0.1525 0.215 0.198 0.2015 0.193 0.1775 0.1715 0.172 0.12150000000000001 0.174 0.0985 0.17099999999999999 0.0735 0.179 0.014499999999999999 0.183 0.011 0.1945 0.022 0.22149999999999997 0 0.2515 0.002 0.3115 0.0485 0.364 0.0955 0.38 0.11850000000000001 0.392 0.14150000000000001 0.396 0.1525 0.40199999999999997 0.16399999999999998 0.40149999999999997 0.1845 0.397 0.191 0.39249999999999996 0.193 0.3835 0.157 0.3355 0.142 0.3065 0.136 0.28450000000000003 0.136 0.2375 0.1525 0.215
59 0.094 0.46349999999999997 0.13 0.41950000000000004 0.127 0.41150000000000003 0.0985 0.388 0.0475 0.367 0.020499999999999997 0.33799999999999997 0.0005 0.337 0 0.6195 0.014000000000000002 0.6224999999999999 0.0335 0.611 0.056499999999999995 0.613 0.088 0.6045 0.088 0.5965 0.074 0.5765 0.072 0.5665 0.075 0.5075000000000001 0.094 0.46349999999999997
