59 0.23572474375 0.642355009375 0.2240117125 0.6634446390625001 0.2196193265625 0.698594025 0.22986822812500002 0.7302284703125 0.251098096875 0.7504393671875 0.2818448015625 0.7662565906250001 0.3045388 0.76537785625 0.34626647187500004 0.7434094906250001 0.372620790625 0.7416520203125 0.3850658859375 0.7161687171875 0.3982430453125 0.6634446390625001 0.372620790625 0.6520210890625 0.33748169843750003 0.6203866437500001 0.2862371890625 0.6115992968749999 0.23572474375 0.642355009375
59 0.5087847734375 0.75395430625 0.47950219687500006 0.7609841828125 0.46559297187500004 0.777680140625 0.45241581249999996 0.8198594031249999 0.4538799421875 0.8620386640625 0.46705710156249997 0.890158171875 0.4956076140625 0.9244288218750001 0.5219619328125 0.942003515625 0.5600292828125 0.9472759234374999 0.5849194734375 0.9402460453125 0.6105417281250001 0.9569420031250001 0.6222547578125 0.92003515 0.6361639828125 0.91388400625 0.6398243046875 0.90246045625 0.6325036609375 0.8673110718749999 0.6017569546875 0.8198594031249999 0.5746705703125 0.787346221875 0.54538799375 0.764499121875 0.5087847734375 0.75395430625
59 0.71669106875 0.5922671359375 0.67862371875 0.59753954375 0.6508052703125 0.634446396875 0.6288433375 0.6397188046875 0.617862371875 0.6616871703125 0.6120058562499999 0.6950790859375 0.6120058562499999 0.709138840625 0.6222547578125 0.7267135328125 0.625183015625 0.777680140625 0.6434846265624999 0.7820738140625 0.672767203125 0.8224956062500001 0.6998535875 0.8286467484375001 0.729868228125 0.8189806671875001 0.7569546125 0.7970123015625 0.7745241578125001 0.7583479796875 0.7818448015625 0.7161687171875 0.7789165453125 0.6739894546875 0.76427525625 0.6282952546875 0.7386530015624999 0.5992970125 0.71669106875 0.5922671359375
59 0.6039531484375 0.48681898125 0.5863836015625 0.4956063265625 0.5461200578125001 0.5544815468750001 0.534407028125 0.5878734624999999 0.5578330890625 0.6827768015625 0.56442166875 0.6906854124999999 0.5900439234375 0.6950790859375 0.6120058562499999 0.6792618625 0.627379209375 0.6397188046875 0.6515373359375001 0.6265377859375 0.667642753125 0.5826010546875 0.65007320625 0.54393673125 0.6515373359375001 0.5140597546875 0.6303074671875 0.48857644999999994 0.6039531484375 0.48681898125
59 0.629575403125 0.4806678390625 0.6083455343749999 0.4499121265625 0.5922401171875 0.4376098421875 0.5571010249999999 0.43233743437500005 0.5292825765625 0.41124780312500003 0.5029282578125 0.40949033437500004 0.46046852187500004 0.43057996562499995 0.4363103953125 0.4630931453125 0.42606149374999996 0.5140597546875 0.4289897515625 0.533391915625 0.44070278125 0.5421792625 0.4289897515625 0.5492091390625 0.42459736406250004 0.5720562390625 0.43484626718749997 0.6159929703125 0.45973645625000004 0.6564147625000001 0.49707174218750005 0.6959578203125 0.5234260609375 0.7082601046875 0.53587115625 0.7073813703125 0.549048315625 0.70035149375 0.5563689609375 0.6739894546875 0.522693996875 0.5702987703125 0.5483162515625 0.546572934375 0.5907759890625 0.49033391875000004 0.6112737921875 0.4833040421875 0.627379209375 0.48681898125 0.629575403125 0.4806678390625
59 0.6530014640624999 0.5474516703125001 0.667642753125 0.5755711781249999 0.6639824296875 0.6028119515625 0.6888726203125 0.5922671359375 0.7386530015624999 0.5940246046875 0.7554904828125 0.601933215625 0.7693997078125 0.60105448125 0.8008784765625 0.557996484375 0.7767203515625 0.5413005265625 0.7576866765625 0.5079086109375 0.71669106875 0.48681898125 0.6398243046875 0.491212653125 0.6530014640624999 0.510544815625 0.6530014640624999 0.5474516703125001
59 0.806002928125 0.55711775 0.7759882874999999 0.58963093125 0.7715959 0.60896309375 0.770131771875 0.642355009375 0.7862371890625 0.709138840625 0.798682284375 0.724077328125 0.8243045390624999 0.7302284703125 0.8982430453125 0.7135325124999999 0.9282576859375 0.665202109375 0.9121522687500001 0.6370826015625 0.9092240109375 0.600175746875 0.89751098125 0.5738137078125 0.8616398249999999 0.546572934375 0.8352855046875 0.5448154656249999 0.806002928125 0.55711775
59 0.813323571875 0.7416520203125 0.7994143484375 0.76537785625 0.8008784765625 0.7829525484375 0.7913616390625 0.7838312828125 0.789165446875 0.7917398953125 0.8089311859375 0.8154657296875 0.8521229874999999 0.8321616875 0.870424596875 0.824253075 0.8923865296875 0.7978910375 0.9377745234375 0.7609841828125 0.9458272328125 0.7495606328125 0.9487554906250001 0.7267135328125 0.8865300140624999 0.7152899828125 0.844070278125 0.724077328125 0.813323571875 0.7416520203125
59 0.6749633968750001 0.8620386640625 0.6800878484374999 0.8840070296875 0.7181551984375 0.8963093140625 0.7481698390625 0.8971880484374999 0.823572475 0.8769771531250001 0.84040995625 0.865553603125 0.846266471875 0.8427065031250001 0.8294289890625001 0.8260105453125 0.775256221875 0.8066783828125 0.7474377750000001 0.8066783828125 0.6852122984375 0.8391915640625 0.6749633968750001 0.8620386640625
59 0.24670570937499997 0.75395430625 0.2313323578125 0.7390158171875 0.22108345468750001 0.7038664328124999 0.20717423125 0.6959578203125 0.18814055624999998 0.6959578203125 0.136896046875 0.7135325124999999 0.101024890625 0.7724077328125001 0.101024890625 0.7794376093750001 0.1171303078125 0.7917398953125 0.12591508125 0.8163444640625 0.14568082031250001 0.8330404218749999 0.1720351390625 0.8330404218749999 0.176427525 0.84534270625 0.1896046859375 0.8471001749999999 0.20717423125 0.8734622140624999 0.23060029218749997 0.8892794374999999 0.26500732031249996 0.8936731109375 0.2950219625 0.8787346218750001 0.32650073281249997 0.8391915640625 0.332357246875 0.8163444640625 0.3279648609375 0.76889279375 0.31991215156249997 0.7627416515625 0.303806734375 0.7697715296875 0.2745241578125 0.7697715296875 0.24670570937499997 0.75395430625
59 0.11420205000000001 0.6142355015625001 0.11420205000000001 0.623022846875 0.12591508125 0.6300527234375 0.12664714531250001 0.6397188046875 0.17862371875 0.644112478125 0.2364568078125 0.6291739890625 0.2540263546875 0.6028119515625 0.2789165453125 0.588752196875 0.2811127375 0.5632688921875 0.27379209375 0.5474516703125001 0.20278184531250001 0.5500878734375 0.15739385 0.5746924421874999 0.11420205000000001 0.6142355015625001
59 0.2920937046875 0.546572934375 0.2840409953125 0.5720562390625 0.286969253125 0.5826010546875 0.308199121875 0.6028119515625 0.34040995625 0.6168717046875 0.3953147875 0.6282952546875 0.4253294296875 0.6186291734375 0.431918009375 0.6107205625 0.4231332359375 0.5650263625 0.4304538796875 0.5421792625 0.42459736406250004 0.49824253125 0.3960468515625 0.4833040421875 0.3623718890625 0.4833040421875 0.2920937046875 0.546572934375
