32 0.3046875 0.18203125 0.2046875 0.2890625
32 0.61796875 0.2890625 0.1625 0.26875
32 0.08125 0.3328125 0.1625 0.328125
32 0.515625 0.346875 0.225 0.275
32 0.90703125 0.4265625 0.1859375 0.2625
32 0.2828125 0.471875 0.2359375 0.3234375
32 0.7640625 0.53671875 0.2578125 0.365625
32 0.5671875 0.7203125 0.2625 0.3046875
32 0.3109375 0.75625 0.2296875 0.246875
32 0.7984375 0.85078125 0.3328125 0.296875
32 0.678125 0.08828125 0.2046875 0.1765625
32 0.203125 0.88671875 0.271875 0.2265625
32 0.48125 0.88984375 0.278125 0.2203125
