36 0.46796875 0.45703125 0.2796875 0.20390625
36 0.6578125 0.69375 0.28984375 0.25546875
36 0.73203125 0.45078125 0.159375 0.20234375
36 0.36328125 0.14140625 0.17578125 0.10078125
36 0.12734375 0.42578125 0.1796875 0.1828125
36 0.21484375 0.75703125 0.25 0.34296875
36 0.3734375 0.14765625 0.1921875 0.10703125
36 0.52109375 0.20625 0.09296875 0.05078125
36 0.6796875 0.25 0.07734375 0.08984375
36 0.56015625 0.3 0.084375 0.1046875
36 0.06171875 0.64375 0.1140625 0.05703125
36 0.91953125 0.29765625 0.1609375 0.1828125
