93 0.25546875 0.3296875 0.11875 0.15390625
93 0.10703125 0.42421875 0.11484375 0.14765625
93 0.1609375 0.2125 0.1234375 0.16796875
93 0.0671875 0.1359375 0.11328125 0.10546875
93 0.13203125 0.71875 0.09375 0.13046875
93 0.23359375 0.7421875 0.09765625 0.14453125
93 0.33515625 0.703125 0.1140625 0.13828125
93 0.20234375 0.61015625 0.0984375 0.1265625
93 0.30078125 0.5609375 0.08671875 0.12265625
93 0.2484375 0.884375 0.109375 0.14609375
93 0.096875 0.85390625 0.1078125 0.125
93 0.47734375 0.840625 0.10390625 0.1328125
93 0.35390625 0.81015625 0.1078125 0.10546875
93 0.4046875 0.68359375 0.0921875 0.15
93 0.39453125 0.5203125 0.084375 0.14609375
93 0.4671875 0.509375 0.07265625 0.12265625
93 0.42421875 0.36796875 0.07890625 0.1734375
93 0.38125 0.2453125 0.11875 0.14765625
93 0.278125 0.203125 0.08046875 0.09921875
93 0.4734375 0.0625 0.1046875 0.125
93 0.52421875 0.19296875 0.08984375 0.12109375
93 0.59296875 0.28046875 0.0921875 0.165625
93 0.54296875 0.42421875 0.11015625 0.19765625
93 0.5796875 0.5671875 0.0828125 0.15
93 0.54296875 0.68828125 0.08828125 0.1421875
93 0.58671875 0.925 0.0984375 0.14453125
93 0.69765625 0.87890625 0.10078125 0.14375
93 0.7125 0.72421875 0.1328125 0.16015625
93 0.690625 0.60546875 0.08984375 0.13515625
93 0.72421875 0.484375 0.07265625 0.18046875
93 0.653125 0.3828125 0.10546875 0.12890625
93 0.67421875 0.23671875 0.075 0.16953125
93 0.75 0.2640625 0.09609375 0.1421875
93 0.803125 0.36796875 0.0953125 0.10390625
93 0.8078125 0.5125 0.0953125 0.1125
93 0.7765625 0.6109375 0.09453125 0.13203125
93 0.7984375 0.73984375 0.09453125 0.15390625
93 0.91171875 0.63828125 0.1140625 0.1328125
93 0.90859375 0.4765625 0.0984375 0.14140625
93 0.946875 0.3328125 0.10625 0.15859375
93 0.9390625 0.190625 0.10625 0.11328125
93 0.88359375 0.0953125 0.1078125 0.13046875
93 0.84140625 0.259375 0.11328125 0.20078125
93 0.70859375 0.0921875 0.103125 0.09375
