96 0.25546875 0.3296875 0.11875 0.1546875
96 0.10703125 0.42421875 0.1140625 0.1484375
96 0.1609375 0.2125 0.1234375 0.16875
96 0.0671875 0.1359375 0.1140625 0.10625
96 0.13203125 0.71875 0.09375 0.13125
96 0.23359375 0.7421875 0.0984375 0.1453125
96 0.33515625 0.703125 0.1140625 0.1390625
96 0.20234375 0.61015625 0.0984375 0.1265625
96 0.30078125 0.5609375 0.0875 0.121875
96 0.2484375 0.884375 0.109375 0.146875
96 0.096875 0.85390625 0.1078125 0.125
96 0.47734375 0.840625 0.1046875 0.1328125
96 0.35390625 0.81015625 0.1078125 0.10625
96 0.4046875 0.68359375 0.0921875 0.15
96 0.39453125 0.5203125 0.084375 0.146875
96 0.4671875 0.509375 0.0734375 0.1234375
96 0.42421875 0.36796875 0.0796875 0.1734375
96 0.38125 0.2453125 0.11875 0.146875
96 0.278125 0.203125 0.08125 0.1
96 0.4734375 0.0625 0.1046875 0.125
96 0.52421875 0.19296875 0.090625 0.121875
96 0.59296875 0.28046875 0.0921875 0.165625
96 0.54296875 0.42421875 0.1109375 0.1984375
96 0.5796875 0.5671875 0.0828125 0.15
96 0.54296875 0.68828125 0.0890625 0.1421875
96 0.58671875 0.925 0.0984375 0.1453125
96 0.69765625 0.87890625 0.1015625 0.14375
96 0.7125 0.72421875 0.1328125 0.1609375
96 0.690625 0.60546875 0.090625 0.1359375
96 0.72421875 0.484375 0.0734375 0.18125
96 0.653125 0.3828125 0.10625 0.1296875
96 0.67421875 0.23671875 0.075 0.16875
96 0.75 0.2640625 0.096875 0.1421875
96 0.803125 0.36796875 0.0953125 0.1046875
96 0.8078125 0.5125 0.0953125 0.1125
96 0.7765625 0.6109375 0.09375 0.1328125
96 0.7984375 0.73984375 0.0953125 0.153125
96 0.91171875 0.63828125 0.1140625 0.1328125
96 0.90859375 0.4765625 0.0984375 0.1421875
96 0.946875 0.3328125 0.10625 0.159375
96 0.9390625 0.190625 0.10625 0.1140625
96 0.88359375 0.0953125 0.1078125 0.1296875
96 0.84140625 0.259375 0.1140625 0.2015625
96 0.70859375 0.0921875 0.103125 0.09375
