93 0.578125 0.86953125 0.209375 0.17578125
93 0.80703125 0.8234375 0.18359375 0.18828125
93 0.8375 0.56171875 0.2078125 0.15703125
93 0.71953125 0.4 0.1796875 0.14375
93 0.56015625 0.44375 0.18203125 0.15625
93 0.56875 0.59140625 0.18125 0.165625
93 0.40546875 0.5140625 0.17734375 0.15703125
93 0.51953125 0.29921875 0.19296875 0.15625
93 0.453125 0.17109375 0.20078125 0.175
93 0.6703125 0.09921875 0.175 0.1546875
93 0.78984375 0.2265625 0.196875 0.18671875
93 0.91015625 0.33828125 0.1796875 0.1625
93 0.87109375 0.43515625 0.1984375 0.15390625
93 0.6625 0.26640625 0.14921875 0.15703125
