93 0.34375 0.6265625 0.259375 0.340625
93 0.57890625 0.5796875 0.1859375 0.2625
93 0.35546875 0.3015625 0.196875 0.309375
93 0.1640625 0.16484375 0.2328125 0.2734375
93 0.10390625 0.5515625 0.1890625 0.38125
93 0.2875 0.89921875 0.2546875 0.2015625
93 0.5734375 0.88671875 0.2625 0.221875
93 0.778125 0.78359375 0.1625 0.284375
93 0.75078125 0.44296875 0.209375 0.3296875
93 0.590625 0.2296875 0.2203125 0.2328125
93 0.76796875 0.13125 0.2203125 0.2265625
93 0.89609375 0.3140625 0.1890625 0.2484375
