93 0.46171875 0.54453125 0.146875 0.2234375
93 0.35390625 0.50546875 0.1390625 0.2453125
93 0.496875 0.2765625 0.1484375 0.1984375
93 0.6296875 0.3625 0.140625 0.1640625
93 0.6328125 0.565625 0.153125 0.1765625
93 0.18046875 0.6765625 0.115625 0.2109375
93 0.21953125 0.93671875 0.1390625 0.1265625
93 0.0671875 0.38828125 0.121875 0.240625
93 0.225 0.27421875 0.153125 0.2203125
93 0.13671875 0.0671875 0.134375 0.134375
93 0.32734375 0.084375 0.1453125 0.16875
93 0.553125 0.08515625 0.1515625 0.1703125
93 0.890625 0.26640625 0.1046875 0.1890625
93 0.7859375 0.428125 0.13125 0.2203125
93 0.83671875 0.70078125 0.14375 0.184375
93 0.81875 0.90625 0.1171875 0.165625
