96 0.1875 0.22109375 0.1875 0.1484375
96 0.10078125 0.41484375 0.1796875 0.1390625
96 0.31953125 0.38359375 0.175 0.1609375
96 0.20078125 0.62265625 0.1609375 0.165625
96 0.34140625 0.7609375 0.2015625 0.14375
96 0.3796875 0.58515625 0.15625 0.2140625
96 0.49140625 0.72734375 0.134375 0.1609375
96 0.66484375 0.76328125 0.2109375 0.16875
96 0.90859375 0.7546875 0.1796875 0.196875
96 0.8546875 0.4890625 0.175 0.209375
96 0.7078125 0.60703125 0.1921875 0.134375
96 0.68046875 0.4640625 0.2 0.175
96 0.68046875 0.31953125 0.2 0.1609375
96 0.59609375 0.14921875 0.1875 0.1828125
96 0.47734375 0.2453125 0.1828125 0.1125
96 0.5203125 0.45078125 0.14375 0.2015625
