93 0.240625 0.4328125 0.190625 0.25
93 0.09453125 0.26953125 0.1828125 0.23203125
93 0.27578125 0.08984375 0.1859375 0.17890625
93 0.38671875 0.2046875 0.15859375 0.284375
93 0.48671875 0.41328125 0.16484375 0.25546875
93 0.5734375 0.228125 0.1765625 0.24140625
93 0.7046875 0.08984375 0.2046875 0.17890625
93 0.809375 0.32109375 0.2 0.25
93 0.7109375 0.62734375 0.17890625 0.28203125
93 0.9 0.6640625 0.1921875 0.2890625
93 0.5234375 0.671875 0.175 0.33125
93 0.28046875 0.8625 0.16640625 0.275
93 0.13828125 0.64609375 0.14296875 0.2375
93 0.053125 0.47890625 0.10625 0.2625
