93 0.3765625 0.37109375 0.1703125 0.175
93 0.41328125 0.221875 0.146875 0.1390625
93 0.5828125 0.265625 0.1203125 0.1453125
93 0.6625 0.38671875 0.184375 0.1453125
93 0.8359375 0.51015625 0.1625 0.18125
93 0.68359375 0.5828125 0.13125 0.1796875
93 0.64296875 0.74765625 0.14375 0.109375
93 0.5484375 0.62890625 0.146875 0.2015625
93 0.4921875 0.7703125 0.1734375 0.1703125
93 0.3046875 0.734375 0.18125 0.20625
93 0.271875 0.60546875 0.1578125 0.1859375
93 0.3921875 0.559375 0.134375 0.175
93 0.49609375 0.45859375 0.1203125 0.2015625
93 0.1640625 0.5203125 0.1390625 0.1546875
93 0.23359375 0.3734375 0.1234375 0.1703125
93 0.30078125 0.1703125 0.1046875 0.103125
93 0.425 0.11328125 0.1203125 0.09375
93 0.07734375 0.3375 0.1 0.134375
93 0.03671875 0.48203125 0.0734375 0.175
93 0.07890625 0.62890625 0.13125 0.165625
