96 0.4046875 0.484375 0.1171875 0.38125
96 0.5203125 0.6390625 0.1421875 0.440625
96 0.6703125 0.5046875 0.1671875 0.3046875
96 0.8328125 0.7625 0.1390625 0.3859375
96 0.5921875 0.246875 0.134375 0.3234375
96 0.45546875 0.17265625 0.171875 0.3046875
96 0.2875 0.24453125 0.14375 0.278125
96 0.28671875 0.49296875 0.140625 0.3453125
96 0.225 0.76484375 0.115625 0.3546875
96 0.32421875 0.871875 0.1109375 0.2421875
96 0.421875 0.81875 0.1296875 0.3328125
96 0.56796875 0.91015625 0.1078125 0.1796875
96 0.08203125 0.70859375 0.09375 0.3640625
96 0.1078125 0.3609375 0.1015625 0.2875
96 0.1859375 0.15234375 0.1390625 0.3046875
