93 0.0828125 0.7953125 0.109375 0.15703125
93 0.196875 0.79140625 0.13828125 0.1609375
93 0.15546875 0.65234375 0.12890625 0.16328125
93 0.3140625 0.759375 0.134375 0.184375
93 0.3 0.92109375 0.128125 0.1546875
93 0.4171875 0.93046875 0.121875 0.1390625
93 0.45390625 0.80078125 0.1203125 0.1453125
93 0.5453125 0.871875 0.13671875 0.15859375
93 0.60234375 0.7625 0.128125 0.13046875
93 0.65859375 0.87265625 0.1328125 0.16484375
93 0.7765625 0.89140625 0.13828125 0.15625
93 0.91640625 0.88203125 0.11328125 0.1171875
93 0.921875 0.71953125 0.13828125 0.1515625
93 0.8265625 0.75234375 0.146875 0.16328125
93 0.7625 0.6390625 0.11484375 0.14375
93 0.653125 0.671875 0.10703125 0.11171875
93 0.85 0.5796875 0.11328125 0.11953125
93 0.94453125 0.5984375 0.11015625 0.1453125
93 0.87109375 0.4515625 0.11875 0.1234375
93 0.915625 0.27265625 0.10234375 0.171875
93 0.8546875 0.17578125 0.1203125 0.1484375
93 0.728125 0.1875 0.11484375 0.1390625
93 0.60234375 0.16171875 0.1234375 0.14296875
93 0.5421875 0.0640625 0.11015625 0.128125
93 0.54921875 0.2484375 0.10625 0.1671875
93 0.659375 0.3375 0.1078125 0.1390625
93 0.74296875 0.4484375 0.11171875 0.134375
93 0.5515625 0.5484375 0.08828125 0.1265625
93 0.471875 0.440625 0.10078125 0.1453125
93 0.3625 0.31640625 0.1203125 0.15
93 0.2140625 0.3390625 0.13671875 0.165625
93 0.2328125 0.18203125 0.11328125 0.14296875
93 0.4046875 0.09375 0.1125 0.1515625
93 0.28671875 0.084375 0.09921875 0.16796875
93 0.1609375 0.08359375 0.08828125 0.1671875
93 0.0578125 0.19296875 0.09765625 0.1390625
93 0.09296875 0.4265625 0.11015625 0.14296875
93 0.209375 0.5234375 0.12421875 0.14140625
93 0.32109375 0.49609375 0.11015625 0.14140625
93 0.35703125 0.6125 0.11484375 0.11171875
