93 0.0484375 0.84921875 0.090625 0.18125
93 0.13046875 0.83203125 0.08125 0.134375
93 0.159375 0.9296875 0.1 0.140625
93 0.2359375 0.86015625 0.0859375 0.1453125
93 0.31015625 0.83203125 0.0875 0.1296875
93 0.390625 0.82421875 0.0875 0.1484375
93 0.4296875 0.93359375 0.096875 0.1328125
93 0.5359375 0.8578125 0.084375 0.1109375
93 0.54375 0.95 0.109375 0.1
93 0.65703125 0.85078125 0.08125 0.1015625
93 0.68515625 0.93984375 0.0875 0.115625
93 0.7671875 0.88671875 0.0953125 0.103125
93 0.82890625 0.825 0.09375 0.121875
93 0.87265625 0.7578125 0.075 0.103125
93 0.9359375 0.78515625 0.084375 0.1109375
93 0.88984375 0.63984375 0.0796875 0.1015625
93 0.95078125 0.58359375 0.075 0.1265625
93 0.80546875 0.70859375 0.0703125 0.103125
93 0.73203125 0.671875 0.0890625 0.15625
93 0.7625 0.56875 0.08125 0.1515625
93 0.6734375 0.709375 0.0671875 0.11875
93 0.66328125 0.596875 0.075 0.134375
93 0.54765625 0.7140625 0.109375 0.1265625
93 0.44375 0.71875 0.08125 0.1234375
93 0.334375 0.72578125 0.0859375 0.0828125
93 0.19296875 0.71796875 0.0828125 0.1375
93 0.26484375 0.603125 0.075 0.1421875
93 0.32890625 0.546875 0.084375 0.1234375
93 0.3734375 0.65078125 0.103125 0.11875
93 0.1765625 0.60078125 0.0984375 0.1515625
93 0.109375 0.45703125 0.0765625 0.1265625
93 0.03046875 0.3953125 0.0609375 0.146875
93 0.228125 0.440625 0.0828125 0.1109375
93 0.378125 0.353125 0.0875 0.115625
93 0.40859375 0.434375 0.09375 0.13125
93 0.471875 0.5015625 0.090625 0.115625
93 0.4796875 0.6171875 0.0828125 0.1328125
93 0.59296875 0.55625 0.078125 0.1234375
93 0.64453125 0.4609375 0.078125 0.140625
93 0.7734375 0.46875 0.09375 0.1140625
93 0.86171875 0.4796875 0.0765625 0.1
93 0.91875 0.41953125 0.0765625 0.115625
93 0.93359375 0.309375 0.0703125 0.1296875
93 0.83203125 0.31015625 0.0875 0.121875
93 0.8671875 0.2390625 0.05625 0.121875
93 0.87109375 0.13828125 0.0734375 0.0890625
93 0.81953125 0.190625 0.084375 0.11875
93 0.7703125 0.11953125 0.0765625 0.1703125
93 0.775 0.2296875 0.0921875 0.1515625
93 0.69140625 0.30625 0.0765625 0.121875
93 0.68828125 0.18671875 0.0765625 0.115625
93 0.63984375 0.35234375 0.109375 0.121875
93 0.5796875 0.42578125 0.0703125 0.1265625
93 0.50390625 0.40859375 0.0765625 0.1296875
93 0.49921875 0.296875 0.071875 0.1265625
93 0.43671875 0.26171875 0.0859375 0.1234375
93 0.4359375 0.1421875 0.0625 0.1296875
93 0.47109375 0.05234375 0.0875 0.1046875
93 0.553125 0.14921875 0.0859375 0.1265625
93 0.2625 0.24765625 0.090625 0.1671875
93 0.1546875 0.24765625 0.053125 0.115625
93 0.3640625 0.1625 0.059375 0.09375
