96 0.6140625 0.49453125 0.1171875 0.159375
96 0.6828125 0.5734375 0.10625 0.15
96 0.775 0.60625 0.103125 0.1578125
96 0.85859375 0.6734375 0.10625 0.153125
96 0.79765625 0.7921875 0.10625 0.159375
96 0.80859375 0.915625 0.121875 0.1453125
96 0.70546875 0.93984375 0.1078125 0.1203125
96 0.68203125 0.8171875 0.0875 0.1125
96 0.7046875 0.715625 0.10625 0.15
96 0.59921875 0.77265625 0.1140625 0.146875
96 0.53203125 0.8515625 0.1171875 0.1375
96 0.61484375 0.9125 0.109375 0.15
96 0.51484375 0.6921875 0.1046875 0.1578125
96 0.5875 0.6296875 0.1078125 0.1640625
96 0.353125 0.434375 0.11875 0.13125
96 0.0984375 0.4515625 0.090625 0.14375
