93 0.44296875 0.5546875 0.1046875 0.146875
93 0.61640625 0.609375 0.140625 0.18125
93 0.66484375 0.4265625 0.125 0.1390625
93 0.746875 0.3390625 0.1453125 0.1421875
93 0.9140625 0.4015625 0.1265625 0.1703125
93 0.8515625 0.61328125 0.121875 0.1109375
93 0.765625 0.50390625 0.109375 0.190625
93 0.7109375 0.66953125 0.1421875 0.146875
93 0.42109375 0.72109375 0.1375 0.1359375
93 0.2125 0.6625 0.1265625 0.165625
93 0.33984375 0.54296875 0.1421875 0.14375
93 0.2125 0.49921875 0.15 0.1625
93 0.34140625 0.415625 0.165625 0.16875
93 0.2328125 0.3203125 0.1453125 0.1484375
93 0.09921875 0.34765625 0.1359375 0.146875
93 0.17734375 0.22734375 0.15 0.1234375
93 0.38671875 0.29375 0.1265625 0.1421875
93 0.4734375 0.2046875 0.134375 0.1484375
93 0.56015625 0.33515625 0.1265625 0.146875
93 0.525 0.4421875 0.103125 0.1859375
93 0.653125 0.2375 0.0984375 0.13125
