93 0.45625 0.50078125 0.1234375 0.17421875
93 0.58515625 0.6703125 0.109375 0.15625
93 0.7328125 0.50625 0.1234375 0.190625
93 0.6765625 0.14609375 0.12734375 0.18125
93 0.23515625 0.565625 0.12890625 0.19140625
93 0.26640625 0.3546875 0.1140625 0.1875
93 0.15625 0.42578125 0.1140625 0.15
93 0.065625 0.34921875 0.11015625 0.21328125
93 0.1625 0.26171875 0.1421875 0.21640625
93 0.05234375 0.14921875 0.10390625 0.1609375
93 0.1609375 0.72421875 0.11171875 0.165625
93 0.07890625 0.559375 0.10546875 0.19375
93 0.046875 0.7875 0.09375 0.17421875
