93 0.484375 0.43125 0.0796875 0.12265625
93 0.57109375 0.4484375 0.0765625 0.1
93 0.65078125 0.41640625 0.06171875 0.0875
93 0.69453125 0.51015625 0.0953125 0.10546875
93 0.69453125 0.67578125 0.08828125 0.1328125
93 0.61953125 0.74453125 0.0734375 0.1328125
93 0.53515625 0.746875 0.06796875 0.0875
93 0.475 0.659375 0.078125 0.1328125
93 0.56015625 0.61796875 0.08671875 0.1078125
93 0.45859375 0.53984375 0.06796875 0.1125
93 0.928125 0.53515625 0.071875 0.13515625
93 0.71015625 0.815625 0.096875 0.1
93 0.78046875 0.40234375 0.06796875 0.11796875
93 0.71640625 0.24453125 0.08359375 0.1125
