93 0.4765625 0.41875 0.08984375 0.1234375
93 0.5765625 0.421875 0.121875 0.14375
93 0.5859375 0.265625 0.12109375 0.18515625
93 0.70390625 0.53125 0.15 0.17890625
93 0.7609375 0.41015625 0.09609375 0.115625
93 0.878125 0.5390625 0.12109375 0.15625
93 0.92578125 0.771875 0.12109375 0.1515625
93 0.8375 0.68125 0.084375 0.12578125
93 0.7578125 0.61328125 0.1125 0.13515625
93 0.8375 0.8375 0.146875 0.178125
93 0.70390625 0.81171875 0.103125 0.16953125
93 0.66875 0.9328125 0.1265625 0.12890625
93 0.5875 0.796875 0.115625 0.1765625
93 0.50625 0.75078125 0.1 0.16328125
93 0.5234375 0.5765625 0.09921875 0.15625
93 0.42578125 0.6265625 0.1203125 0.1390625
93 0.3859375 0.7703125 0.1015625 0.16953125
93 0.47578125 0.86953125 0.11796875 0.18046875
93 0.290625 0.8453125 0.13203125 0.15390625
93 0.2015625 0.91875 0.1484375 0.15
93 0.11640625 0.815625 0.1046875 0.12421875
93 0.17890625 0.6921875 0.12734375 0.14140625
93 0.2640625 0.63125 0.1296875 0.128125
93 0.35546875 0.52734375 0.103125 0.121875
93 0.175 0.57890625 0.128125 0.1265625
93 0.115625 0.50234375 0.1015625 0.1484375
93 0.05078125 0.43203125 0.1015625 0.1296875
93 0.0984375 0.290625 0.11015625 0.1203125
93 0.03203125 0.22890625 0.06328125 0.11953125
93 0.146875 0.39765625 0.096875 0.1171875
93 0.234375 0.415625 0.08984375 0.12890625
93 0.3140625 0.26015625 0.11875 0.140625
93 0.32109375 0.3859375 0.10703125 0.1015625
93 0.4515625 0.25859375 0.1296875 0.14375
93 0.446875 0.1375 0.12578125 0.1421875
93 0.65 0.1328125 0.11484375 0.13359375
93 0.6578125 0.27578125 0.11875 0.146875
93 0.76484375 0.275 0.10703125 0.16484375
93 0.74765625 0.13828125 0.07421875 0.1015625
93 0.8171875 0.178125 0.1046875 0.11953125
93 0.86953125 0.07578125 0.078125 0.1515625
