96 0.81640625 0.5015625 0.21875 0.2234375
96 0.69921875 0.34609375 0.13125 0.178125
96 0.84765625 0.3640625 0.140625 0.1359375
96 0.49765625 0.290625 0.1546875 0.175
96 0.60234375 0.159375 0.15 0.1578125
96 0.653125 0.24765625 0.134375 0.16875
96 0.80625 0.14609375 0.171875 0.15625
96 0.8078125 0.240625 0.1171875 0.134375
96 0.934375 0.29375 0.1203125 0.190625
96 0.36484375 0.63828125 0.15625 0.1984375
96 0.53671875 0.6046875 0.128125 0.16875
96 0.20625 0.59296875 0.1015625 0.11875
96 0.334375 0.46484375 0.10625 0.109375
