93 0.565625 0.4671875 0.090625 0.11484375
93 0.5671875 0.628125 0.08359375 0.09296875
93 0.69453125 0.5109375 0.090625 0.109375
93 0.6890625 0.6640625 0.06875 0.1203125
93 0.6125 0.740625 0.06171875 0.12578125
93 0.53125 0.74296875 0.065625 0.0984375
93 0.47265625 0.65859375 0.06171875 0.11484375
93 0.46875 0.54921875 0.06171875 0.11484375
93 0.48515625 0.434375 0.0765625 0.109375
93 0.71640625 0.2515625 0.090625 0.11484375
93 0.78359375 0.39375 0.0765625 0.1203125
93 0.93125 0.5328125 0.0796875 0.1203125
