93 0.51484375 0.4796875 0.12421875 0.21484375
93 0.4421875 0.61796875 0.13125 0.20078125
93 0.54765625 0.6296875 0.146875 0.18359375
93 0.5359375 0.76328125 0.115625 0.13671875
93 0.77734375 0.7953125 0.13125 0.14453125
93 0.23984375 0.678125 0.15078125 0.1515625
93 0.153125 0.60390625 0.140625 0.14140625
93 0.13046875 0.77578125 0.10390625 0.12890625
93 0.3734375 0.53125 0.121875 0.15234375
93 0.85625 0.71328125 0.1078125 0.14375
93 0.9140625 0.79453125 0.103125 0.13828125
93 0.72734375 0.68515625 0.096875 0.140625
93 0.70234375 0.865625 0.121875 0.14375
