96 0.4109375 0.37734375 0.0984375 0.1078125
96 0.5265625 0.4265625 0.1203125 0.1078125
96 0.57578125 0.52421875 0.134375 0.1484375
96 0.4796875 0.6046875 0.14375 0.1171875
96 0.47109375 0.7296875 0.1171875 0.14375
96 0.44453125 0.88828125 0.1484375 0.175
96 0.27421875 0.90390625 0.15625 0.1703125
96 0.1984375 0.72734375 0.1609375 0.1609375
96 0.18515625 0.5046875 0.125 0.1390625
96 0.10703125 0.36640625 0.0859375 0.1125
96 0.28125 0.61171875 0.1484375 0.1171875
96 0.0515625 0.5734375 0.103125 0.1609375
96 0.28828125 0.35703125 0.1171875 0.1328125
96 0.3078125 0.23203125 0.1171875 0.09375
96 0.8546875 0.52890625 0.1328125 0.125
96 0.9265625 0.65390625 0.1078125 0.125
96 0.74140625 0.7703125 0.1015625 0.1171875
96 0.6203125 0.71640625 0.1640625 0.1296875
96 0.6671875 0.3703125 0.1375 0.0859375
96 0.47734375 0.20546875 0.1203125 0.10625
