93 0.4484375 0.57109375 0.1640625 0.1859375
93 0.5515625 0.3875 0.1703125 0.221875
93 0.76953125 0.3 0.175 0.19375
93 0.7875 0.5265625 0.1546875 0.1953125
93 0.84453125 0.7875 0.1875 0.2546875
93 0.49375 0.85390625 0.1640625 0.146875
93 0.278125 0.81640625 0.0921875 0.1796875
93 0.1921875 0.7015625 0.1671875 0.1453125
93 0.271875 0.58359375 0.134375 0.171875
93 0.3 0.40390625 0.175 0.2609375
93 0.1578125 0.35703125 0.1484375 0.25625
93 0.32578125 0.19453125 0.1484375 0.2296875
93 0.4625 0.1265625 0.1875 0.253125
93 0.7015625 0.09296875 0.1453125 0.1859375
