96 0.50859375 0.509375 0.1640625 0.1265625
96 0.42578125 0.3046875 0.140625 0.115625
96 0.20546875 0.2609375 0.171875 0.1203125
96 0.3328125 0.5203125 0.1703125 0.0859375
96 0.090625 0.4234375 0.18125 0.115625
96 0.2984375 0.79765625 0.134375 0.1078125
96 0.0859375 0.68046875 0.171875 0.1265625
96 0.17265625 0.79296875 0.1234375 0.14375
96 0.06328125 0.89921875 0.1265625 0.1296875
96 0.215625 0.89296875 0.184375 0.1171875
96 0.43515625 0.79375 0.1296875 0.1328125
96 0.5859375 0.82265625 0.190625 0.1203125
96 0.7578125 0.7796875 0.19375 0.115625
96 0.91171875 0.82890625 0.1609375 0.1453125
96 0.83125 0.94140625 0.2234375 0.1
96 0.62421875 0.69765625 0.1796875 0.1453125
96 0.7390625 0.5875 0.1890625 0.09375
96 0.80546875 0.70625 0.2046875 0.0875
96 0.384375 0.653125 0.134375 0.128125
96 0.590625 0.40703125 0.175 0.09375
96 0.65625 0.50078125 0.153125 0.0953125
96 0.87890625 0.53203125 0.1203125 0.1203125
96 0.78359375 0.27578125 0.1578125 0.115625
96 0.8859375 0.36484375 0.1359375 0.1234375
