93 0.4109375 0.4921875 0.13671875 0.37109375
93 0.51328125 0.63671875 0.09453125 0.36328125
93 0.678125 0.48828125 0.1578125 0.3109375
93 0.83828125 0.74609375 0.1546875 0.37109375
93 0.68671875 0.875 0.11015625 0.25
93 0.31640625 0.875 0.11796875 0.25
93 0.22578125 0.75 0.11015625 0.3484375
93 0.28046875 0.45078125 0.14453125 0.31796875
93 0.45703125 0.14375 0.1625 0.2875
93 0.60859375 0.24609375 0.14453125 0.28046875
93 0.16796875 0.13984375 0.1234375 0.27265625
93 0.12890625 0.37109375 0.14453125 0.303125
