93 0.24609375 0.46484375 0.09609375 0.13984375
93 0.46796875 0.2484375 0.1140625 0.134375
93 0.27890625 0.22265625 0.12890625 0.10625
93 0.16796875 0.36953125 0.14765625 0.15078125
93 0.43359375 0.44609375 0.0984375 0.12578125
93 0.65390625 0.428125 0.12890625 0.15078125
93 0.60390625 0.29765625 0.1109375 0.12421875
93 0.771875 0.44453125 0.12109375 0.16484375
93 0.7921875 0.56953125 0.1234375 0.09609375
93 0.66875 0.571875 0.1296875 0.16640625
93 0.9109375 0.721875 0.1171875 0.11171875
93 0.78359375 0.67734375 0.11875 0.1703125
93 0.6921875 0.76953125 0.12890625 0.1171875
93 0.5734375 0.66953125 0.1046875 0.13125
93 0.46953125 0.7609375 0.1296875 0.1171875
93 0.3515625 0.81484375 0.1203125 0.13125
93 0.2359375 0.82265625 0.11640625 0.16171875
93 0.0828125 0.7359375 0.13359375 0.2
93 0.1546875 0.92265625 0.13359375 0.15390625
93 0.3375 0.93828125 0.13125 0.1234375
93 0.46796875 0.884375 0.14140625 0.15390625
93 0.7671875 0.89921875 0.1390625 0.17890625
93 0.8796875 0.93984375 0.13125 0.1203125
93 0.83203125 0.8234375 0.1265625 0.15234375
