93 0.5015625 0.5 0.11796875 0.24609375
93 0.65625 0.38828125 0.16328125 0.18828125
93 0.69609375 0.55703125 0.16328125 0.1828125
93 0.7984375 0.66875 0.11796875 0.1828125
93 0.61640625 0.6828125 0.153125 0.2
93 0.66171875 0.8859375 0.1390625 0.18828125
93 0.4875 0.903125 0.14921875 0.18828125
93 0.40625 0.8203125 0.121875 0.165625
93 0.18046875 0.68828125 0.14921875 0.26875
93 0.33828125 0.42265625 0.14609375 0.15390625
93 0.390625 0.5828125 0.1390625 0.2171875
93 0.0953125 0.4375 0.121875 0.20546875
93 0.19453125 0.31171875 0.096875 0.17734375
93 0.41328125 0.24296875 0.11796875 0.21171875
93 0.5171875 0.26875 0.096875 0.18828125
93 0.58125 0.13125 0.1109375 0.18828125
