93 0.4453125 0.50859375 0.1546875 0.35625
93 0.609375 0.70625 0.2109375 0.30546875
93 0.61640625 0.42109375 0.1546875 0.27109375
93 0.54765625 0.209375 0.1796875 0.22578125
93 0.39296875 0.20625 0.14765625 0.2203125
93 0.2609375 0.3359375 0.18671875 0.2828125
93 0.32578125 0.584375 0.16171875 0.30546875
93 0.196875 0.73125 0.140625 0.22578125
93 0.17265625 0.50859375 0.1546875 0.25390625
93 0.29765625 0.09921875 0.1546875 0.1921875
93 0.7375 0.22578125 0.1265625 0.2484375
93 0.77265625 0.44375 0.2078125 0.24296875
93 0.7375 0.85 0.1828125 0.25390625
93 0.56328125 0.8953125 0.20390625 0.209375
93 0.3453125 0.88125 0.19375 0.2375
