96 0.47109375 0.5546875 0.13125 0.30625
96 0.6421875 0.59140625 0.1359375 0.25
96 0.690625 0.8859375 0.2015625 0.203125
96 0.915625 0.7984375 0.115625 0.19375
96 0.51171875 0.825 0.153125 0.2140625
96 0.3609375 0.859375 0.159375 0.25
96 0.27109375 0.59375 0.1625 0.2796875
96 0.1203125 0.69765625 0.215625 0.246875
96 0.215625 0.87734375 0.125 0.1875
96 0.0859375 0.5171875 0.171875 0.1875
96 0.24375 0.26328125 0.1609375 0.203125
96 0.46875 0.2703125 0.140625 0.178125
96 0.6640625 0.33984375 0.1953125 0.215625
96 0.7953125 0.2265625 0.146875 0.234375
96 0.8265625 0.4375 0.153125 0.2015625
96 0.73828125 0.725 0.2109375 0.1875
