93 0.3921875 0.790625 0.196875 0.29375
93 0.56015625 0.646875 0.1828125 0.3
93 0.6890625 0.5203125 0.159375 0.2703125
93 0.67890625 0.784375 0.1296875 0.2734375
93 0.54140625 0.88828125 0.20625 0.21875
93 0.36328125 0.95546875 0.1859375 0.0890625
93 0.22890625 0.77578125 0.1734375 0.278125
93 0.3046875 0.546875 0.175 0.275
93 0.475 0.34453125 0.1265625 0.1734375
93 0.58046875 0.3828125 0.1296875 0.2078125
93 0.465625 0.18671875 0.1828125 0.209375
93 0.31796875 0.12421875 0.1796875 0.2234375
93 0.34765625 0.346875 0.1453125 0.2125
93 0.19296875 0.36171875 0.184375 0.3375
93 0.08359375 0.765625 0.1390625 0.31875
93 0.05546875 0.26171875 0.1109375 0.2453125
