93 0.2453125 0.42421875 0.17421875 0.125
93 0.2703125 0.23203125 0.23203125 0.20078125
93 0.46875 0.20546875 0.08515625 0.10703125
93 0.578125 0.33046875 0.16484375 0.1203125
93 0.484375 0.56953125 0.13359375 0.11640625
93 0.7078125 0.68984375 0.13828125 0.14296875
93 0.83671875 0.68984375 0.1515625 0.16953125
93 0.7453125 0.8796875 0.07578125 0.08515625
93 0.56484375 0.83515625 0.16953125 0.1515625
93 0.15625 0.5734375 0.1921875 0.19609375
93 0.3328125 0.58515625 0.11640625 0.13359375
93 0.40625 0.421875 0.11640625 0.13359375
