96 0.4453125 0.52890625 0.1265625 0.140625
96 0.58671875 0.56953125 0.14375 0.140625
96 0.63671875 0.70234375 0.1296875 0.2375
96 0.73984375 0.80546875 0.1265625 0.1484375
96 0.52734375 0.83828125 0.1265625 0.1609375
96 0.678125 0.91875 0.1234375 0.1546875
96 0.83515625 0.903125 0.1359375 0.1546875
96 0.946875 0.80078125 0.0921875 0.140625
96 0.909375 0.7 0.096875 0.153125
96 0.73671875 0.56953125 0.146875 0.171875
96 0.50703125 0.66328125 0.1078125 0.153125
96 0.43828125 0.75390625 0.1140625 0.1609375
96 0.43984375 0.89453125 0.15625 0.1234375
96 0.3484375 0.81875 0.1484375 0.13125
96 0.2875 0.6875 0.140625 0.1671875
96 0.1828125 0.78671875 0.1640625 0.2
96 0.121875 0.90234375 0.153125 0.175
96 0.0671875 0.715625 0.134375 0.171875
96 0.0984375 0.50703125 0.128125 0.190625
96 0.21953125 0.54921875 0.140625 0.18125
96 0.29296875 0.465625 0.1046875 0.19375
96 0.3796875 0.29140625 0.103125 0.165625
96 0.1203125 0.35625 0.1125 0.1390625
96 0.11796875 0.21484375 0.109375 0.1296875
96 0.103125 0.08828125 0.1109375 0.15
96 0.475 0.178125 0.1125 0.1671875
96 0.5953125 0.16328125 0.109375 0.165625
96 0.64140625 0.32421875 0.1203125 0.20625
96 0.57890625 0.43515625 0.14375 0.153125
96 0.27421875 0.19609375 0.084375 0.153125
96 0.22265625 0.12109375 0.109375 0.1484375
96 0.7609375 0.328125 0.1421875 0.18125
96 0.921875 0.27109375 0.096875 0.140625
96 0.93984375 0.42265625 0.1203125 0.215625
96 0.85703125 0.51640625 0.1109375 0.153125
96 0.765625 0.15234375 0.1046875 0.1484375
96 0.8890625 0.11640625 0.140625 0.11875
96 0.34140625 0.11875 0.125 0.1421875
