93 0.44921875 0.23125 0.1640625 0.153125
93 0.57578125 0.340625 0.159375 0.2
93 0.59375 0.46796875 0.1453125 0.15625
93 0.703125 0.5796875 0.1640625 0.2203125
93 0.73984375 0.72109375 0.184375 0.259375
93 0.5265625 0.60078125 0.15625 0.2609375
93 0.51484375 0.821875 0.125 0.1765625
93 0.35 0.77578125 0.159375 0.165625
93 0.23515625 0.73515625 0.1375 0.14375
93 0.20390625 0.61796875 0.134375 0.128125
93 0.10546875 0.4171875 0.14375 0.1609375
93 0.421875 0.4390625 0.16875 0.1734375
93 0.365625 0.5765625 0.215625 0.19375
