93 0.44296875 0.5546875 0.1046875 0.146875
93 0.61640625 0.609375 0.13984375 0.18046875
93 0.66484375 0.4265625 0.12421875 0.13984375
93 0.746875 0.3390625 0.1453125 0.14140625
93 0.9140625 0.4015625 0.12578125 0.1703125
93 0.8515625 0.61328125 0.121875 0.11015625
93 0.765625 0.50390625 0.109375 0.18984375
93 0.7109375 0.66953125 0.1421875 0.146875
93 0.42109375 0.72109375 0.13671875 0.13515625
93 0.2125 0.6625 0.12578125 0.165625
93 0.33984375 0.54296875 0.1421875 0.14375
93 0.2125 0.49921875 0.14921875 0.16171875
93 0.34140625 0.415625 0.165625 0.16796875
93 0.2328125 0.3203125 0.1453125 0.1484375
93 0.09921875 0.34765625 0.13515625 0.146875
93 0.17734375 0.22734375 0.15 0.1234375
93 0.38671875 0.29375 0.12578125 0.14140625
93 0.4734375 0.2046875 0.13359375 0.1484375
93 0.56015625 0.33515625 0.12578125 0.146875
93 0.525 0.4421875 0.10234375 0.18671875
93 0.653125 0.2375 0.09765625 0.13203125
