93 0.16328125 0.51484375 0.1828125 0.1984375
93 0.115625 0.29921875 0.146875 0.1890625
93 0.21015625 0.19375 0.1421875 0.1796875
93 0.3234375 0.2640625 0.08125 0.140625
93 0.3109375 0.50078125 0.0875 0.1984375
93 0.39609375 0.61171875 0.06875 0.2046875
93 0.4796875 0.6453125 0.065625 0.1109375
93 0.57265625 0.70078125 0.1265625 0.1140625
93 0.615625 0.525 0.1515625 0.1640625
93 0.55703125 0.31015625 0.128125 0.06875
93 0.60078125 0.1609375 0.159375 0.2328125
93 0.74921875 0.23515625 0.1609375 0.2234375
93 0.7625 0.63671875 0.18125 0.2171875
93 0.82890625 0.83671875 0.1328125 0.178125
93 0.93359375 0.68671875 0.1328125 0.2375
93 0.92265625 0.45078125 0.1546875 0.221875
93 0.9265625 0.15546875 0.1421875 0.2359375
