93 0.50859375 0.509375 0.16328125 0.12578125
93 0.42578125 0.3046875 0.140625 0.115625
93 0.20546875 0.2609375 0.171875 0.11953125
93 0.3328125 0.5203125 0.1703125 0.08671875
93 0.090625 0.4234375 0.18125 0.11484375
93 0.2984375 0.79765625 0.13515625 0.10703125
93 0.0859375 0.68046875 0.171875 0.1265625
93 0.17265625 0.79296875 0.12421875 0.14375
93 0.06328125 0.89921875 0.1265625 0.1296875
93 0.215625 0.89296875 0.18515625 0.1171875
93 0.43515625 0.79375 0.1296875 0.13203125
93 0.5859375 0.82265625 0.18984375 0.1203125
93 0.7578125 0.7796875 0.19375 0.115625
93 0.91171875 0.82890625 0.1609375 0.1453125
93 0.83125 0.94140625 0.22265625 0.1
93 0.62421875 0.69765625 0.1796875 0.14609375
93 0.7390625 0.5875 0.18828125 0.09375
93 0.80546875 0.70625 0.2046875 0.0875
93 0.384375 0.653125 0.13515625 0.128125
93 0.590625 0.40703125 0.17421875 0.09375
93 0.65625 0.50078125 0.15234375 0.0953125
93 0.87890625 0.53203125 0.1203125 0.1203125
93 0.78359375 0.27578125 0.1578125 0.11484375
93 0.8859375 0.36484375 0.13515625 0.1234375
