93 0.5140625 0.71640625 0.1609375 0.2234375
93 0.646875 0.8421875 0.1671875 0.203125
93 0.409375 0.84921875 0.121875 0.190625
93 0.2671875 0.6890625 0.1640625 0.2078125
93 0.50625 0.43046875 0.14375 0.19375
93 0.64296875 0.6109375 0.13125 0.165625
93 0.77109375 0.7046875 0.128125 0.1921875
93 0.2390625 0.46640625 0.1578125 0.1640625
93 0.35234375 0.5546875 0.128125 0.16875
93 0.3046875 0.31796875 0.1765625 0.15
93 0.446875 0.24375 0.1484375 0.171875
93 0.684375 0.303125 0.1609375 0.134375
93 0.7390625 0.41484375 0.1359375 0.134375
93 0.82578125 0.51875 0.1515625 0.14375
93 0.5859375 0.17734375 0.1453125 0.1640625
93 0.15390625 0.6109375 0.1375 0.1375
