22 0.525 0.3859375 0.24609375 0.32890625
22 0.56015625 0.7375 0.2015625 0.3796875
22 0.79140625 0.546875 0.27578125 0.25546875
22 0.73671875 0.28984375 0.253125 0.30390625
22 0.29921875 0.54296875 0.20703125 0.41640625
22 0.34921875 0.1703125 0.2203125 0.340625
22 0.14140625 0.09609375 0.2703125 0.1921875
22 0.1234375 0.33984375 0.24609375 0.284375
22 0.10859375 0.7234375 0.21640625 0.4078125
22 0.33828125 0.8265625 0.2625 0.26640625
22 0.73203125 0.78828125 0.2671875 0.29765625
22 0.9 0.86328125 0.19296875 0.2734375
22 0.93671875 0.40859375 0.1265625 0.3078125
22 0.92265625 0.1359375 0.1546875 0.21796875
22 0.78359375 0.06328125 0.2140625 0.12578125
22 0.5609375 0.10625 0.225 0.2125
