47 0.3956724375 0.7840157343749999 0.370991796875 0.7229289999999999 0.35949128125 0.7153194218750001 0.31443725 0.70599734375 0.2655125 0.71003559375 0.21296818750000002 0.7301413906249999 0.16337965625 0.76590509375 0.11805659375 0.81848275 0.1043738125 0.8555243906250001 0.13215475000000002 0.924284640625 0.169869984375 0.9362977812500001 0.171736671875 0.935964890625 0.32195131250000003 0.8752742343750001 0.339258640625 0.8633664218750001 0.384303625 0.8142715468749999 0.3956724375 0.7840157343749999
47 0.049712296875 0.493605765625 0.056794500000000005 0.527819 0.08565096875 0.59367990625 0.10973739062500001 0.6227082187499999 0.129521703125 0.63830778125 0.17873392187499998 0.661397609375 0.1841221875 0.661327125 0.25648943750000003 0.632088859375 0.2608283125 0.628229328125 0.2670335625 0.576851140625 0.282369984375 0.536950609375 0.280716765625 0.5064421718750001 0.27618062499999996 0.48826310937499995 0.251377421875 0.42687304687500005 0.244017078125 0.41004590625 0.21079949999999997 0.3695399375 0.16872848437500002 0.34187965625 0.116106421875 0.33954740625 0.083297828125 0.361228984375 0.056752109375000005 0.40397315625 0.04743 0.44902718750000004 0.049712296875 0.493605765625
47 0.26499882812500003 0.63159996875 0.281417015625 0.68057853125 0.29406014062499997 0.700748546875 0.331506890625 0.733647578125 0.3589533125 0.7423597187500001 0.404287609375 0.7240434687499999 0.41284031250000003 0.70415715625 0.43824454687500003 0.6669298125 0.43562981250000005 0.632651171875 0.41989726562499996 0.59371175 0.3981204375 0.587084 0.368253703125 0.564604125 0.33540203125 0.5180520937499999 0.316437046875 0.515603171875 0.292291640625 0.5253585625 0.2699605 0.55628865625 0.262745703125 0.5954356562500001 0.26499882812500003 0.63159996875
47 0.55547971875 1 0.563663046875 0.9966937187499999 0.572444546875 0.9893540468750001 0.5921857968750001 0.936719984375 0.592976625 0.8858441562499999 0.581709515625 0.8273694375 0.54324734375 0.732172203125 0.5372834531249999 0.7229725 0.5012121875 0.6962585781249999 0.45900926562500005 0.686346296875 0.43100057812500003 0.69766253125 0.40755715625000005 0.74252371875 0.40201015625 0.816386296875 0.41254528125 0.898075578125 0.434816703125 0.961541375 0.466491125 1 0.55547971875 1
47 0.06648103125 0.197255421875 0.105780625 0.29035428125 0.14657371875 0.312070921875 0.195882046875 0.319533734375 0.318293 0.2700765 0.32730553125 0.260958265625 0.33888090625 0.22634751562500002 0.316242234375 0.170314859375 0.30458328125 0.165093859375 0.277999375 0.141006765625 0.219794671875 0.132504 0.14813434375 0.13449328124999999 0.129579 0.138619703125 0.104282390625 0.151087140625 0.082107515625 0.17128110937500002 0.06648103125 0.197255421875
47 0.331727328125 0.057789078125000004 0.30086007812500004 0.081495 0.27587296875 0.1134981875 0.262560875 0.151457359375 0.28764678125 0.2177181875 0.297455984375 0.22948367187500002 0.32197668749999997 0.2442930625 0.35087046875 0.25115653125000004 0.37068965625 0.248906875 0.46433634375 0.21107115625 0.49011398437500003 0.18703420312500002 0.5108087343750001 0.144407015625 0.50520215625 0.1034185 0.48377175 0.073317109375 0.43840821874999997 0.044459265625 0.4105729375 0.03604465625 0.379535234375 0.0384734375 0.331727328125 0.057789078125000004
47 0.45133575 0.342012359375 0.45406725000000003 0.34877307812499997 0.44755025000000004 0.36601128125 0.45939121875 0.36403589062499997 0.46332028125 0.36750407812499997 0.443513578125 0.38730296875 0.43008484375 0.391605078125 0.42913846875 0.397604796875 0.45633234375000004 0.40234637500000003 0.4810728125 0.396844484375 0.493945390625 0.399507953125 0.544538625 0.3745730625 0.5613088281249999 0.35768618750000003 0.582339984375 0.328404796875 0.5884225937500001 0.30174935937499997 0.572406265625 0.262107546875 0.545381671875 0.24110081249999998 0.51777740625 0.240035875 0.475457078125 0.25713440625 0.47016012500000004 0.2759861875 0.4753450625 0.292990390625 0.47289615625000003 0.311955390625 0.48314935937500003 0.31230671875 0.48287128125 0.315789484375 0.473873953125 0.328974171875 0.45504053125 0.336583375 0.45133575 0.342012359375
47 0.6075205312499999 0.27118571875 0.624785375 0.25480118749999997 0.6439775937500001 0.22513929687499998 0.646387609375 0.19495525 0.63762078125 0.17325659375 0.6162723125 0.1565663125 0.584090859375 0.1499076875 0.551384671875 0.173233109375 0.49436420312499996 0.25525323437499997 0.50214159375 0.28075954687500004 0.5233746406249999 0.29577378125 0.5509088281250001 0.29405834375 0.6075205312499999 0.27118571875
47 0.583764171875 0.13936667187500001 0.554848 0.16790165625 0.5084888125 0.186631984375 0.50870259375 0.18785628125 0.511629234375 0.19509996875 0.543208921875 0.2141726875 0.580485546875 0.19798846875 0.596565078125 0.21901703125 0.6187714062499999 0.221841578125 0.6519261249999999 0.2163105 0.6810665625000001 0.1966726875 0.698253890625 0.174561671875 0.706107484375 0.15228954687500001 0.7049451875 0.131338234375 0.699248109375 0.1172374375 0.688211390625 0.09548203125 0.6664760000000001 0.07505339062500001 0.6334019843750001 0.062014531250000005 0.6015838437500001 0.0625116875 0.597098625 0.066009046875 0.60451271875 0.0843595625 0.600839359375 0.11280706250000001 0.583764171875 0.13936667187500001
47 0.7660322500000001 0.30825546875 0.76776634375 0.30629093749999997 0.774000234375 0.3050361875 0.7857107812499999 0.300304828125 0.79495571875 0.28182403125 0.7874638593750001 0.24103546874999998 0.7932733437499999 0.2429013125 0.815618359375 0.27179057812499996 0.84327571875 0.270727546875 0.842759625 0.26388881249999996 0.8148437187500001 0.194794515625 0.7955278125 0.16784118750000002 0.74429646875 0.12028896874999999 0.712653078125 0.1107446875 0.6931450625 0.11862643749999999 0.683464609375 0.14907965625 0.684371421875 0.187473125 0.690458640625 0.213662296875 0.694760734375 0.22709104687499998 0.72309090625 0.252719546875 0.7360555 0.30983429687499997 0.7471704375 0.315876140625 0.7660322500000001 0.30825546875
47 0.8234618906250001 0.274519828125 0.803004078125 0.2878409375 0.79223359375 0.3056741875 0.77446840625 0.314537 0.759659 0.339057703125 0.75048340625 0.370570859375 0.7525316875 0.40344751562500003 0.7408245625000001 0.430085234375 0.738453421875 0.47148828125 0.7518866875 0.49639468750000004 0.7922162968750001 0.5239159375 0.79484990625 0.5582413125000001 0.82967696875 0.616634328125 0.8443836250000001 0.618275890625 0.867095234375 0.585506859375 0.8791384375 0.600021015625 0.8970521874999999 0.6092141875 0.944548890625 0.5900242812500001 0.94506253125 0.5893954531250001 0.95055053125 0.554316546875 0.9461609375 0.515645 0.9281770312500001 0.461400796875 0.937893515625 0.47432718749999997 0.9415519531250001 0.46947865625 0.9578243437499999 0.47638587499999996 0.9783113125 0.47147901562500005 0.9896671250000001 0.45509449999999996 0.994628109375 0.435395421875 0.994540359375 0.4310071875 0.95941434375 0.34406723437500003 0.9507580625 0.33515532812500004 0.9073699218750001 0.31813846875 0.9239492031250001 0.35778328125000003 0.92203215625 0.36277084375 0.9034920625 0.31549218749999997 0.881161640625 0.29081006249999997 0.852670390625 0.274515296875 0.8234618906250001 0.274519828125
47 1 0.73649325 0.961005546875 0.639978578125 0.959110109375 0.638067890625 0.931043078125 0.632555609375 0.9121364375000001 0.646935234375 0.8882694375 0.625401734375 0.8650169375000001 0.61373121875 0.845290953125 0.6149601875 0.8306280312500001 0.6259400312500001 0.7962981250000001 0.59936515625 0.8008196406250001 0.6202886875 0.785468640625 0.655982078125 0.786492796875 0.67242040625 0.7797320625 0.6751519218750001 0.7658884687499999 0.69928240625 0.7513720625 0.696721359375 0.74326503125 0.701682015625 0.74257696875 0.726395578125 0.734703921875 0.743058171875 0.755131890625 0.776935 0.748239265625 0.797414515625 0.7364738125 0.8072237031249999 0.72466459375 0.804411484375 0.720947828125 0.79243146875 0.723435625 0.784685484375 0.708860890625 0.76529590625 0.69343765625 0.72434140625 0.6889744999999999 0.72024640625 0.6775749375 0.7240095156249999 0.6559763125 0.68723525 0.6402746875 0.677569609375 0.622480328125 0.6780181562500001 0.597807921875 0.70315334375 0.587242265625 0.724274265625 0.579822640625 0.76013359375 0.5848558749999999 0.817082390625 0.59527434375 0.8651145937500001 0.610873234375 0.900942484375 0.626413796875 0.919941859375 0.60339528125 0.9199732812500001 0.591805484375 0.924655859375 0.590093265625 0.93293109375 0.595346578125 0.941762484375 0.606175390625 0.94075778125 0.6179991874999999 0.947777125 0.641968921875 0.9431483593750001 0.654187796875 0.95253590625 0.6662455781250001 0.9712571875 0.672816046875 0.9694451562499999 0.702756359375 0.957348484375 0.711624375 0.9487099375 0.724970140625 0.94837353125 0.9186163593750001 0.870135390625 0.9314500625000001 0.8615798124999999 0.942191359375 0.8353323125 0.9499470625 0.84062484375 0.9640538125000001 0.8366105625 0.9933504843750001 0.806236625 1 0.78339915625 1 0.73649325
