47 0.921325046875 0.634316765625 0.909937890625 0.603260875 0.883540375 0.57453415625 0.864906828125 0.5667701875 0.83178053125 0.571428578125 0.8141821875 0.585403734375 0.798136640625 0.60791925 0.788819875 0.64208075 0.789855078125 0.66692546875 0.805900625 0.695652171875 0.822463765625 0.71428571875 0.864389234375 0.724378875 0.888716359375 0.71894409375 0.909937890625 0.69487578125 0.921325046875 0.66692546875 0.921325046875 0.634316765625
47 0.798136640625 0.606366453125 0.82815734375 0.570652171875 0.820393375 0.554347828125 0.79865425 0.54192546875 0.780020703125 0.5450310625 0.75 0.568322984375 0.73291925 0.59394409375 0.726708078125 0.620341609375 0.72877846875 0.659161484375 0.740683234375 0.678571421875 0.759834375 0.682453421875 0.776915109375 0.677018640625 0.788819875 0.665372671875 0.788819875 0.637422359375 0.798136640625 0.606366453125
47 0.7003105625 0.56987578125 0.66200828125 0.57453415625 0.649068328125 0.587732921875 0.6552795 0.61102484375 0.6552795 0.63276396875 0.65217390625 0.643633546875 0.64078675 0.65605590625 0.639751546875 0.665372671875 0.659937890625 0.687888203125 0.696687375 0.6917701875 0.72256728125 0.6700310625 0.726708078125 0.60015528125 0.716873703125 0.582298140625 0.7003105625 0.56987578125
47 0.63043478125 0.662267078125 0.650103515625 0.646739125 0.6552795 0.615683234375 0.649068328125 0.59394409375 0.636128359375 0.57763975 0.6154244375 0.568322984375 0.599896484375 0.568322984375 0.579192546875 0.576086953125 0.565734984375 0.5885093125 0.553830234375 0.609472046875 0.550724640625 0.637422359375 0.557453421875 0.65838509375 0.57349896875 0.6700310625 0.557971015625 0.70263975 0.5569358125 0.724378875 0.562111796875 0.746118015625 0.57091096875 0.759316765625 0.585403734375 0.768633546875 0.610766046875 0.7694099375 0.63302278125 0.75310559375 0.64492753125 0.7305900625 0.646997921875 0.696428578125 0.63043478125 0.662267078125
47 0.522256734375 0.61956521875 0.50776396875 0.607142859375 0.47877846875 0.59782609375 0.4549689375 0.599378875 0.436853 0.615683234375 0.430641828125 0.634316765625 0.430641828125 0.65605590625 0.44358178125 0.68012421875 0.466356109375 0.687888203125 0.4818840625 0.7003105625 0.507246375 0.70263975 0.52743271875 0.694099375 0.537267078125 0.673136640625 0.5351966875 0.64208075 0.522256734375 0.61956521875
47 0.424948234375 0.79658384375 0.4358178125 0.774068328125 0.438923390625 0.735248453125 0.42546584375 0.70263975 0.4052795 0.681677015625 0.388716359375 0.673913046875 0.3628364375 0.673913046875 0.332815734375 0.689441 0.3167701875 0.711956515625 0.311594203125 0.735248453125 0.311594203125 0.76319875 0.321946171875 0.79425465625 0.33799171875 0.812111796875 0.378881984375 0.820652171875 0.389751546875 0.818322984375 0.4042443125 0.80279503125 0.412525875 0.805900625 0.424948234375 0.79658384375
47 0.3069358125 0.689441 0.32091096875 0.64208075 0.318840578125 0.6312111875 0.307971015625 0.614906828125 0.28830228125 0.599378875 0.269668734375 0.599378875 0.25414078125 0.6055900625 0.24689440625 0.614906828125 0.213768109375 0.61180125 0.187888203125 0.628881984375 0.16977225 0.657608703125 0.166666671875 0.67779503125 0.178053828125 0.725931671875 0.187888203125 0.737577640625 0.20807453125 0.739906828125 0.2365424375 0.723602484375 0.255175984375 0.70341615625 0.2634575625 0.70807453125 0.3069358125 0.689441
47 0.164078671875 0.673913046875 0.152691515625 0.664596265625 0.136128359375 0.663043484375 0.114389234375 0.67236025 0.0983436875 0.690217390625 0.0921325 0.710403734375 0.09523809375 0.73680125 0.104037265625 0.748447203125 0.12318840625 0.750776390625 0.1614906875 0.729037265625 0.170807453125 0.70574534375 0.170807453125 0.690217390625 0.164078671875 0.673913046875
47 0.4187370625 0.694099375 0.42650103125 0.690217390625 0.427536234375 0.67779503125 0.421325046875 0.654503109375 0.428571421875 0.646739125 0.431677015625 0.623447203125 0.44720496875 0.60015528125 0.446169765625 0.590838515625 0.427536234375 0.570652171875 0.442546578125 0.560559 0.446169765625 0.548913046875 0.445134578125 0.5302795 0.43737059375 0.515527953125 0.42184265625 0.501552796875 0.3845755625 0.501552796875 0.360766046875 0.515527953125 0.3483436875 0.54192546875 0.320393375 0.534161484375 0.30641821875 0.54425465625 0.29606625 0.56599378125 0.293995859375 0.598602484375 0.29865425 0.60869565625 0.325051765625 0.63276396875 0.314699796875 0.659161484375 0.311594203125 0.680900625 0.31262940625 0.69487578125 0.322981359375 0.69953415625 0.339026921875 0.684782609375 0.3628364375 0.673913046875 0.39078675 0.67546584375 0.4187370625 0.694099375
47 0.934265015625 0.4891304375 0.92236025 0.49456521875 0.92650103125 0.55046584375 0.9114906875 0.555900625 0.9089026875 0.553571421875 0.9161490625 0.538043484375 0.917184265625 0.5194099375 0.910973078125 0.503881984375 0.898033125 0.490683234375 0.8555900625 0.49223603125 0.840062109375 0.5062111875 0.8312629375 0.52251553125 0.82712215625 0.56133540625 0.83178053125 0.56987578125 0.872153203125 0.568322984375 0.90217390625 0.590062109375 0.915113875 0.6141304375 0.9259834375 0.659937890625 0.9549689375 0.64751553125 0.966873703125 0.62810559375 0.973084890625 0.601708078125 0.984989640625 0.600931671875 0.9720496875 0.620341609375 0.9710145 0.648291921875 0.980848859375 0.659937890625 0.98861284375 0.66071428125 1 0.654503109375 0.997412015625 0.495341609375 0.941511390625 0.467391296875 0.934265015625 0.4891304375
