47 0 0.651920625 0.007696421875 0.67195284375 0.048571921875 0.7138368125 0.07293646875 0.729876484375 0.08602215625 0.736366625 0.124462125 0.74363678125 0.20355309375 0.674884046875 0.212976625 0.652060421875 0.2131095625 0.62738 0.211318734375 0.620422828125 0.129372765625 0.52615478125 0.1176853125 0.5227449375 0.053487421875 0.51825575 0.02322028125 0.529678796875 0.008361109375 0.5485508125 0 0.580604484375 0 0.651920625
47 0 0.4670659375 0.0254921875 0.49220578125 0.055792640625 0.503085453125 0.09728321875 0.502004546875 0.132194921875 0.492499171875 0.146499875 0.481552859375 0.1477358125 0.475267734375 0.152895828125 0.48120365625 0.150756484375 0.489018484375 0.157462859375 0.50700915625 0.16892465625 0.525332375 0.184404703125 0.543140125 0.221228625 0.563236828125 0.271382 0.563558125 0.289855609375 0.558455765625 0.34437496875 0.5110628125 0.346077078125 0.50904815625 0.37545165625 0.430661578125 0.374016140625 0.417021671875 0.337048046875 0.376207390625 0.33118625 0.353434890625 0.314650046875 0.334412171875 0.28387940625 0.327888734375 0.2212833125 0.33466178125 0.19204709375 0.3541213125 0.19274546875 0.366913234375 0.17414515625 0.38233784375 0.188765984375 0.355484765625 0.1811949375 0.327079859375 0.158343453125 0.300792234375 0.11932475 0.28930290625 0.035711875 0.32327825 0.012189890625 0.34074803125 0 0.357882140625 0 0.4670659375
47 0.48983415625 0.2314356875 0.458170265625 0.21727490625 0.420697953125 0.217840359375 0.397841015625 0.225799359375 0.361155828125 0.260666859375 0.353041796875 0.285585609375 0.35154 0.3412315625 0.357470484375 0.37031815625 0.371603734375 0.395996171875 0.393075125 0.407851328125 0.42153 0.43373434375 0.46331434375 0.43984196875 0.504566578125 0.43077996875 0.54420034375 0.3993044375 0.55489709375 0.360230296875 0.55333403125 0.337024171875 0.5141211875 0.271363234375 0.50531421875 0.24924346875 0.48983415625 0.2314356875
47 0.12612009375 0.200489453125 0.153394453125 0.23186503125 0.1735578125 0.239646515625 0.215159234375 0.236980484375 0.250625140625 0.219549453125 0.271880265625 0.200328265625 0.2671581875 0.2222984375 0.27067765625 0.228916078125 0.25578515625 0.225485375 0.22868828125 0.23713009375 0.219138734375 0.248408953125 0.2049779375 0.28007284375 0.207760265625 0.2858425 0.22762984375 0.286435484375 0.233743265625 0.32429575 0.25970959375 0.351597640625 0.29797990625 0.316840984375 0.30683109375 0.292770203125 0.301598984375 0.2764755 0.32295953125 0.2899158125 0.368762125 0.29550796875 0.38238609375 0.29169028125 0.42676975 0.253108171875 0.428065875 0.244700390625 0.42217415625 0.203669859375 0.424669453125 0.175177578125 0.390501828125 0.13587221875 0.3825566875 0.132405515625 0.355060640625 0.104200203125 0.317477484375 0.106350796875 0.2706551875 0.138120109375 0.266692359375 0.137843 0.26956884375 0.130876171875 0.266731125 0.125899078125 0.248080796875 0.107869640625 0.221576921875 0.099644765625 0.202499890625 0.09910721875 0.196598578125 0.101236328125 0.117726515625 0.16979878125 0.11635428125 0.180691953125 0.12612009375 0.200489453125
47 0.44602903125 0.215430375 0.469102234375 0.23854771875 0.492729625 0.2537394375 0.52035859375 0.25726434375 0.550404046875 0.249011578125 0.5510296875 0.248607296875 0.57743465625 0.2256538125 0.587310921875 0.210973796875 0.579739890625 0.182568890625 0.584445296875 0.149447375 0.593351875 0.124584046875 0.58327878125 0.095655734375 0.55006121875 0.057443296875 0.54496075 0.053502625 0.522475125 0.044762296875 0.48754678125 0.0431163125 0.43409359375 0.060411703125 0.417563421875 0.07478115625 0.407802546875 0.090105234375 0.405086890625 0.128940984375 0.420046046875 0.176977109375 0.44602903125 0.215430375
47 0.82275909375 0.20563534375 0.817637828125 0.187755515625 0.791266875 0.15485021875 0.73573721875 0.11751665625 0.709067078125 0.111669484375 0.697123140625 0.111630734375 0.662837765625 0.12356921875 0.630503375 0.15316584375 0.607197640625 0.201712015625 0.60463159375 0.22701871875 0.61446403125 0.291421640625 0.631644796875 0.318009640625 0.647741015625 0.336526234375 0.662378453125 0.346540875 0.70639090625 0.3663438125 0.7263200625 0.365372953125 0.772802765625 0.32496615625 0.77966709375 0.309345296875 0.811413953125 0.265371609375 0.82159521875 0.22227925 0.82275909375 0.20563534375
47 0.53567228125 0.4596856875 0.545770640625 0.474727796875 0.580676890625 0.4994690625 0.617705828125 0.505244140625 0.650699859375 0.500383328125 0.694019359375 0.473147703125 0.70925903125 0.45492753125 0.5779006875 0.303817046875 0.566421203125 0.316086953125 0.53876465625 0.36990396875 0.531476515625 0.417180859375 0.53567228125 0.4596856875
47 0.446791453125 0.6090380625 0.391588890625 0.60119571875 0.360346265625 0.6037896875 0.37920703125 0.573250859375 0.381407234375 0.53039684375 0.36294528125 0.486894421875 0.339134953125 0.462929078125 0.311489296875 0.448252828125 0.29104884375 0.44443415625 0.262294734375 0.44560925 0.228009359375 0.457547734375 0.194422359375 0.482278140625 0.183542671875 0.51257859375 0.177030453125 0.5487595625 0.25328890625 0.631346953125 0.277747640625 0.63465015625 0.317026765625 0.63102528125 0.29068371875 0.65466934375 0.285501609375 0.671828703125 0.392958515625 0.7980126875 0.401970515625 0.805810859375 0.413343546875 0.802623921875 0.414659328125 0.801922125 0.5065716875 0.722023921875 0.512081484375 0.700415796875 0.502448609375 0.655937859375 0.48129309375 0.628175953125 0.446791453125 0.6090380625
47 0.6498800625 0 0.623996921875 0.0257156875 0.620399953125 0.042985890625 0.625920390625 0.10071575 0.619352734375 0.13768928125 0.630980796875 0.15363478125 0.6677678125 0.16783171875 0.785096484375 0.065839453125 0.727863125 0 0.6498800625 0
47 0.055441828125 0.314478359375 0.069946390625 0.323457046875 0.116264453125 0.33306746875 0.155305234375 0.3214615 0.166446890625 0.3068226875 0.07763178125 0.20465259375 0.030919640625 0.24525884375 0.050193078125 0.2870323125 0.055441828125 0.314478359375
