47 0 0.506447390625 0.001890015625 0.5224728125 0.049351890625 0.563730796875 0.055244375 0.566265125 0.096305734375 0.55951740625 0.2049655 0.434518640625 0.214121984375 0.41763425 0.231968765625 0.353440390625 0.227074671875 0.309849703125 0.2167853125 0.294694296875 0.19508121875 0.279967890625 0.16493746875 0.276537984375 0.120561890625 0.288686046875 0.078802953125 0.31449553125 0.04111346875 0.356264546875 0.013166140625 0.410642953125 0 0.464399640625 0 0.506447390625
47 0.4817848125 0.2883468125 0.48603178125 0.238209984375 0.47388371875 0.193834390625 0.4516119375 0.15515071875 0.42976915625 0.12788175 0.374157640625 0.082299828125 0.33951790625 0.0673704375 0.314807890625 0.062453 0.260476921875 0.0642216875 0.233770625 0.078272234375 0.215071046875 0.098592828125 0.202388359375 0.1310449375 0.22018465625 0.179640328125 0.224296578125 0.218928015625 0.360008125 0.336900265625 0.364406890625 0.338826234375 0.414449953125 0.34437190625 0.462395390625 0.32256003125 0.4817848125 0.2883468125
47 0.361045078125 0.36730390625 0.33533690625 0.37187046875 0.298519828125 0.36539996875 0.24811459375 0.33883615625 0.230104859375 0.345264078125 0.21302 0.36491796875 0.20716478125 0.402615 0.21850871875 0.440770671875 0.21955565625 0.44254340625 0.3152826875 0.525757640625 0.34252228125 0.532701484375 0.372342890625 0.527770421875 0.403094453125 0.4923948125 0.40160253125 0.469500734375 0.407337015625 0.424797640625 0.37960453125 0.379296734375 0.361045078125 0.36730390625
47 0.292556296875 0.52825796875 0.241941609375 0.52773628125 0.17361128125 0.55632678125 0.105608453125 0.602799796875 0.059171015625 0.65145665625 0.035632359375 0.705526796875 0.033670734375 0.72763040625 0.036473734375 0.7388659375 0.086345078125 0.782218421875 0.096871484375 0.786710640625 0.152731125 0.780404875 0.19842084375 0.758012359375 0.245407046875 0.721426328125 0.3127669375 0.643937640625 0.318256390625 0.634447203125 0.325682640625 0.59017959375 0.315354828125 0.5480764375 0.292556296875 0.52825796875
47 0.552957109375 0 0.50782384375 0.053570796875 0.506993859375 0.099776859375 0.522729953125 0.147098953125 0.62237009375 0.233714796875 0.634586109375 0.237605421875 0.670679609375 0.232206203125 0.710327328125 0.18659671875 0.70968621875 0.173838234375 0.719079125 0.13921646875 0.70023078125 0.08349553125 0.66592521875 0.020548828125 0.65382459375 0.00588925 0.645941828125 0 0.552957109375 0
47 0.871246796875 0.187645328125 0.8515749375 0.165023953125 0.824265 0.14404425 0.77236578125 0.125153140625 0.724989484375 0.126066328125 0.691013765625 0.14967021875 0.6739224375 0.182430609375 0.66880453125 0.235951 0.673944 0.2645725625 0.690198890625 0.29112471875 0.729113609375 0.324952765625 0.76424915625 0.34169340625 0.804108125 0.349427953125 0.842410203125 0.34426665625 0.894973515625 0.2837995 0.897653453125 0.27754103125 0.8997165625 0.248969609375 0.89271446875 0.220109109375 0.871246796875 0.187645328125
47 0.68419459375 0.35836690625 0.661534765625 0.351091015625 0.62589690625 0.34564559375 0.5914318125 0.354331765625 0.571921640625 0.3815389375 0.564887203125 0.418210875 0.57567159375 0.44156034375 0.6118865 0.473041484375 0.630120171875 0.469396140625 0.642917125 0.457056578125 0.66092684375 0.450628640625 0.656585015625 0.44133346875 0.659814421875 0.44000009375 0.67564678125 0.442031046875 0.6909768125 0.45535725 0.697496015625 0.45619353125 0.70227978125 0.4506904375 0.72059778125 0.448671140625 0.713462015625 0.4390175625 0.7147684375 0.433942234375 0.7414014375 0.442601609375 0.749676203125 0.4509449375 0.755211703125 0.4445770625 0.748985609375 0.4243504375 0.732851453125 0.40480434375 0.729380578125 0.39212559375 0.68419459375 0.35836690625
47 0.840689890625 0.434366546875 0.8443240625 0.399224515625 0.830990296875 0.36693034375 0.81919796875 0.356679421875 0.788506984375 0.350703484375 0.75681015625 0.359380671875 0.738258265625 0.395012078125 0.725386484375 0.488892203125 0.755351015625 0.51493996875 0.7689334375 0.51691290625 0.8086421875 0.493461890625 0.828357875 0.4691938125 0.840689890625 0.434366546875
47 0.935923046875 0.391896328125 0.930770625 0.389487734375 0.917786125 0.404424703125 0.890771546875 0.414066609375 0.859354796875 0.4109103125 0.82080225 0.3981004375 0.78306678125 0.365297484375 0.782072984375 0.36604378125 0.776947484375 0.37194 0.7742904375 0.408736546875 0.80563390625 0.43460278125 0.79419728125 0.458476515625 0.8017620625 0.4795448125 0.82174221875 0.506574828125 0.852469109375 0.52362378125 0.8799730625 0.528899609375 0.903383125 0.525785875 0.92152321875 0.5152385625 0.9315006875 0.503760796875 0.945874328125 0.484050265625 0.95420871875 0.455409484375 0.950811140625 0.420020796875 0.935923046875 0.391896328125
47 0.83229621875 0.520235015625 0.79547265625 0.526871 0.785717578125 0.540474578125 0.791165328125 0.573504796875 0.805370109375 0.5998275625 0.854797296875 0.64279396875 0.873524140625 0.64785865625 0.907361265625 0.688487125 0.9121928125 0.692687125 0.950821703125 0.648249671875 0.950769328125 0.641165 0.92557640625 0.60822334375 0.931599765625 0.607248375 0.96462478125 0.622844484375 0.980731625 0.61384225 0.987080265625 0.60653896875 0.97898253125 0.59322871875 0.946647390625 0.563739984375 0.8995319375 0.5393458125 0.83229621875 0.520235015625
47 0.8236038125 0.8235738125 0.782953671875 0.783406390625 0.79747959375 0.790512703125 0.79853809375 0.78453171875 0.816172703125 0.78329859375 0.8321990625 0.769625671875 0.83487875 0.749871515625 0.830355828125 0.730067265625 0.81931371875 0.70942671875 0.802496171875 0.69066678125 0.77450284375 0.67047321875 0.74575928125 0.66066928125 0.699374671875 0.665204953125 0.732145296875 0.69300190625 0.7327015 0.6983161875 0.69471809375 0.664607609375 0.663616078125 0.65275346875 0.63083253125 0.651169484375 0.604809625 0.66443390625 0.59262925 0.685590765625 0.591128796875 0.70637 0.57932353125 0.722332046875 0.57726040625 0.750903484375 0.5833915625 0.783147546875 0.600142296875 0.811510953125 0.6018044375 0.840560265625 0.613949328125 0.86819790625 0.6447915 0.89500859375 0.6901930625 0.900832671875 0.70812303125 0.930221171875 0.76008834375 0.962929140625 0.78283071875 0.936767015625 0.784872375 0.92171625 0.792904765625 0.92517815625 0.847240875 0.862671609375 0.845071484375 0.856037578125 0.8236038125 0.8235738125
47 0.5622365 1 0.5845703125 0.974307890625 0.585412234375 0.971751625 0.5775815625 0.9442411875 0.55618578125 0.933923453125 0.564536875 0.902881796875 0.56437896875 0.876865359375 0.55432853125 0.859847328125 0.53788859375 0.851767296875 0.54598153125 0.80911440625 0.52939125 0.822642171875 0.490619 0.825168796875 0.476437296875 0.833544171875 0.470934203125 0.828760390625 0.443148921875 0.8273806875 0.438840515625 0.81328378125 0.430740015625 0.808312453125 0.408407703125 0.81891909375 0.3899869375 0.819468828125 0.3690765625 0.853050046875 0.3477 0.856206171875 0.333618546875 0.85017634375 0.330762984375 0.838377546875 0.339749859375 0.8296270625 0.347781015625 0.828327109375 0.35844046875 0.806538234375 0.387929203125 0.774203078125 0.389551640625 0.76836728125 0.381023390625 0.759918625 0.4039839375 0.7239789375 0.4054676875 0.705600578125 0.3969895625 0.6899493125 0.36339290625 0.6793771875 0.339777328125 0.6795518125 0.304457984375 0.689220671875 0.25600128125 0.71955953125 0.217934171875 0.750648609375 0.193093015625 0.780812859375 0.183219734375 0.803285125 0.172741546875 0.78278975 0.163307671875 0.774589015625 0.155157046875 0.77682028125 0.1496731875 0.785510390625 0.1554845625 0.7947028125 0.15459815625 0.808424609375 0.16960446875 0.827680390625 0.16678734375 0.842829328125 0.1555806875 0.8620721875 0.160178140625 0.867103875 0.184548984375 0.888289109375 0.19627196875 0.89226875 0.2026305625 0.9040071875 0.31305765625 1 0.5622365 1
