47 0.384740015625 0.880247390625 0.423466078125 0.82602884375 0.431062890625 0.7946130625 0.399121609375 0.73698946875 0.3867794375 0.730838171875 0.34092515625 0.72707628125 0.292857234375 0.737046859375 0.243154859375 0.763406328125 0.198294453125 0.804946765625 0.159716828125 0.862656015625 0.150650265625 0.901089078125 0.18660390625 0.965951140625 0.225502046875 0.97327840625 0.22731425 0.972720515625 0.369012875 0.894175671875 0.384740015625 0.880247390625
47 0.203366140625 0.41982646875 0.159397984375 0.427524515625 0.126302875 0.43872346875 0.064449609375 0.475391265625 0.038573078125 0.5028358125 0.025500875 0.52437378125 0.008580609375 0.57603309375 0.01264971875 0.605934390625 0.025349203125 0.630456296875 0.05150646875 0.653473390625 0.10325790625 0.653370953125 0.141582609375 0.6629441875 0.29885634375 0.5757659375 0.302170625 0.572291171875 0.32449759375 0.5271628125 0.3203994375 0.474648734375 0.294881109375 0.444727015625 0.2492204375 0.423588375 0.203366140625 0.41982646875
47 0.278535046875 0.583903859375 0.27614484375 0.6236383125 0.282788484375 0.659258484375 0.305053296875 0.70587109375 0.32006028125 0.724349953125 0.36123728125 0.752440140625 0.389540875 0.757742484375 0.432305078125 0.734037890625 0.438370484375 0.7132575 0.459048484375 0.673211640625 0.452275734375 0.639507171875 0.4319149375 0.6027753125 0.409492703125 0.598850890625 0.377108984375 0.580178421875 0.33882890625 0.537976984375 0.31970684375 0.537857578125 0.296930296875 0.550482828125 0.278535046875 0.583903859375
47 0.380383421875 0.86003340625 0.375688265625 0.90312975 0.3903335625 0.9295505625 0.437717390625 0.947352046875 0.511705421875 0.943856109375 0.5590845625 0.931736484375 0.678357515625 0.86562240625 0.692392609375 0.85084553125 0.70152325 0.831328421875 0.6578014375 0.752452171875 0.607965578125 0.740433015625 0.55737259375 0.745848296875 0.4801011875 0.770815625 0.44032153125 0.789292859375 0.402502234375 0.820975390625 0.380383421875 0.86003340625
47 0.12288628125 0.361118484375 0.145785703125 0.378795453125 0.18764075 0.387305046875 0.2326905625 0.36233353125 0.23816640625 0.34455965625 0.258834203125 0.31523840625 0.260180234375 0.25643134375 0.254380265625 0.218035984375 0.201748296875 0.123085421875 0.17722721875 0.1121516875 0.089611703125 0.16250425 0.073028390625 0.205639859375 0.071221703125 0.27006175 0.099239546875 0.331350296875 0.12288628125 0.361118484375
47 0.237577546875 0.166237 0.248326078125 0.194222328125 0.26681353125 0.22327734375 0.309121703125 0.258779734375 0.353953203125 0.27412528125 0.364722359375 0.271282203125 0.41750025 0.2420269375 0.42121825 0.238626140625 0.444332578125 0.190083859375 0.4492921875 0.161430578125 0.4458515 0.14448034375 0.40718459375 0.074723421875 0.39080996875 0.0580745 0.356000171875 0.03717384375 0.318435390625 0.028965875 0.2478771875 0.068076921875 0.243509546875 0.0727310625 0.23179884375 0.098873796875 0.2285078125 0.12838865625 0.237577546875 0.166237
47 0.39571375 0.326902890625 0.41495871875 0.357324515625 0.436430125 0.360607890625 0.4526756875 0.3533893125 0.47179778125 0.353508703125 0.4708969375 0.343289109375 0.474387640625 0.343140671875 0.488570546875 0.350464140625 0.498418234375 0.36822984375 0.50425825 0.371245390625 0.510635703125 0.3677103125 0.528539625 0.3720779375 0.52513590625 0.36056596875 0.528099421875 0.35624353125 0.550164578125 0.37348971875 0.55607115625 0.3862940625 0.562141484375 0.3865021875 0.563533625 0.35893315625 0.561414625 0.352961765625 0.512681171875 0.26504428125 0.50641290625 0.260181859375 0.47478671875 0.242875984375 0.43942928125 0.239250546875 0.411790328125 0.258144046875 0.392637578125 0.290198484375 0.39571375 0.326902890625
47 0.494334375 0.168024625 0.4708344375 0.196533765625 0.45540015625 0.2283135 0.4567855625 0.260893375 0.46624609375 0.277960625 0.491255875 0.292998921875 0.515352765625 0.29497584375 0.539230171875 0.281740375 0.553628671875 0.2685485625 0.600228390625 0.180190734375 0.589400515625 0.155822375 0.56649596875 0.143507703125 0.521161234375 0.15196325 0.494334375 0.168024625
47 0.598501625 0.0546048125 0.574460796875 0.04024025 0.551397578125 0.0351595 0.527566640625 0.03943675 0.497194484375 0.05984528125 0.479567 0.083908296875 0.47065603125 0.1183248125 0.475027140625 0.149845203125 0.47904503125 0.153870765625 0.49635521875 0.1442755625 0.52503834375 0.144454671875 0.553480921875 0.15816578125 0.58532721875 0.183388875 0.608620796875 0.225411625 0.619098015625 0.219604 0.632671796875 0.1893021875 0.612065328125 0.154275765625 0.630977546875 0.13575334375 0.631074765625 0.113368328125 0.621544375 0.081134796875 0.598501625 0.0546048125
47 0.60838103125 0.1718009375 0.60206759375 0.18780596875 0.605676875 0.19592875 0.6157625625 0.20284359375 0.62110953125 0.218935625 0.643360640625 0.22684853125 0.682932140625 0.214441640625 0.681788203125 0.220435203125 0.655837453125 0.246134390625 0.659488640625 0.268674734375 0.75290384375 0.216893859375 0.756563609375 0.21352534375 0.79751784375 0.15688071875 0.800485203125 0.1396735625 0.7804715 0.103567890625 0.76152821875 0.100010984375 0.7235314375 0.10559003125 0.6982793125 0.114823546875 0.68547496875 0.120730109375 0.663490078125 0.1519724375 0.60838103125 0.1718009375
47 0.852826671875 0.24591740625 0.822561953125 0.2332163125 0.793571734375 0.236780421875 0.77488984375 0.2524954375 0.76637296875 0.27150834375 0.7498203125 0.282470125 0.738109609375 0.308612875 0.732842890625 0.341009359375 0.7388825625 0.373391328125 0.730509015625 0.401257234375 0.733201328125 0.442640640625 0.74956978125 0.465724296875 0.79295278125 0.48812546875 0.799749984375 0.52187403125 0.84143375 0.5755874375 0.85623084375 0.575424484375 0.874779625 0.54013184375 0.888501890625 0.553070125 0.90740246875 0.560011640625 0.952206484375 0.535176375 0.952639671875 0.534489625 0.95381171875 0.499003375 0.94474196875 0.461155046875 0.92028140625 0.409506859375 0.931500796875 0.42115275 0.934541078125 0.415894515625 0.951533953125 0.420767140625 0.97127021875 0.413400125 0.980544609375 0.3957538125 0.98306790625 0.37559696875 0.98244603125 0.371252140625 0.936986515625 0.289241015625 0.927308671875 0.28145046875 0.88217009375 0.269848125 0.903457296875 0.3071769375 0.902162359375 0.312360953125 0.87799865625 0.267694171875 0.852826671875 0.24591740625
47 1 0.789670109375 0.875351828125 0.56479884375 0.85360340625 0.558867109375 0.857911328125 0.55052421875 0.85220778125 0.537011828125 0.818489875 0.5116351875 0.76449575 0.50285734375 0.729380578125 0.5104120625 0.7010386875 0.523740234375 0.669903921875 0.548144484375 0.6557475 0.566114953125 0.6536968125 0.594644546875 0.670273390625 0.61165784375 0.6518090625 0.637971203125 0.643059296875 0.662472671875 0.646683109375 0.681901859375 0.6593680625 0.695117375 0.63717503125 0.732430046875 0.657391578125 0.725392296875 0.694689734375 0.7362789375 0.71088071875 0.73325909375 0.71441578125 0.73963653125 0.740053515625 0.750436171875 0.739280671875 0.7651565 0.74519234375 0.772598546875 0.769805546875 0.77026965625 0.787303421875 0.776053359375 0.8184381875 0.751649109375 0.8396050625 0.75599453125 0.850774984375 0.766476859375 0.84942290625 0.778540765625 0.83798515625 0.783689828125 0.829993734375 0.7821645625 0.812524890625 0.798993671875 0.77375528125 0.81929303125 0.77023471875 0.824221984375 0.77535903125 0.83507796875 0.741491078125 0.860997234375 0.733811046875 0.87775978125 0.73642484375 0.89536684375 0.764379484375 0.916792125 0.773541703125 0.920050390625 1 0.794522515625 1 0.789670109375
