79 0.1875 0.6046875 0.1328125 0.06874999999999998
79 0.47890625 0.58515625 0.12812500000000004 0.06953125000000004
79 0.32109375 0.59453125 0.11875000000000002 0.06953125000000004
79 0.20156250000000003 0.5492187499999999 0.13437500000000002 0.06484374999999998
79 0.33359375 0.5414062499999999 0.1328125 0.06874999999999998
79 0.6140625 0.5734375 0.13515624999999998 0.06015625000000002
79 0.75625 0.55859375 0.13671875 0.059374999999999956
79 0.46562500000000007 0.528125 0.12187500000000001 0.0546875
79 0.59765625 0.521875 0.11406249999999996 0.055468749999999956
79 0.72421875 0.51015625 0.12812500000000004 0.05312500000000003
79 0.21796875 0.49765625 0.11562499999999998 0.051562499999999956
79 0.3421875 0.4921875 0.11015625000000001 0.04843749999999997
79 0.4546875 0.4828125 0.10703124999999997 0.055468749999999956
79 0.57578125 0.47187500000000004 0.1171875 0.04765625000000001
79 0.69453125 0.46406250000000004 0.11171874999999998 0.04765625000000001
79 0.22890624999999998 0.45 0.10937499999999997 0.05312499999999998
79 0.34609375 0.4515625 0.10390625000000003 0.03984375000000001
79 0.44921875 0.44140625 0.08984375 0.04453125000000002
79 0.55703125 0.43359375 0.08984375 0.03984375000000001
79 0.66328125 0.41640625 0.11875000000000002 0.05234375000000002
