34 0.4724525630238843 0.4162870240114508 0.26922841940916387 0.26933326365622184
34 0.2419484745511986 0.34394938953645005 0.31546833189549695 0.3102785416661295
34 0.3047203145421318 0.5476882547676946 0.30958469970547314 0.3062296837996195
34 0.5981938364373232 0.27238324643966716 0.3348173270097946 0.33728116681565595
34 0.815556703669515 0.3186563631643163 0.32467240304697176 0.32535389065284825
34 0.6716858710438111 0.4716538768161699 0.2101604457174242 0.21141857668211944
34 0.5034722145076914 0.5316887847349039 0.3661309206434759 0.3622516835023326
34 0.3725798459275477 0.6676051816450719 0.3597699985173449 0.35426567554680366
34 0.36808252495274996 0.8320288828586517 0.3820601233736111 0.33594223428269643
34 0.5479586016218593 0.7594463321927838 0.29682004227228864 0.29802575111345486
34 0.6413254845762577 0.59851935082719 0.21505080297257095 0.2186679294960695
34 0.7874628228684868 0.5025936520547153 0.3079596138760753 0.3078547696290173
34 0.8664174717783564 0.3366714691869169 0.26716505644328725 0.35014929578981163
