86 0.44140625 0.67734375 0.2265625 0.1953125
86 0.7124999999999999 0.584375 0.2515625 0.16796875
86 0.78125 0.3828125 0.22265625 0.15781249999999997
86 0.67421875 0.24296875 0.19453125000000004 0.13124999999999998
86 0.51796875 0.3296875 0.19375000000000003 0.1484375
86 0.48828125 0.47578125 0.22031249999999997 0.14609375000000002
86 0.28046875 0.40390625 0.21640625000000002 0.1796875
86 0.2265625 0.56953125 0.23984375000000002 0.17109374999999993
86 0.296875 0.2546875 0.19453125000000002 0.13046875000000002
86 0.45078125 0.2015625 0.17734374999999997 0.11953125000000003
