86 0.5917058944111226 0.7832953117572766 0.4574551333306095 0.43340937648544675
86 0.7897815816709788 0.6560683292690364 0.4141676570362849 0.40609931606141414
86 0.8380622661555461 0.4441563358255758 0.32387546768890774 0.42608835535451717
86 0.8063217317683912 0.24906424236686822 0.34950237496665504 0.34601336265319743
86 0.6061278653425701 0.4714817214149537 0.3229697631323043 0.3206582924746386
86 0.3978083684015984 0.516199902391884 0.30738301989010836 0.30533322515595207
86 0.35189820197031785 0.7535310939973641 0.34706948678524857 0.3429262846630178
86 0.21867927318915584 0.5581063581885055 0.2885646838096165 0.2855117980353411
86 0.20631895879559004 0.3711757619143677 0.27440089926552713 0.273179744955817
86 0.38207878476480095 0.35593959435703243 0.27634037136747147 0.27455225255682447
