8 0.2050576914065953 0.44543209220165786 0.4101153828131906 0.462597546709692
8 0.3807378654282099 0.779114567301816 0.49896548174297284 0.441770865396368
8 0.5004369758324793 0.590788803845432 0.4248831123878478 0.38768510030877773
8 0.5651578814492717 0.39542306539839833 0.44561362961516215 0.4107587993993407
8 0.39752433644854956 0.1274338704132531 0.2517171213664185 0.2548677408265062
8 0.5685748215306203 0.17091341240747357 0.29931774449741344 0.2821832271224087
8 0.7298150132074799 0.34720818731110503 0.31537494236003416 0.30116940231409
8 0.8068915817006816 0.569313588043787 0.26800792721409283 0.26859372267990506
8 0.8742043412247766 0.42679928473021067 0.25159131755044684 0.2788344697366938
8 0.6816185214234156 0.7911693755429944 0.3012002325714561 0.3438168527092884
