86 0.64375 0.75078125 0.16796875 0.33515624999999993
86 0.87890625 0.75859375 0.19687500000000002 0.31875
86 0.9242187499999999 0.4671875 0.13515624999999998 0.21953124999999996
86 0.58984375 0.49531250000000004 0.13906249999999998 0.20703125000000006
86 0.40625 0.5265625 0.159375 0.25156249999999997
86 0.425 0.79375 0.16562500000000002 0.34921875
86 0.190625 0.78984375 0.203125 0.35859374999999993
86 0.2125 0.52734375 0.14921875 0.1953125
86 0.25234375 0.35234374999999996 0.12734375000000003 0.1609375
86 0.540625 0.3234375 0.11015624999999996 0.12109375
86 0.82890625 0.328125 0.10703125000000002 0.17343749999999997
86 0.65234375 0.20390625 0.09375 0.1171875
86 0.7632812500000001 0.20468749999999997 0.09921875000000002 0.11953124999999998
86 0.8671875 0.1859375 0.10390624999999998 0.128125
86 0.1578125 0.22890625000000003 0.11093749999999998 0.15000000000000002
