8 0.2515625 0.721875 0.030468750000000017 0.05625000000000002
8 0.29921875 0.7234375 0.02656249999999999 0.09140625000000002
8 0.19609375 0.70234375 0.04374999999999998 0.09687500000000004
8 0.2625 0.66015625 0.03359374999999998 0.042187500000000044
8 0.3109375 0.6328125 0.01953125 0.08671874999999996
8 0.33906250000000004 0.5835937499999999 0.02421875000000001 0.10781249999999998
8 0.35 0.70390625 0.025000000000000022 0.08046874999999998
8 0.38125 0.5453125 0.03671875000000002 0.09843749999999996
8 0.36875 0.65703125 0.04921874999999998 0.10312500000000002
8 0.340625 0.52265625 0.0390625 0.08515625000000004
8 0.42265625 0.5984375 0.025781249999999978 0.09843749999999996
8 0.37734375 0.7359375000000001 0.028906250000000022 0.10312500000000002
8 0.33203125 0.765625 0.03437499999999999 0.07890624999999996
8 0.2296875 0.79296875 0.10312500000000002 0.07578125000000002
