34 0.4859375 0.31953125 0.20781249999999996 0.171875
34 0.6656250000000001 0.32109375 0.20468750000000002 0.125
34 0.565625 0.22734375 0.17890624999999993 0.16171875000000002
34 0.36406249999999996 0.2453125 0.21171875 0.15390625000000002
34 0.346875 0.33046875 0.20234374999999996 0.09062500000000001
34 0.41093750000000007 0.41406249999999994 0.20234375000000004 0.17890624999999993
34 0.47109375 0.6140625 0.22968750000000004 0.28281249999999997
34 0.6499999999999999 0.45703125 0.19765624999999998 0.11328125
34 0.6546874999999999 0.6671875 0.15468749999999998 0.29609374999999993
34 0.29296875 0.478125 0.21406250000000002 0.19375000000000003
34 0.2203125 0.63203125 0.20937500000000003 0.29218749999999993
34 0.35859375 0.87890625 0.24687500000000004 0.22265625
34 0.60625 0.79765625 0.22265625 0.28984375000000007
34 0.7578125 0.71328125 0.11796874999999996 0.18046874999999996
34 0.73125 0.5914062499999999 0.19296875000000002 0.14296874999999998
34 0.74140625 0.4578125 0.17031249999999998 0.13750000000000007
