34 0.56640625 0.5859375 0.11250000000000004 0.14609375000000002
34 0.81953125 0.7078125 0.08906250000000004 0.21406249999999993
34 0.50625 0.3078125 0.20078124999999997 0.11562499999999998
34 0.48984375 0.07109375 0.13671875 0.1015625
34 0.40078125 0.1125 0.12421874999999999 0.2171875
34 0.2234375 0.17578125 0.12890625 0.12343749999999999
34 0.22109375 0.375 0.18046875 0.13906250000000003
34 0.09609375 0.43359375 0.1015625 0.19296874999999997
34 0.24218750000000003 0.70390625 0.10390625000000003 0.21718749999999998
34 0.36875 0.5171875 0.08124999999999999 0.24531250000000004
34 0.42890625 0.40390625 0.13828125000000002 0.1515625
34 0.45546875 0.52890625 0.11484374999999997 0.22421874999999997
34 0.5874999999999999 0.7453125 0.15859374999999998 0.22578124999999993
34 0.60390625 0.934375 0.15625 0.13124999999999998
