34 0.3 0.44921875000000006 0.1796875 0.35625000000000007
34 0.3640625 0.61484375 0.21718749999999998 0.3921875000000001
34 0.46562500000000007 0.6578125 0.24140625000000004 0.2734375
34 0.64765625 0.6875 0.15234375 0.203125
34 0.90703125 0.5609375 0.18593749999999998 0.453125
34 0.9085937500000001 0.27265625 0.09921875000000002 0.30937500000000007
34 0.8078125 0.28203125 0.13671875 0.30625
34 0.71171875 0.259375 0.13750000000000007 0.28671875
34 0.621875 0.24609375 0.13984374999999993 0.24296874999999998
34 0.5390625 0.24609375000000003 0.11796874999999996 0.22109375000000003
34 0.4546875 0.19921875 0.12578124999999996 0.19453125000000002
