34 0.4265625 0.20859375 0.33281250000000007 0.253125
34 0.81171875 0.41406249999999994 0.24296875000000007 0.25703124999999993
34 0.5796875 0.40078125 0.2593750000000001 0.27031249999999996
34 0.3421875 0.396875 0.30078125 0.20937500000000003
34 0.2515625 0.57578125 0.24374999999999997 0.20468749999999997
34 0.46406249999999993 0.5890625 0.20781249999999996 0.21328125000000003
34 0.68515625 0.58515625 0.24609375 0.2421875
34 0.8984375 0.590625 0.19921875 0.30312500000000003
34 0.78984375 0.76484375 0.19609375000000007 0.24296875000000007
34 0.596875 0.6984375 0.18203124999999998 0.24687500000000007
34 0.39375 0.74453125 0.23593750000000002 0.25859374999999996
34 0.13046875 0.765625 0.2609375 0.2890625
