79 0.35024150750055605 0.1259785648170017 0.3435410373018222 0.2519571296340034
79 0.4668927324918658 0.2001005577869353 0.32831010695827256 0.3221975657263043
79 0.14489218756304767 0.2864486686821889 0.28978437512609534 0.3444543715371613
79 0.22245494872231633 0.3850686160054923 0.3536812182967278 0.3476301096399551
79 0.5613939791461946 0.3193360281327607 0.33054967782204897 0.324375704014885
79 0.33545501268578215 0.5147661088332842 0.34785191898030327 0.3424151360754871
79 0.6683510888454834 0.42786510476126954 0.33927826865288696 0.3322135225053858
79 0.4402179464199752 0.6425765885719585 0.3612746655518787 0.3543942171299647
79 0.7908316131532178 0.5346153548399697 0.3598016428126155 0.3536583852930494
79 0.862149725580775 0.6533300073620647 0.2757005488384501 0.35819895959579784
79 0.5575742869606024 0.7746058011263204 0.37535577370865864 0.36902821846350553
79 0.6871875142095203 0.8486550127963881 0.378101483785083 0.30268997440722367
