79 0.16562500000000002 0.7390625 0.17187500000000003 0.22734375000000007
79 0.3359375 0.73828125 0.15468750000000003 0.23046875
79 0.8609375 0.72265625 0.15312499999999996 0.24687500000000007
79 0.68984375 0.7390625 0.16328125000000004 0.22421875000000002
79 0.20546875 0.56015625 0.14921875 0.17578125
79 0.5078125 0.74765625 0.16015625 0.23359375000000004
79 0.36015624999999996 0.5703125 0.15703125 0.19921875
79 0.52421875 0.5671875 0.14999999999999997 0.17499999999999993
79 0.6875 0.5640625 0.13984374999999993 0.18203125000000003
79 0.84296875 0.56484375 0.14218750000000002 0.15234375
79 0.825 0.43671875000000004 0.14140625000000007 0.14843750000000006
79 0.67265625 0.42890625 0.15156249999999993 0.11875000000000002
79 0.51796875 0.43515625 0.13437499999999997 0.13125000000000003
79 0.36953125 0.43671875000000004 0.14453125 0.14062500000000006
79 0.221875 0.4296875 0.15234375 0.12031249999999999
