34 0.0935544067033641 0.6907378500060684 0.1871088134067282 0.5564546288163333
34 0.23077892820403753 0.6929842348267294 0.21313061884561885 0.5571460029392251
34 0.37239065803114146 0.7057671582648697 0.1763619956834594 0.4234018496930654
34 0.5329311068814617 0.7869349750289676 0.2075886415547103 0.37605708067873966
34 0.6839226489136512 0.7566367094217734 0.23509162558595254 0.39860511061809856
34 0.7974530315033161 0.7676692289371339 0.28000443870490876 0.4088332450938724
34 0.7435563661497033 0.4349138669832305 0.18249015264939927 0.35449784469620227
34 0.5984646349351173 0.39985287267022274 0.16917597107510474 0.37799189351875445
34 0.48124903558265747 0.377505728109762 0.19733853846338578 0.36509912700286035
34 0.3352332541004286 0.33530148426202777 0.1481083859940343 0.35834000960679363
