79 0.196875 0.478125 0.13046874999999997 0.08281249999999996
79 0.5578125 0.475 0.12343750000000003 0.08671874999999996
79 0.57265625 0.6585937500000001 0.13593750000000004 0.09921875000000002
79 0.17109375 0.659375 0.13984375 0.10390624999999998
79 0.14921875 0.8890625 0.15390625000000002 0.12812500000000004
79 0.5828125 0.8765625000000001 0.14296874999999998 0.11875000000000002
79 0.31953125 0.478125 0.13124999999999998 0.08437500000000003
79 0.43437499999999996 0.47343749999999996 0.12421874999999999 0.08984374999999994
79 0.18046875 0.56640625 0.13828125000000002 0.0859375
79 0.31015625 0.565625 0.12343750000000003 0.08281249999999996
79 0.43515625 0.5625 0.13046874999999997 0.08671874999999996
79 0.30859375 0.671875 0.13906250000000003 0.10312500000000002
79 0.4328125 0.66328125 0.13515624999999998 0.10703125000000002
79 0.565625 0.5609375000000001 0.13671875 0.09531250000000002
79 0.67578125 0.4671875 0.11796874999999996 0.09531249999999997
79 0.80390625 0.4765625 0.12421875000000004 0.08203125
79 0.6851562499999999 0.5609375 0.12734374999999998 0.09687500000000004
79 0.81640625 0.55859375 0.13750000000000007 0.08984375
79 0.6953125 0.6539062500000001 0.12187499999999996 0.08750000000000002
79 0.8328125 0.653125 0.12656250000000002 0.09296875000000004
79 0.8515625 0.7546875 0.16718749999999993 0.10781249999999998
79 0.8640625 0.86640625 0.15468749999999998 0.10468750000000004
79 0.7210937500000001 0.8617187500000001 0.14609375000000002 0.10703125000000002
79 0.7109375 0.7554687499999999 0.1328125 0.11171874999999998
79 0.57265625 0.76015625 0.12890625 0.109375
79 0.44062500000000004 0.76640625 0.12890625000000006 0.10468750000000004
79 0.44140625 0.8804687499999999 0.140625 0.11562499999999998
79 0.2859375 0.88828125 0.14218750000000002 0.13203125000000004
79 0.14296875 0.7703125 0.153125 0.09531250000000002
79 0.29765625 0.76953125 0.12812499999999996 0.10234374999999996
