79 0.2057447690081823 0.6436783675149622 0.14827615352732243 0.14542647101020245
79 0.4665752711093226 0.38382321526619567 0.14356476310971306 0.14020055458255753
79 0.6806226236690069 0.5346664357013634 0.17924955532251763 0.17738934590161987
79 0.3649506994361655 0.8594423739715193 0.20062410345654402 0.19797231555866868
79 0.4459942307079008 0.9216584235750036 0.2311048010349983 0.1566831528499928
79 0.7726325138060681 0.6048512185946548 0.20799690957710204 0.2060575423085066
79 0.5515553037486871 0.8351755674373404 0.2211674941897438 0.21938644261654394
79 0.667427651079922 0.7177170661929662 0.20559072454780114 0.2040471465176944
79 0.8796716994970766 0.48707608595948965 0.21408949766668195 0.21211055147423774
79 0.9395075582213039 0.380478899276708 0.12098488355739212 0.1906609101552541
79 0.8766566396626368 0.3244501094295399 0.1861119000957807 0.18377674358869633
79 0.7768360090595314 0.4259005375323741 0.17382980893836875 0.1706634950304577
79 0.5761875176265439 0.6414792741339437 0.18496817596690351 0.182712177307517
79 0.47894914487868906 0.7479973029690274 0.17867769325807903 0.1768570627610302
79 0.2993433792415314 0.7774900259308515 0.17731831737940335 0.17490400302462117
79 0.40468473586977843 0.6762374924472616 0.17193408525636267 0.17035092830240717
79 0.5006210687933604 0.5752006107134703 0.16308316648558213 0.16043137858770667
79 0.5969313691621367 0.47915217186423087 0.17053513045383795 0.1684374474898469
79 0.6942666568882436 0.38535160234889687 0.15884265849141876 0.15694287014667213
79 0.7857864089917124 0.28415640491971017 0.17179759135426187 0.1693832769994797
79 0.7019150169961519 0.2490886168375253 0.1456938956720717 0.14248800284031182
79 0.613571206605667 0.3387892369235373 0.14537726428128073 0.142804634231103
79 0.5269429824084979 0.42689300758778015 0.16247172549729477 0.15993867437096587
79 0.43075141881126827 0.5196290108219347 0.1612092645968709 0.15899284486133314
79 0.3361567046358078 0.614080600249405 0.1611301067491731 0.15907200270903088
79 0.24625562374740267 0.700961488937073 0.1560843278102183 0.1530763295977028
79 0.2902834395668416 0.5521830033879368 0.14831573245117136 0.14538689208635375
79 0.37527523541839275 0.46346779173540636 0.12609633444850477 0.12233633668286037
79 0.4565192274925212 0.3867794405666406 0.1352816417406305 0.13302564308124387
79 0.5440141233516252 0.3053401200564164 0.14444919190220212 0.14262856140515323
79 0.6354724747379508 0.2212789627670925 0.13547953635987497 0.13282774846199946
