79 0.79375 0.09843749999999998 0.12656250000000002 0.16875
79 0.5578125 0.57578125 0.12812499999999993 0.16874999999999996
79 0.2984375 0.575 0.13125000000000003 0.16953124999999997
79 0.29921875 0.92109375 0.13906250000000003 0.15703125000000007
79 0.559375 0.89765625 0.11484375000000002 0.17109374999999993
79 0.43281249999999993 0.91484375 0.12578125 0.16562500000000002
79 0.6773437499999999 0.89765625 0.11562499999999998 0.16093750000000007
79 0.78828125 0.884375 0.10781249999999998 0.14453125
79 0.30078125 0.75390625 0.13359374999999998 0.16328124999999993
79 0.42890625000000004 0.746875 0.128125 0.1640625
79 0.55859375 0.7328125 0.11953125000000003 0.14921874999999996
79 0.67734375 0.71875 0.12187499999999996 0.13437500000000002
79 0.78671875 0.71796875 0.11796874999999996 0.15390625000000002
79 0.540625 0.56328125 0.09375 0.14765624999999993
79 0.42734375 0.575 0.12656249999999997 0.15781249999999997
79 0.6742187500000001 0.55390625 0.11875000000000002 0.13203124999999993
79 0.79140625 0.5609375 0.11250000000000004 0.14296875000000003
79 0.29921875 0.40390625 0.12031250000000002 0.159375
79 0.553125 0.39921875000000007 0.11171875000000003 0.14375
79 0.6765625 0.40703124999999996 0.12109375 0.14140625
79 0.79609375 0.409375 0.11093750000000002 0.14609375000000002
79 0.7867187499999999 0.24765624999999997 0.10781249999999998 0.12343749999999998
79 0.67890625 0.25234375 0.11953124999999998 0.15546875000000002
79 0.565625 0.07109375 0.12265625000000002 0.1421875
79 0.67890625 0.08828125 0.10468750000000004 0.14218749999999997
