79 0.19180623973412061 0.5210822811500586 0.12507034833036784 0.12711830741165375
79 0.13259143956923664 0.4514496021803726 0.12075434800785956 0.12262422369077275
79 0.7206456473198561 0.5472143474789618 0.19485254505355687 0.20820879993150826
79 0.602066104383715 0.40294879641559 0.10965270125443638 0.11170066033572229
79 0.45410407527469177 0.23136719555337468 0.13751685921796247 0.1433045696650747
79 0.5272509544213388 0.31376517276902494 0.12281154573552178 0.12717458899565254
79 0.5566141135957272 0.5195417060305025 0.10054735132148862 0.104287102687315
79 0.6965720532772264 0.7010065106495317 0.11688817550447095 0.12098409366704277
79 0.25147086771812444 0.6057155394917437 0.13063755176467312 0.1336649695370088
79 0.3129818499162301 0.6949319232534965 0.11956404580324947 0.12161200488453539
79 0.36978790487989477 0.7737917539705044 0.10905755015213142 0.11119455093260366
79 0.11976439071034464 0.7197682385918164 0.11902979560813148 0.12214625507965349
79 0.15914768798409645 0.6165403976483612 0.11325174866026588 0.11360791545701121
