79 0.49453125 0.29453125 0.13046874999999997 0.09687500000000002
79 0.3765625 0.17265625 0.11171875000000003 0.08906250000000002
79 0.365625 0.28125 0.09296874999999999 0.09140624999999997
79 0.60859375 0.5640625 0.15781250000000002 0.13203125000000004
79 0.20859375 0.7703125 0.11093749999999997 0.08828124999999998
79 0.15859375 0.05234375000000001 0.13125000000000003 0.10390625
79 0.28359375 0.0625 0.12109375 0.10703125
79 0.38671875 0.07890625 0.10390625000000003 0.1078125
79 0.1484375 0.14140625 0.13046875000000002 0.09140625000000001
79 0.26484375 0.1625 0.13046875000000002 0.09218750000000002
79 0.134375 0.25 0.12421874999999999 0.09296875000000002
79 0.25625 0.265625 0.14765625000000002 0.09140624999999997
79 0.11328125 0.340625 0.13359375 0.08359375000000002
79 0.2328125 0.3609375 0.12421874999999999 0.09531249999999997
79 0.33828125 0.3828125 0.12343750000000003 0.08906249999999999
79 0.09921875 0.4296875 0.11640624999999999 0.08749999999999997
79 0.21249999999999997 0.45390625 0.14687499999999998 0.08046874999999998
79 0.3265625 0.4625 0.11171875000000003 0.08828125000000003
79 0.46875 0.38984374999999993 0.11640625000000004 0.10859374999999999
79 0.446875 0.47265625 0.12421875000000004 0.0625
79 0.61953125 0.30625 0.10624999999999996 0.09453125000000001
79 0.74765625 0.3296875 0.12109375 0.10234375000000001
79 0.5835937500000001 0.4078125 0.12265625000000002 0.10703124999999997
79 0.71640625 0.41953125 0.1171875 0.09218750000000003
79 0.11875 0.6156249999999999 0.11328125 0.08046874999999998
79 0.20859374999999997 0.5953124999999999 0.11562499999999998 0.09218749999999998
79 0.31328125 0.5859375 0.13515624999999998 0.10312500000000002
79 0.46328125 0.58203125 0.13359374999999996 0.12109375
79 0.165625 0.69140625 0.125 0.0703125
79 0.26875 0.68828125 0.12265625000000002 0.09296875000000004
79 0.38515625 0.675 0.12421874999999999 0.0859375
79 0.50859375 0.6640625 0.13515625000000003 0.09140625000000002
79 0.64296875 0.6640625 0.16796875 0.09921875000000002
79 0.32890625 0.76328125 0.13515624999999998 0.08906250000000004
79 0.55859375 0.7398437500000001 0.13046874999999997 0.07968750000000002
79 0.690625 0.7421875 0.14374999999999993 0.0703125
