79 0.3342305145115714 0.09363946979234641 0.1966223910162624 0.18727893958469283
79 0.2118478131227593 0.7336941816095904 0.24166740691767796 0.22587100305934515
79 0.7982328237988847 0.2629448961484518 0.24393849603614626 0.23122874580530384
79 0.4597940068748225 0.8954912311228962 0.2682783864346439 0.20901753775420773
79 0.9184172617196557 0.34694367242918134 0.1631654765606887 0.18999324728637368
79 0.585659296597142 0.7758102579365846 0.2667339947187839 0.2531164051857384
79 0.7109781788947562 0.6085146970486706 0.2311326373645095 0.2167887763897015
79 0.8350269380909778 0.46228910122793954 0.23948859259239064 0.22804981738463237
79 0.32010911363841243 0.8234159661613892 0.24811583470881798 0.23359040587356938
79 0.4449751411870399 0.6756464045856443 0.2329495938514533 0.22151081864369504
79 0.5648465617105898 0.5343252708010391 0.21841820156436176 0.20552688347307874
79 0.6830838714901744 0.4028126351278401 0.22268696310852276 0.21106662004032384
79 0.32390968584313345 0.6056330391281466 0.23158591807434215 0.21306599630940015
79 0.43624369737374563 0.4725768636607795 0.21787349798304 0.20607158705440065
79 0.5509397949334695 0.35223512399356005 0.20824699369292055 0.19826076136868703
79 0.6592780356518505 0.22299357743882936 0.20770229011159858 0.19880546495000884
79 0.10949023681692424 0.6522365034533375 0.21006139441478883 0.18990736190588142
79 0.2182826101668298 0.523630657390572 0.20152514920900472 0.18536560962979065
79 0.33188930056390986 0.4098279164642899 0.2015264270915424 0.1919033304881902
79 0.4315101541769122 0.29929552683016836 0.19852821460961984 0.18291337861172763
79 0.5283147891292785 0.17541300090393408 0.19244505234359066 0.18572704150728825
79 0.42959240367986884 0.13264375969029202 0.2053410560041788 0.1968073665634703
79 0.32597577925463556 0.24699077823704993 0.1858146307311641 0.17600996626737125
79 0.228443594977969 0.35507093685310853 0.1820000018185276 0.17110593019209114
79 0.1206492059192179 0.4676018508346145 0.1890837041407869 0.17710022535170689
79 0.057944027311295776 0.5721399453091205 0.11588805462259155 0.17319417356758116
79 0.0642507417161084 0.41193532807784633 0.1285014834322168 0.17010666801839902
79 0.13644092420824563 0.2988601364758644 0.18309026090286312 0.17437500360171398
79 0.23288412728311436 0.20403954320212125 0.17555285190992542 0.16992424823626662
