51 0.24296875 0.24765625 0.17656250000000004 0.3015625
51 0.26328125 0.5890625 0.23593749999999997 0.24062500000000003
51 0.3828125 0.76484375 0.159375 0.30781249999999993
51 0.6921875 0.77109375 0.19062499999999993 0.22968750000000004
51 0.340625 0.39609375 0.234375 0.2578125
51 0.45312499999999994 0.18125 0.20624999999999993 0.22500000000000003
51 0.64921875 0.2921875 0.22968749999999993 0.275
51 0.76328125 0.43749999999999994 0.1953125 0.28437499999999993
51 0.7234375 0.60703125 0.18437500000000007 0.1640625
51 0.528125 0.79296875 0.13437499999999997 0.2578125
