51 0.19296875 0.59296875 0.1296875 0.20468749999999997
51 0.74140625 0.73515625 0.20781250000000007 0.2734375
51 0.61640625 0.3234375 0.15156249999999993 0.28437499999999993
51 0.45546875 0.3234375 0.17031250000000003 0.17812499999999998
51 0.2921875 0.290625 0.18437500000000004 0.24062500000000003
51 0.12578125 0.30703125 0.1796875 0.2578125
51 0.37578125 0.80625 0.13906249999999998 0.21562499999999996
51 0.46874999999999994 0.5171875 0.17499999999999993 0.22500000000000003
51 0.70390625 0.503125 0.18906250000000002 0.20937500000000003
51 0.909375 0.5953125 0.15312500000000007 0.29374999999999996
51 0.7796874999999999 0.17109375 0.22499999999999998 0.29218749999999993
51 0.53984375 0.115625 0.1953125 0.23125
51 0.35546875 0.0921875 0.18906249999999997 0.184375
51 0.2203125 0.1109375 0.09687499999999999 0.17812500000000003
51 0.17421874999999998 0.8453125 0.0921875 0.15937500000000004
51 0.31328125 0.86015625 0.1796875 0.18593749999999998
51 0.6703124999999999 0.94453125 0.11562499999999998 0.11093749999999991
