51 0.167709005070939 0.41057918164241625 0.335418010141878 0.3672184157231088
51 0.2607154429223036 0.6419188924463306 0.3935419436848485 0.3906883838967594
51 0.5685571286795437 0.7336935263284832 0.353322138985507 0.34917150656646834
51 0.7131835694840681 0.48124590985027627 0.36142124366397343 0.3609542975168316
51 0.49770760977509887 0.5270225568714229 0.37807824708464777 0.37522468729655867
51 0.7848469107055205 0.27681683802390866 0.2957599203919381 0.296278749444318
51 0.6479264716398663 0.10960887263613059 0.2720305376920976 0.21921774527226118
51 0.40455141202315825 0.16385466133616866 0.3772590533062996 0.3277093226723373
51 0.3515616508629022 0.3500802074415604 0.33670608576461125 0.3370692661012772
51 0.5950459426428161 0.2646230598733416 0.3794681528206139 0.37604388107490694
