51 0.22669870396164207 0.7650395758732389 0.23364708186258415 0.26114256748496434
51 0.3738248758149364 0.8155799459640872 0.24292690107723908 0.2771286027050779
51 0.6266706662984738 0.7211311834801082 0.21039309222945335 0.23386484824855847
51 0.7651494902250071 0.6607904995560412 0.22352465503659114 0.20810035822403639
51 0.7926699283525409 0.5105605374948945 0.17469342151479106 0.20218890713717141
51 0.6830761915216144 0.4231354637946332 0.20900503749439847 0.2331474151140494
51 0.468517903928215 0.6851185765733734 0.2536100351520097 0.2643399807607435
51 0.8241672845493866 0.37645704525575097 0.174521435503999 0.16446211149581108
51 0.6381445442850417 0.2820677765338427 0.2255680712471313 0.2376392600569568
51 0.6230016322556569 0.13441090210250162 0.16274637602301356 0.1593932680202842
51 0.4701120739799177 0.17499113899805654 0.19499931566701995 0.19030496446319894
51 0.254618586866035 0.35030630826186804 0.20320350075930182 0.24947639119696613
51 0.2829948304124051 0.5012852548664264 0.22302601944683753 0.24649777546594276
51 0.4836394725081806 0.5214446310924069 0.178014978108618 0.1672850324998842
51 0.38068936444429824 0.48582229216182937 0.19043013894002786 0.23066743497277958
51 0.45216758439587895 0.34072376081462397 0.22486589823768288 0.2067591150229447
51 0.32805371444336917 0.26777963876451305 0.1726815567131536 0.2042007719388091
