51 0.3816973624186024 0.5758044011278172 0.24441286582381977 0.2439158067447097
51 0.23744039319984334 0.4514069860787877 0.26522947869079405 0.2650822019266133
51 0.6512120348721768 0.2537638634096519 0.32083847066555937 0.31995481008047466
51 0.301376686504251 0.2701848249407104 0.24443127541934234 0.243897397149187
51 0.4596472022345934 0.8344462852658543 0.28767558103144875 0.2868287396374093
51 0.2558960955760097 0.8222522480666752 0.26420750586935954 0.2638945427454754
51 0.10732697680597553 0.6661696738291192 0.21465395361195105 0.25299365949679353
51 0.08309914542368352 0.5271977001449282 0.16619829084736704 0.2295808131212721
51 0.5595724983557608 0.44469924861527305 0.2330885618781181 0.23314379066468593
51 0.4261054742726873 0.1119303367663465 0.2769956129290381 0.223860673532693
51 0.8780897403009622 0.612409644854723 0.24382051939807547 0.3451354581660264
51 0.7477872651480921 0.5313441011314977 0.25350912817142623 0.2524966004176833
51 0.8441545465296219 0.3697277615498884 0.25326980342963246 0.2527359251594772
51 0.5792161001829955 0.899647219252756 0.2790211489763847 0.20070556149448804
51 0.6765638126610689 0.7252118150989186 0.2688660946162983 0.26807448200882655
