51 0.29448287948913154 0.37427837867913827 0.2664687401471972 0.3095256442174437
51 0.131765835466773 0.5566385148073183 0.18833388160778053 0.2780357650874611
51 0.3134392226193991 0.5908019994326026 0.2771579904470325 0.31184271872584224
51 0.13369147697009076 0.3331901914013779 0.1773574886084629 0.207258116435023
51 0.5861449159136449 0.42536906728118 0.2607446495082157 0.33011410606583536
51 0.5598397440418568 0.6764850935238726 0.27471289847546865 0.2938493002844672
51 0.7602435466416981 0.6937981430754053 0.3035858002261477 0.4136201106278891
51 0.8703308987888786 0.5452294066990307 0.23567199007847983 0.2882970950532257
51 0.6535456556787782 0.2237006439362615 0.19833000284635027 0.22344653022066086
51 0.8343961031216942 0.30200918106869756 0.22284672447885023 0.30298040705403156
