51 0.19765625 0.50625 0.1671875 0.14375000000000004
51 0.33046875 0.7953125000000001 0.16718750000000002 0.21250000000000002
51 0.4875 0.81015625 0.11875000000000002 0.19218749999999996
51 0.47343749999999996 0.63515625 0.18749999999999994 0.16718750000000004
51 0.4640625 0.4484375 0.14687499999999998 0.16562500000000002
51 0.346875 0.20859375 0.20000000000000004 0.17343749999999997
51 0.478125 0.2984375 0.16250000000000003 0.15312499999999998
51 0.31796875 0.3734375 0.17031250000000003 0.18124999999999997
51 0.196875 0.3765625 0.14687500000000003 0.203125
51 0.5875 0.56953125 0.17500000000000004 0.18593750000000003
51 0.59765625 0.775 0.1328125 0.20625000000000004
51 0.71484375 0.715625 0.13906249999999998 0.19687500000000002
51 0.74140625 0.5171875 0.15781250000000002 0.19999999999999996
51 0.66953125 0.346875 0.16718750000000004 0.15625
51 0.65546875 0.2171875 0.09531250000000002 0.10625000000000001
51 0.5296875 0.20703125 0.14687500000000003 0.1953125
51 0.8062499999999999 0.45312500000000006 0.14687499999999998 0.21562500000000007
51 0.22812500000000002 0.6890625 0.15625000000000003 0.19062500000000004
