51 0.32939411288818865 0.4638582106275593 0.21063891932681822 0.24021236493032116
51 0.5651009003895776 0.4926192610445302 0.18624296134037682 0.19636019273104888
51 0.6983562150298908 0.6036116709896413 0.1956504152067019 0.22211086653615209
51 0.7232494515880401 0.3215504197871586 0.1795954288929984 0.22162085159271294
51 0.5494206889117219 0.2376309798507962 0.17127607029693798 0.16582833031734528
51 0.2681358703706853 0.2696994533278517 0.20543618681894515 0.25368759806676566
51 0.08345290152703641 0.46734044311219425 0.16690580305407282 0.2540443027360062
51 0.05021515038607949 0.6738935130022858 0.10043030077215898 0.18993242286457812
51 0.12852471091407328 0.706486325848928 0.18419644925991135 0.1818617035543717
51 0.5198091981638727 0.9346720258508773 0.21043713800845348 0.13065594829824545
51 0.7420768039579677 0.8942589488869497 0.2069242129118053 0.21148210222610064
51 0.7516896709567921 0.7092644063385465 0.16369536593017053 0.20649903719839824
51 0.40471667823769064 0.6875490032844822 0.1929589648319217 0.20618919049664663
51 0.2668188440801124 0.7571482174747233 0.18828947342084235 0.21085868190772616
51 0.25463711934643196 0.6212536692442558 0.1438572021572872 0.1477484449998534
51 0.11043578741494142 0.5794641744809248 0.22087157482988284 0.21246203701224164
51 0.5044046867697497 0.4505325420248534 0.18230849234445595 0.22511216361268377
