51 0.1390625 0.5890625 0.16562499999999997 0.265625
51 0.31484375 0.671875 0.19843750000000002 0.259375
51 0.50625 0.63984375 0.17500000000000004 0.2734375
51 0.659375 0.6484375 0.21875 0.3125
51 0.8343749999999999 0.546875 0.20937499999999998 0.26874999999999993
51 0.77578125 0.325 0.16718750000000004 0.25625
51 0.61328125 0.4171875 0.19843749999999993 0.19062499999999993
51 0.4296875 0.36015625 0.171875 0.20468750000000002
51 0.390625 0.46953125000000007 0.1875 0.16718750000000004
51 0.2453125 0.47421875 0.13124999999999998 0.21718750000000003
