61 0.2546875 0.30625 0.509375 0.5843749999999999
61 0.1515625 0.52421875 0.22812500000000002 0.14921875000000007
61 0.78828125 0.27421875 0.41796875 0.49531249999999993
61 0.35078125 0.79921875 0.4546875 0.39921874999999996
61 0.78125 0.9468750000000001 0.16796875 0.10312500000000002
61 0.92421875 0.9546875 0.12968749999999996 0.08906250000000004
61 0.9171875 0.646875 0.16328124999999993 0.09375
61 0.82109375 0.66015625 0.12968750000000007 0.12031250000000004
61 0.9750000000000001 0.70703125 0.04843750000000002 0.16328124999999993
61 0.8953125 0.78984375 0.09140625000000002 0.23281249999999998
61 0.7945312500000001 0.86328125 0.11093750000000002 0.271875
61 0.97265625 0.8796875 0.05312499999999998 0.19687500000000002
