20 0.03125 0.2796875 0.0625 0.1015625
20 0.03515625 0.17578125 0.06953124999999999 0.10546875
20 0.06015625 0.08281249999999998 0.1203125 0.128125
20 0.06015625 0.89140625 0.1203125 0.21562500000000007
20 0.07109375 0.0359375 0.1421875 0.071875
20 0.09140625 0.6375 0.18203125000000003 0.22031250000000002
20 0.1328125 0.4796875 0.2078125 0.17031249999999998
20 0.20390625 0.33671875 0.16328124999999996 0.16640624999999998
20 0.19765624999999998 0.21328125 0.14062499999999997 0.12343750000000003
20 0.2125 0.078125 0.12421874999999999 0.109375
20 0.21796875 0.1453125 0.12031250000000002 0.1328125
20 0.2421875 0.03515625 0.10859375000000002 0.0703125
20 0.34375 0.6765625 0.19843750000000002 0.17031249999999998
20 0.328125 0.52109375 0.15781249999999997 0.16093749999999996
20 0.371875 0.3671875 0.15859374999999998 0.10703124999999997
20 0.37734375 0.2625 0.14687500000000003 0.15156249999999996
20 0.42421875 0.9078125 0.23203124999999997 0.18281250000000004
20 0.384375 0.0984375 0.12734375000000003 0.13125
20 0.3921875 0.18359375 0.13125000000000003 0.128125
20 0.41093750000000007 0.04609375 0.07890625000000001 0.0921875
20 0.509375 0.0265625 0.09218750000000003 0.053125
20 0.528125 0.11875 0.10703124999999997 0.09765625
20 0.54765625 0.2015625 0.13515625000000003 0.11640624999999999
20 0.5609375 0.296875 0.14218749999999997 0.15156250000000002
20 0.546875 0.05546875 0.09921874999999997 0.09765625
20 0.58359375 0.525 0.16874999999999996 0.16171874999999997
20 0.58125 0.38984375 0.15390625000000002 0.15078124999999998
20 0.64296875 0.66875 0.1796875 0.20703125
20 0.6203125 0.028125 0.07187500000000002 0.05625
20 0.64765625 0.0453125 0.08437499999999998 0.0890625
20 0.675 0.0953125 0.09765625 0.08906249999999999
20 0.69375 0.1484375 0.10468750000000004 0.11796874999999998
20 0.71953125 0.22890625 0.12968750000000007 0.13125000000000003
20 0.7703125 0.3125 0.12578125000000007 0.13203125000000002
20 0.7421875 0.0296875 0.053906250000000044 0.05859375
20 0.815625 0.8828125 0.18359375 0.16953125000000002
20 0.7828125000000001 0.06171875 0.09921875000000002 0.10468750000000002
20 0.8070312500000001 0.42421875 0.13828125000000002 0.13125000000000003
20 0.8023437499999999 0.53359375 0.12734374999999998 0.1484375
20 0.80625 0.11875 0.10078125000000004 0.10468749999999999
20 0.8656250000000001 0.17421875 0.10703125000000002 0.12031249999999999
20 0.890625 0.2640625 0.12421875000000004 0.14218749999999997
20 0.9046875 0.66015625 0.15156250000000004 0.16718749999999993
20 0.8796875 0.037500000000000006 0.08984375 0.07421875
20 0.921875 0.06953125 0.09531250000000002 0.0875
20 0.9375 0.36328125 0.12343749999999998 0.13984375
20 0.94140625 0.4875 0.11640625000000004 0.14374999999999993
20 0.94453125 0.8734375000000001 0.10859375000000004 0.17734375000000002
20 0.9554687500000001 0.1265625 0.08750000000000002 0.10546875
20 0.96484375 0.18046875 0.06953125000000004 0.09687500000000002
20 0.98203125 0.6226562500000001 0.034375000000000044 0.12656250000000002
20 0.98359375 0.2609375 0.03125 0.09375
