20 0.4651032708224294 0.9561468727331089 0.1477000086884359 0.08770625453378211
20 0.15008603611717508 0.5896601673375361 0.30017207223435016 0.4858536680373374
20 0.3595236189676713 0.5267963902104372 0.550156028956544 0.5502599019125738
20 0.3973633381965914 0.38614737703761404 0.11001875236636621 0.10984346675306594
20 0.6834675757423716 0.4900293291992396 0.46839172677197827 0.4685085838475118
20 0.29477302268106154 0.8809173765027516 0.31944789608399055 0.23816524699449682
20 0.8640723225360816 0.43290131293093104 0.27185535492783686 0.3980198564738305
20 0.5264145437992178 0.8111086923880778 0.5424027058735899 0.3777826152238444
20 0.7908496199823924 0.7183135535560676 0.4183007600352152 0.4344183384378374
20 0.9350741480975637 0.6013101946302726 0.12985170380487243 0.2718971884443846
