20 0.5 0.5413916356643358 1.0 0.7482388263740486
20 0.5296579565346462 0.6440502418703543 0.9406840869307077 0.7118995162592914
20 0.5683680335664594 0.9565844057085098 0.12683447504611067 0.08683118858298045
20 0.4909026957759484 0.08318466550019038 0.4373478042320892 0.16636933100038076
20 0.5595763891495196 0.13166263169765124 0.4791730757762369 0.2633252633953025
20 0.6273319005337088 0.17534972233544227 0.5054367424584106 0.35069944467088454
20 0.6573600502447814 0.9037835550310616 0.12702020389304192 0.1571517854854666
20 0.5254110841509778 0.38109835157751426 0.08270901947561188 0.09275288000642012
20 0.7220420796185562 0.23757501920981444 0.46338086867112854 0.35289840283223806
20 0.72889795672997 0.843875350461246 0.12110081770023884 0.15067440704095203
20 0.7934920491617392 0.7728634422095937 0.13063679049817545 0.16021037983888853
20 0.8505074678739989 0.7191786722178568 0.09461258560848607 0.14092594250054613
20 0.9005790725328386 0.6543901985442832 0.11751964638551693 0.1504411892364994
20 0.9506868519306197 0.5916358913635148 0.0986262961387605 0.14786975655396595
20 0.9820922776249309 0.5295458223056928 0.0358154447501382 0.12917872675774655
