30 0.20625 0.6765625 0.4125 0.48125000000000007
30 0.328125 0.11875 0.35312499999999997 0.2375
30 0.38046875 0.684375 0.5078125 0.5687500000000001
30 0.52265625 0.9375 0.2421875 0.125
30 0.69921875 0.90078125 0.21406249999999993 0.19843750000000004
30 0.63984375 0.33125 0.4453125 0.459375
30 0.76015625 0.13203125 0.19843750000000004 0.175
30 0.828125 0.515625 0.15781250000000002 0.15781249999999997
30 0.9203125 0.24140625 0.15937500000000004 0.17343750000000002
30 0.9078125 0.4859375 0.18437499999999996 0.26875000000000004
