30 0.22578125 0.2234375 0.365625 0.22812500000000002
30 0.9046875000000001 0.16953124999999997 0.18515625000000002 0.3265625
30 0.2984375 0.42890625 0.44921875 0.17812499999999998
30 0.037500000000000006 0.6390625 0.07421875 0.19218749999999996
30 0.14921875 0.79296875 0.14218750000000002 0.11562499999999998
30 0.6968749999999999 0.5953125 0.2984375 0.23046875
30 0.9437500000000001 0.6703125 0.11093750000000002 0.14453125
30 0.5640625000000001 0.821875 0.09140625000000002 0.09375
30 0.9046875 0.8773437499999999 0.1875 0.10781249999999998
30 0.62109375 0.92890625 0.17031249999999998 0.13906249999999998
30 0.9015625 0.9820312499999999 0.16093750000000007 0.03359374999999998
30 0.33359375 0.46484375 0.12578125 0.09453124999999996
30 0.22578125 0.26015625 0.15156249999999996 0.07187499999999997
30 0.27109375 0.14375 0.140625 0.09296875000000002
30 0.13828125 0.1875 0.12109375 0.0875
30 0.70234375 0.5953124999999999 0.1953125 0.16249999999999998
