20 0.18984375 0.47890625 0.18593750000000003 0.18984375000000003
20 0.196875 0.6390625 0.19765625000000003 0.2578125
20 0.28984375 0.38828125 0.16796875 0.16796875
20 0.35468750000000004 0.76875 0.20625 0.22734375000000007
20 0.3734375 0.465625 0.18828125 0.18593749999999998
20 0.38984375 0.5953125 0.171875 0.16484374999999996
20 0.3859375 0.2859375 0.15000000000000002 0.19609375000000004
20 0.44296875 0.16328125 0.140625 0.18281249999999996
20 0.48906249999999996 0.3625 0.19140624999999994 0.16015625
20 0.51328125 0.83203125 0.18281250000000004 0.19921875
20 0.5453125 0.68046875 0.20078124999999997 0.18437500000000007
20 0.5140625 0.2546875 0.12578124999999996 0.12421875000000002
20 0.53671875 0.51015625 0.16796875 0.17656249999999996
20 0.61015625 0.1890625 0.13593749999999993 0.1453125
20 0.625 0.3078125 0.13203124999999993 0.11953124999999998
20 0.6609375 0.41718749999999993 0.16484375000000007 0.18828124999999996
20 0.71015625 0.6015625 0.19765624999999998 0.19921875
20 0.74921875 0.23203125 0.171875 0.1828125
20 0.7875000000000001 0.340625 0.15390625000000002 0.171875
20 0.81171875 0.49999999999999994 0.1796875 0.16328124999999993
