51 0.6980041555285365 0.7718272567614056 0.2961845252625477 0.2961845252625477
51 0.7050604710759715 0.5164547817586754 0.3207692318398656 0.23296705452054972
51 0.4684492261463969 0.4583875084801594 0.26590791239381806 0.3264611381312772
51 0.6608940379941086 0.3001542998950182 0.25025015629959413 0.2230012047177375
51 0.43984468129533283 0.14477262690428777 0.1759765869077814 0.28954525380857554
51 0.28228816734644324 0.15722226231290964 0.17292887044954192 0.24559274133449283
51 0.1303254878288364 0.26980088193639357 0.18777957329363115 0.2210838474492336
51 0.16703257493711504 0.4999415422836858 0.1536604222989144 0.2278381238273019
51 0.27412105158172095 0.6525173353278733 0.17949141110075978 0.20522653203917995
51 0.40329384676561025 0.8495415454519235 0.17389537267277322 0.17540920331620968
