26 0.3078958248454834 0.6625984964397051 0.13740885906387962 0.13103707130175346
26 0.25385089076460327 0.5665318357122793 0.10485881499485672 0.11726703326847099
26 0.2400983638177601 0.47866247670371287 0.1148174621972356 0.11783567745297968
26 0.4741774334352612 0.7903607951240528 0.09890112610674945 0.11164470163100193
26 0.29084519658784735 0.353941780234092 0.09048804854045911 0.08847590503662972
26 0.3226282734457738 0.4052309905590291 0.08965403318547327 0.08194081642079415
26 0.5350957513188868 0.7993308816609561 0.1215770822037221 0.1437106607458447
26 0.5359414601533639 0.7056758901612112 0.15108558232361385 0.1594695135895695
26 0.3567938732310464 0.3471209296906641 0.09376287942346051 0.09678109467920448
26 0.5247027310165651 0.33509478432005785 0.09268682159138464 0.09469896509521403
26 0.6087577612579562 0.34969595803764997 0.13579330334763007 0.15054902237571194
26 0.6688536990004919 0.4540678084076505 0.13971552003852095 0.15715409707170847
