20 0.12734375 0.6515625 0.2546875 0.29453125
20 0.15 0.3453125 0.23203125 0.25546875
20 0.203125 0.48515625 0.28203125 0.37421875
20 0.3265625 0.2078125 0.27578125 0.29375
20 0.28671875 0.8453125 0.19296875 0.30703125
20 0.4046875 0.68203125 0.2296875 0.2875
20 0.459375 0.39921875 0.24921875 0.359375
20 0.5703125 0.8546875 0.38671875 0.28828125
20 0.51796875 0.1625 0.21484375 0.3125
20 0.57734375 0.46171875 0.2140625 0.28359375
20 0.76484375 0.684375 0.3296875 0.5421875
20 0.75703125 0.11953125 0.2734375 0.2390625
20 0.79375 0.41171875 0.33671875 0.421875
