20 0.756995244306095 0.3201388011566612 0.41281137579874494 0.41398156036935296
20 0.5061510008152346 0.8521033829214462 0.5056080079038083 0.2957932341571077
20 0.1779388627833307 0.42066996672732926 0.3558777255666614 0.4283454178410646
20 0.34589608631993113 0.5874624997733937 0.40058114314725646 0.39861523306863506
20 0.5701302623940545 0.730810651008647 0.5456571004353626 0.5383786979827061
20 0.4885850076462204 0.41713035167429724 0.43366972249677505 0.42955067280823495
20 0.36225328702561654 0.2669074915858184 0.39378438552399425 0.3932695043129268
20 0.799028739276854 0.5593473805517382 0.40194252144629194 0.46377627564210144
20 0.4959845333152913 0.1537684515634602 0.389817494970189 0.3075369031269204
20 0.6740145162975739 0.16778715729767626 0.3908550351957575 0.33557431459535253
