20 0.7078125 0.21484375000000003 0.10859375000000004 0.11562500000000003
20 0.178125 0.47734374999999996 0.13437499999999997 0.07031249999999994
20 0.16953125 0.5390625 0.11328125 0.06953125000000004
20 0.1796875 0.4125 0.1328125 0.07421875
20 0.18671875 0.34609375 0.10624999999999998 0.07968749999999997
20 0.1875 0.5890625 0.1078125 0.06640625
20 0.215625 0.64921875 0.12109375 0.10703125000000002
20 0.22421875 0.29375 0.10078124999999999 0.08984375
20 0.25234375 0.2546875 0.09062499999999998 0.08671874999999998
20 0.25703125 0.70859375 0.08984375 0.1171875
20 0.28984375 0.4859375 0.09687500000000002 0.05703125000000003
20 0.29609375 0.559375 0.09921875000000002 0.06640625
20 0.296875 0.42109375 0.09765625 0.0625
20 0.29609375000000004 0.2125 0.07890625000000001 0.10078124999999999
20 0.30859375 0.7554687499999999 0.08828125000000003 0.12343749999999998
20 0.3109375 0.36406249999999996 0.09296874999999999 0.07734374999999999
20 0.33515625000000004 0.6234375000000001 0.09453125000000001 0.08359375000000002
20 0.34140625 0.31328125 0.078125 0.09375
20 0.35234375000000007 0.1796875 0.09062500000000001 0.11015624999999998
20 0.36953125 0.78203125 0.06640625 0.12578125000000007
20 0.38203125 0.6507812499999999 0.09140625000000002 0.10390624999999998
20 0.38515625 0.5078125 0.08515624999999999 0.06640625
20 0.3890625 0.44453125 0.08671875000000001 0.06015625000000002
20 0.3890625 0.28984375 0.05937500000000001 0.10234374999999998
20 0.409375 0.39296875 0.0859375 0.07968749999999997
20 0.4171875 0.55546875 0.078125 0.08671874999999996
20 0.41171875 0.1625 0.06640625 0.10390625000000002
20 0.4359375 0.815625 0.09296874999999999 0.11953124999999998
20 0.4515625 0.69609375 0.06640625 0.1171875
20 0.45 0.271875 0.0546875 0.09687500000000002
20 0.45234375000000004 0.36328125 0.05937500000000001 0.08984375
20 0.475 0.57890625 0.061718750000000044 0.10390624999999998
20 0.48515625000000007 0.46015625 0.07109375000000001 0.07968750000000002
20 0.48906250000000007 0.159375 0.07890625000000001 0.12265625000000001
20 0.5125 0.82265625 0.06796874999999997 0.12890625
20 0.51484375 0.27265625 0.07343750000000004 0.09687500000000002
20 0.525 0.6859374999999999 0.08125000000000004 0.13124999999999998
20 0.521875 0.36328125 0.06406249999999997 0.08984375
20 0.5375 0.5671875 0.0703125 0.08671874999999996
20 0.565625 0.39453125 0.0859375 0.06953124999999999
20 0.575 0.52265625 0.09921875000000002 0.07265625000000003
20 0.56953125 0.159375 0.07109374999999996 0.11250000000000002
20 0.5734375 0.81171875 0.06953125000000004 0.13124999999999998
20 0.59140625 0.4609375 0.10468750000000004 0.0625
20 0.58203125 0.28046875 0.07968750000000002 0.09062499999999998
20 0.5890625 0.67265625 0.08125000000000004 0.10781249999999998
20 0.61875 0.31171875 0.1015625 0.07656249999999998
20 0.621875 0.62734375 0.10624999999999996 0.08281249999999996
20 0.63046875 0.17421875 0.09375 0.09687499999999999
20 0.63125 0.7921875 0.08281249999999996 0.12265625000000002
20 0.6578124999999999 0.353125 0.09999999999999998 0.07578124999999997
20 0.6625 0.5765625000000001 0.1015625 0.07968750000000002
20 0.68203125 0.7476562499999999 0.10859375000000004 0.10390624999999998
20 0.69140625 0.45234375000000004 0.11328125 0.05937500000000001
20 0.68671875 0.3953125 0.09531250000000002 0.06015625000000002
20 0.6921875 0.52421875 0.10781249999999998 0.06875000000000003
20 0.7296875 0.6890625 0.10390624999999998 0.08906250000000004
20 0.740625 0.2671875 0.10468750000000004 0.06406249999999997
20 0.77265625 0.64765625 0.109375 0.09218749999999998
20 0.7703125 0.315625 0.09453124999999996 0.08437499999999998
20 0.79765625 0.37890625 0.109375 0.07265625000000003
20 0.8078125 0.57265625 0.11953124999999998 0.08906250000000004
20 0.809375 0.44375 0.11640625000000004 0.0625
20 0.821875 0.51953125 0.12187499999999996 0.055468749999999956
