20 0.30234375 0.8343750000000001 0.3125 0.303125
20 0.23828125 0.49140624999999993 0.29218750000000004 0.30937499999999996
20 0.19453125 0.26171875 0.25625 0.22187500000000002
20 0.39765625 0.14296875 0.26874999999999993 0.2546875
20 0.57109375 0.296875 0.27031250000000007 0.275
20 0.7796875000000001 0.46953125000000007 0.3109375 0.26093750000000004
20 0.09843749999999998 0.64453125 0.190625 0.275
20 0.1515625 0.11015624999999998 0.20468750000000002 0.1359375
20 0.8218750000000001 0.1171875 0.19687500000000002 0.15468749999999998
20 0.840625 0.25859375 0.17499999999999993 0.18125000000000002
20 0.9640625 0.39531250000000007 0.06874999999999998 0.20625
20 0.965625 0.60703125 0.06874999999999998 0.22968750000000004
20 0.50078125 0.659375 0.3515625 0.36093749999999997
20 0.8062499999999999 0.76875 0.3140625 0.334375
20 0.39765625 0.359375 0.140625 0.203125
20 0.04140625 0.4328125 0.08125 0.18281249999999993
