20 0.15234375 0.64453125 0.1671875 0.26250000000000007
20 0.35234375000000007 0.2375 0.1828125 0.26874999999999993
20 0.57890625 0.7640625 0.27031250000000007 0.46875
20 0.79921875 0.8843750000000001 0.1796875 0.22812500000000002
20 0.9390625000000001 0.75390625 0.11875000000000002 0.2421875
20 0.05078125 0.540625 0.0953125 0.3609375000000001
20 0.09453124999999998 0.8499999999999999 0.1828125 0.290625
20 0.55234375 0.31171875 0.2265625 0.3609375
20 0.46328125 0.0625 0.32343750000000004 0.115625
20 0.77421875 0.31953125 0.20468750000000002 0.334375
20 0.84921875 0.61171875 0.12812500000000004 0.21875
