52 0.34843749999999996 0.16796875 0.153125 0.2421875
52 0.2765625 0.40234374999999994 0.17812499999999998 0.27656249999999993
52 0.32109375 0.83125 0.19218750000000004 0.2875
52 0.525 0.8203125 0.16562499999999997 0.259375
52 0.7250000000000001 0.7953125 0.19687500000000002 0.26249999999999996
52 0.625 0.5390625 0.19062499999999993 0.296875
52 0.41953125 0.5578125 0.19843750000000004 0.296875
52 0.75390625 0.14765625 0.17031249999999998 0.22968749999999996
52 0.828125 0.59453125 0.16249999999999998 0.22031249999999997
52 0.51484375 0.13125 0.16718749999999993 0.2
52 0.4390625 0.32578125 0.14687500000000003 0.20156250000000003
52 0.5953125 0.296875 0.16874999999999996 0.19687499999999997
52 0.75546875 0.396875 0.16093749999999996 0.24374999999999997
