56 0.23515625 0.35 0.115625 0.1015625
56 0.63984375 0.353125 0.0765625 0.1015625
56 0.49296875 0.3609375 0.103125 0.08046875
56 0.4171875 0.45078125 0.0796875 0.125
56 0.50078125 0.45859375 0.1 0.125
56 0.61796875 0.46484375 0.0875 0.1484375
56 0.2875 0.49765625 0.08984375 0.13046875
56 0.05 0.58203125 0.1 0.11171875
56 0.4734375 0.58828125 0.13125 0.16171875
56 0.79609375 0.59765625 0.1 0.1484375
56 0.93671875 0.66953125 0.1265625 0.16640625
56 0.2 0.67578125 0.146875 0.17421875
56 0.6109375 0.67578125 0.12109375 0.17421875
56 0.3359375 0.7171875 0.14453125 0.1796875
56 0.72265625 0.8046875 0.125 0.21328125
56 0.47578125 0.8109375 0.165625 0.18515625
56 0.91875 0.88515625 0.1234375 0.22890625
