56 0.1976613035370985 0.5351215679487125 0.15327670038093266 0.15021779308187772
56 0.5262711798713425 0.29890707335356115 0.12173554774570156 0.1271736051662436
56 0.41228528354600086 0.39186145044339177 0.1307396700632163 0.1258114305258501
56 0.4040970796396112 0.5091118260607533 0.1380853527059006 0.14794183178063292
56 0.47620398386213236 0.4661054944483425 0.1544867520762207 0.1599248094967627
56 0.5745145118343269 0.4020195151230769 0.15822009598232734 0.1714753609448984
56 0.3270334783894052 0.6234679131029359 0.1495122386992494 0.1583490820076302
56 0.1850387162649704 0.8317054653220907 0.14665172818490507 0.14920081760078419
56 0.5306318808973761 0.5869530527382534 0.20138121082510163 0.2080088433063872
56 0.7966924067641366 0.4041779371875706 0.16831326482560127 0.17884950107790132
56 0.92623053724318 0.3792545815401126 0.1475389255136399 0.20902847907273875
56 0.36146279338177945 0.8189145500506099 0.22137181201219697 0.2273196873159148
56 0.6932757191044099 0.5764896931781385 0.20055465127294447 0.21211052329159624
56 0.49565284374295565 0.7721543978975479 0.22270552916227182 0.2303527974099091
56 0.8595292357627633 0.6146691194356871 0.22675295445210175 0.2459560947183907
56 0.6638762211746048 0.7653549714841321 0.24296393789348547 0.24721242025328394
