50 0.6960766747941471 0.8108304732639366 0.32217651153808724 0.34199938164562294
50 0.8636334068689726 0.5523915899293355 0.2727331862620548 0.36527966516552335
50 0.8269140223618487 0.3252641493825348 0.2083587825957841 0.21031315007117507
50 0.4879704325026153 0.7771928576391144 0.25048204024189324 0.26025387761884744
50 0.34678862217553974 0.6175272336875821 0.25598869440994565 0.2481712245083823
50 0.10765668386189861 0.5031865792753012 0.21531336772379722 0.22980351472633387
50 0.3019034517431717 0.3219666662664191 0.32576448795369467 0.3427954045249577
50 0.5203699628689258 0.13083305942793122 0.2557808785022101 0.26166611885586244
50 0.7268069064972952 0.20825939219359235 0.2517592009239895 0.2567847172892803
50 0.5754904881052059 0.34503642163495235 0.23900521447883094 0.24542670761225793
50 0.46665964907594704 0.48308473829980736 0.23039759515653424 0.23430633010731589
