51 0.421875 0.49296875 0.165625 0.1890625
51 0.58828125 0.4640625 0.1671875 0.21875
51 0.73203125 0.4140625 0.1390625 0.171875
51 0.54375 0.66484375 0.153125 0.2015625
51 0.42421875 0.72421875 0.1109375 0.2640625
51 0.13515625 0.84609375 0.2359375 0.2546875
51 0.340625 0.86953125 0.184375 0.1078125
51 0.5265625 0.84140625 0.15625 0.1390625
51 0.62734375 0.215625 0.1703125 0.19375
51 0.36875 0.17421875 0.1625 0.2203125
51 0.46953125 0.2984375 0.2015625 0.228125
51 0.428125 0.059375 0.23125 0.11875
