51 0.421875 0.49296875 0.16562499999999997 0.18906250000000002
51 0.58828125 0.46406250000000004 0.16718750000000004 0.21875000000000006
51 0.7320312499999999 0.4140625 0.13906249999999998 0.171875
51 0.54375 0.66484375 0.15312500000000007 0.20156249999999998
51 0.42421875 0.7242187500000001 0.11093749999999997 0.2640625
51 0.13515625 0.84609375 0.23593749999999997 0.25468749999999996
51 0.340625 0.8695312499999999 0.18437500000000004 0.10781249999999998
51 0.5265625 0.8414062499999999 0.15625 0.13906249999999998
51 0.6273437499999999 0.215625 0.17031249999999998 0.19374999999999998
51 0.36875 0.17421875 0.16250000000000003 0.22031249999999997
51 0.46953125 0.2984375 0.20156249999999998 0.22812499999999997
51 0.428125 0.059375 0.23124999999999996 0.11875
