20 0.05546875 0.40859375 0.1078125 0.1796875
20 0.18984375 0.32109375 0.14375 0.1640625
20 0.33515625 0.2921875 0.09999999999999998 0.17812499999999998
20 0.61328125 0.58984375 0.11875000000000002 0.16875000000000007
20 0.29375 0.47734375 0.11875000000000002 0.13437500000000002
20 0.21171875 0.5453125 0.08437499999999998 0.1328125
20 0.2796875 0.68671875 0.125 0.16093750000000007
20 0.44375 0.6765625 0.11874999999999997 0.13437500000000002
20 0.41484375 0.85703125 0.1328125 0.17500000000000004
20 0.68046875 0.75390625 0.13750000000000007 0.1796875
20 0.5515625 0.75078125 0.1015625 0.13906249999999998
20 0.42890625000000004 0.53828125 0.11406250000000001 0.13750000000000007
