20 0.22812500000000002 0.459375 0.14062500000000003 0.12812500000000004
20 0.23359375 0.6078125 0.125 0.12812500000000004
20 0.2390625 0.778125 0.13593749999999996 0.16093750000000007
20 0.36796875000000007 0.8140625000000001 0.09843750000000001 0.22812500000000002
20 0.49609375 0.8109375 0.10781250000000003 0.2265625
20 0.615625 0.8031249999999999 0.09843749999999996 0.20156249999999998
20 0.7515625 0.7671875000000001 0.1328125 0.17343750000000002
20 0.77421875 0.58671875 0.13906249999999998 0.14531250000000007
20 0.7765625 0.39921875 0.125 0.1171875
20 0.7625 0.196875 0.1171875 0.17343749999999997
20 0.62265625 0.16796875 0.0859375 0.17812499999999998
20 0.49687499999999996 0.15078124999999998 0.07343749999999999 0.21093749999999997
20 0.36796874999999996 0.15859375 0.08124999999999999 0.20625
20 0.246875 0.17031249999999998 0.11406249999999998 0.18749999999999997
20 0.22109375 0.3078125 0.1359375 0.14687499999999998
