30 0.6727610073816943 0.19951185871786103 0.4972377642354666 0.39902371743572207
30 0.8159633854774344 0.30318105863951206 0.32036383440613925 0.31981146749355377
30 0.9635187253379247 0.6263558152658626 0.07296254932415047 0.15064364482871762
30 0.9317775860710498 0.48575015039319835 0.13644482785790035 0.26017727097592336
30 0.3329880131652717 0.38915003021473793 0.6659760263305434 0.7783000604294759
30 0.41861005678294805 0.8892930935090106 0.33684940938644065 0.22141381298197882
30 0.5040346333975705 0.9292485188195208 0.2597715390312104 0.14150296236095838
30 0.4955426920628322 0.8155208813895668 0.4450533776905401 0.3689582372208664
30 0.4091479016775852 0.7202425038184654 0.4318990906652038 0.4318990906652038
30 0.6004310589988924 0.8634300958743456 0.3606381593715734 0.2731398082513088
30 0.4501140851762776 0.5680883932198639 0.39654480847468143 0.39709717538726697
30 0.5790574424215105 0.6988382859557787 0.45724956585857784 0.45697338240228513
30 0.820025249087513 0.7196381055789753 0.3599495018249741 0.38867218007781223
