30 0.053125 0.09375 0.10546875 0.1875
30 0.303125 0.09375 0.290625 0.1875
30 0.521875 0.12890625 0.1421875 0.11796875
30 0.9546875 0.09375 0.0890625 0.1875
30 0.790625 0.03828125 0.21875 0.0765625
30 0.1546875 0.653125 0.309375 0.49375
30 0.86796875 0.87890625 0.18515625 0.2046875
30 0.94921875 0.79453125 0.0984375 0.18984375
30 0.7859375 0.70703125 0.18046875 0.1828125
30 0.62890625 0.70078125 0.1703125 0.18046875
30 0.91484375 0.6609375 0.16796875 0.165625
30 0.5265625 0.5796875 0.15390625 0.16796875
30 0.7078125 0.55078125 0.1921875 0.18046875
30 0.915625 0.34609375 0.16328125 0.2015625
