30 0.1578757232061916 0.22242834136929618 0.3157514464123832 0.2965576257737731
30 0.35577005561411246 0.1573824142626268 0.17966500626733395 0.1686288974432429
30 0.2577857805962266 0.7500274373505214 0.4955983920944007 0.4999451252989572
30 0.9346034678814193 0.6774911714686689 0.1307930642371613 0.2654089897539219
30 0.847968347310048 0.5594997617905004 0.2426441707484599 0.24371218127982347
30 0.7043145702996664 0.6232294120893533 0.23249673208602295 0.23712477772193208
30 0.9156775636321012 0.4612240523022956 0.16864487273579765 0.22277154561182028
30 0.5590189600809394 0.5597697784291065 0.21225706199263233 0.2186651251808142
30 0.7088793770172004 0.45380285328379283 0.2521237681751738 0.24678371551835554
30 0.8049561590547428 0.1783899636692895 0.2355020176467757 0.2529461896590486
