30 0.13138086019795855 0.2369331676413235 0.2577449349866398 0.4700145724252628
30 0.42542816494614166 0.33995063502406464 0.4075968732694218 0.4186079783815117
30 0.4684292364027085 0.1498227014219909 0.2635310892113589 0.2996454028439818
30 0.2949839842320445 0.05164836775853168 0.29165760695857434 0.10329673551706336
30 0.6953178107882423 0.2779248247710905 0.25396956274345517 0.509671892568655
30 0.8661707109098216 0.27727022300131193 0.267658578180357 0.4491648872288304
30 0.29082245153573005 0.7777612217261545 0.501507645994385 0.44447755654769117
30 0.7717136309587745 0.69813694911036 0.22190586079442798 0.23719906233899735
30 0.2780253193079919 0.7198972592103948 0.2517804476562658 0.24688662316200372
30 0.4273852805223892 0.8647173268323709 0.17520137867310875 0.2388210970985173
