24 0.5927097765661402 0.46297679590369906 0.7078305102195382 0.7636518780377762
24 0.2222607198115038 0.329791727329752 0.4445214396230076 0.48774588738625424
24 0.3353308688792545 0.5239943252991976 0.4245354631838395 0.44143027389365386
24 0.5062187334715169 0.6700428605508704 0.4752521746757612 0.43027544886720137
24 0.4440253757958708 0.8456641380590098 0.38532469711711415 0.3086717238819806
24 0.752384006508656 0.6225908660995887 0.4952319869826879 0.5258919991782429
24 0.5139559301334308 0.12679971978947338 0.46363058506364396 0.25359943957894676
24 0.8249290244329642 0.579502184917662 0.35014195113407154 0.36356718412780875
24 0.0708921207444177 0.5756580392254427 0.1417842414888354 0.2957702987086991
24 0.23711440265708666 0.6781902309689974 0.36085477668176436 0.3864253009993213
24 0.5434056870956959 0.376211519399772 0.530492278719924 0.4904241803473238
24 0.8309545248306175 0.3484041827723228 0.338090950338765 0.3229404708566065
24 0.8751093660273999 0.42604228946833206 0.24978126794520017 0.2614150669624772
