83 0.6328125 0.4015625 0.17812499999999998 0.24765625000000002
83 0.47421875 0.40234375 0.20781249999999996 0.25625000000000003
83 0.671875 0.58515625 0.16015625 0.18906249999999997
83 0.26015625 0.60234375 0.23203124999999997 0.24531249999999993
83 0.5 0.60234375 0.171875 0.20234374999999993
83 0.565625 0.69296875 0.16015625 0.24531250000000004
83 0.70390625 0.75234375 0.12812499999999993 0.17578125
83 0.8140625 0.7867187499999999 0.14765625000000004 0.19765624999999998
83 0.24375000000000002 0.8203125 0.16015625000000003 0.18437500000000007
83 0.46875 0.87578125 0.30624999999999997 0.21562500000000007
83 0.72265625 0.88515625 0.16562500000000002 0.16015625
