20 0.12578125 0.7242187499999999 0.2515625 0.16249999999999998
20 0.20625 0.69375 0.4125 0.203125
20 0.07578125 0.3875 0.14375 0.10781249999999998
20 0.0765625 0.38750000000000007 0.1453125 0.11406250000000001
20 0.115625 0.6273437499999999 0.14921875 0.07656249999999998
20 0.08984375 0.33828125 0.04140624999999999 0.03203125000000001
20 0.16562499999999997 0.3921875 0.06875 0.06171874999999999
20 0.284375 0.7046875000000001 0.23515625000000004 0.15390625000000002
20 0.41953125 0.54375 0.22812499999999997 0.13437499999999997
20 0.48515624999999996 0.52890625 0.32812499999999994 0.18828124999999996
20 0.45703125 0.48359375 0.25156249999999997 0.11093750000000002
20 0.49140625 0.3875 0.18203124999999998 0.05312499999999998
20 0.521875 0.33828125 0.17734374999999997 0.06328125000000001
20 0.68125 0.8515625 0.4749999999999999 0.2875
20 0.5546875 0.35625 0.1953125 0.06484374999999998
20 0.6015625 0.8578125 0.27421875000000007 0.203125
20 0.5765625 0.5203125 0.11796874999999996 0.057812500000000044
20 0.76171875 0.89375 0.24609375 0.16875000000000007
20 0.784375 0.78359375 0.29140625 0.12968749999999996
20 0.7796875 0.609375 0.21562499999999996 0.13671875
20 0.8382812499999999 0.6273437500000001 0.31796875 0.19687500000000002
20 0.859375 0.42890625000000004 0.27890625 0.11796875000000001
20 0.80390625 0.43046875 0.13124999999999998 0.06640625
20 0.859375 0.459375 0.15937499999999993 0.08203125
20 0.9140625 0.5843750000000001 0.17109374999999993 0.08750000000000002
20 0.9203125000000001 0.653125 0.15781250000000002 0.09062499999999996
20 0.90546875 0.4140625 0.11796874999999996 0.08906249999999999
20 0.984375 0.43828125 0.029687499999999978 0.04843750000000002
