20 0.2875 0.32109375 0.11093749999999997 0.15000000000000002
20 0.0578125 0.0671875 0.115625 0.134375
20 0.06640625 0.37421875 0.1328125 0.23046875
20 0.15078125 0.80625 0.3015625 0.38593750000000004
20 0.17109375 0.3734375 0.3421875 0.47734374999999996
20 0.1796875 0.07734375 0.359375 0.1546875
20 0.06875 0.2171875 0.11562500000000002 0.13984375
20 0.1265625 0.51796875 0.15468750000000003 0.18046874999999996
20 0.115625 0.35468750000000004 0.10468749999999999 0.13203125
20 0.17578125 0.23359375 0.18281250000000002 0.21484375
20 0.12109374999999999 0.06015625000000001 0.05546874999999998 0.11953125
20 0.184375 0.4046875 0.109375 0.11562500000000003
20 0.19453125 0.075 0.12031250000000002 0.15
20 0.265625 0.47265625000000006 0.13906250000000003 0.19218750000000007
20 0.29375 0.0484375 0.12343749999999998 0.096875
20 0.39765625 0.8859375 0.11484375000000002 0.21015624999999993
20 0.5140625 0.79921875 0.3421874999999999 0.39921874999999996
20 0.4125 0.6851562499999999 0.11796875000000001 0.19765624999999998
20 0.5171875 0.37421875 0.32734375000000004 0.44062499999999993
20 0.44843749999999993 0.05625 0.13359374999999996 0.1125
20 0.47109375 0.8625 0.09687500000000004 0.17109374999999993
20 0.48828125 0.7281250000000001 0.08749999999999997 0.14609375000000002
20 0.509375 0.02734375 0.07499999999999996 0.0546875
20 0.52421875 0.65546875 0.08515625000000004 0.10703125000000002
20 0.5453125000000001 0.78046875 0.06796875000000002 0.14296874999999998
20 0.578125 0.065625 0.11796874999999996 0.12187499999999998
20 0.559375 0.90390625 0.07656249999999998 0.1015625
20 0.6 0.6664062499999999 0.109375 0.10781249999999998
20 0.6226562499999999 0.04609375 0.13906249999999998 0.0921875
20 0.621875 0.928125 0.12890625 0.13984375000000004
20 0.60625 0.7890625 0.0859375 0.1328125
20 0.84453125 0.80390625 0.31015625 0.390625
20 0.853125 0.36875 0.29296875 0.4203124999999999
20 0.76875 0.060937500000000006 0.08437499999999998 0.12109375
20 0.853125 0.28203125 0.11640625000000004 0.14218750000000002
20 0.88203125 0.065625 0.15468749999999998 0.13125
20 0.93046875 0.0734375 0.12968750000000007 0.146875
