20 0.10729480481243181 0.7949053742325738 0.2094354413388343 0.4101892515348523
20 0.5 0.5 1.0 1.0
20 0.1519189687261533 0.6453540631532116 0.2637496481165834 0.37648566966079827
20 0.23848519854891062 0.9184356829438913 0.3055391670343262 0.16312863411221734
20 0.2766890952260158 0.2546555781827574 0.30893248094426845 0.43614137011915954
20 0.27897360081335254 0.5054568444771013 0.21421775307656338 0.4884405081841131
20 0.27641965835147453 0.053819798473107194 0.21482625192200944 0.10209023037779452
20 0.4884098972003863 0.6003166158886173 0.31603786254125715 0.7555560005886355
20 0.5125163293643246 0.18572784732627295 0.2972753181928891 0.3714556946525459
20 0.6126573539136102 0.948137252822164 0.1867098195166409 0.10139607348318092
20 0.6453748843759319 0.27915720862908644 0.1263592781251065 0.28099044281075264
20 0.7301374649429107 0.7686205250673578 0.2594490477586118 0.4552136257103905
20 0.7881937741743077 0.3703627903555432 0.3619247498459963 0.7407255807110864
20 0.902417641783456 0.8236196751958396 0.19516471643308808 0.3360467553085592
