24 0.32578125 0.66484375 0.26171875 0.41093750000000007
24 0.396875 0.8414062499999999 0.125 0.2984375
24 0.53515625 0.73046875 0.11796874999999996 0.5218750000000001
24 0.696875 0.33906249999999993 0.15156250000000004 0.50703125
24 0.8921875000000001 0.2234375 0.15390625000000002 0.44218750000000007
24 0.91796875 0.87109375 0.0625 0.25703124999999993
24 0.65625 0.85546875 0.11093750000000002 0.28828124999999993
24 0.18046875 0.3125 0.16093750000000004 0.53828125
24 0.42578125 0.28125 0.11562500000000003 0.38203125000000004
24 0.4984375 0.3078125 0.10312499999999997 0.428125
