52 0.28300460888371914 0.5804598735390337 0.24014007927972575 0.2799594907250198
52 0.44136870808261885 0.6607511619280677 0.2463936652570921 0.2898330231974128
52 0.6209429260276739 0.6830774150294476 0.2603802977308556 0.28390994994852936
52 0.7404912787051299 0.5379723447831978 0.22695285956398503 0.23871768567282198
52 0.5853136549934208 0.499849485960541 0.21839614683276182 0.23921083917916536
52 0.5672407915814714 0.31661204573961343 0.2237447461863714 0.24998935827531527
52 0.42704038733547245 0.45887755994481705 0.2181279321891671 0.22536782517922055
52 0.2963744428748643 0.36070196679137706 0.21971296657393158 0.24595757866287526
52 0.43555477547935145 0.26067669138946015 0.2206179531976883 0.24505259203911872
52 0.7195286879056478 0.3469490711330061 0.21623663855272324 0.24338623726542385
