51 0.37734375 0.63515625 0.1296875 0.09843749999999996
51 0.44843749999999993 0.71953125 0.09687499999999999 0.12968750000000007
51 0.44140625 0.8921875000000001 0.12343750000000003 0.10312500000000002
51 0.6015625 0.7609375 0.11875000000000002 0.08437499999999998
51 0.69296875 0.503125 0.10468750000000004 0.12812499999999993
51 0.78046875 0.5328125 0.1015625 0.12812500000000004
51 0.7390625 0.6664062500000001 0.13437500000000002 0.09531250000000002
51 0.55703125 0.41953125 0.13906250000000003 0.1328125
51 0.259375 0.434375 0.10000000000000003 0.11875000000000002
51 0.1140625 0.59140625 0.09062499999999998 0.12968749999999996
51 0.171875 0.35703125 0.0875 0.1015625
51 0.353125 0.225 0.11562500000000003 0.1375
51 0.49921875000000004 0.2484375 0.11406250000000001 0.12187500000000001
51 0.63203125 0.33671875 0.11406249999999996 0.12343749999999998
51 0.42890625000000004 0.4234375 0.09843750000000001 0.10312499999999997
51 0.53359375 0.140625 0.11093749999999997 0.125
51 0.8296874999999999 0.32499999999999996 0.09999999999999998 0.11249999999999999
51 0.8671875 0.63359375 0.08437499999999998 0.1328125
