21 0.18515625 0.14609375 0.09687499999999999 0.190625
21 0.3125 0.140625 0.10468749999999999 0.1796875
21 0.4640625 0.1421875 0.10781249999999998 0.1828125
21 0.62734375 0.16953125 0.09843749999999996 0.15625
21 0.78359375 0.14375 0.09843749999999996 0.21718749999999998
21 0.18671875 0.36484375 0.13437500000000002 0.18906249999999997
21 0.325 0.35 0.109375 0.2109375
21 0.4828125 0.3671875 0.09375 0.2109375
21 0.64296875 0.37421874999999993 0.1015625 0.16875
21 0.8 0.35624999999999996 0.09843749999999996 0.2078125
21 0.19453125 0.58671875 0.14687499999999998 0.15468749999999998
21 0.34296874999999993 0.57109375 0.10468749999999999 0.17812500000000003
21 0.50234375 0.55859375 0.11093749999999997 0.19375000000000003
21 0.6585937500000001 0.56953125 0.08750000000000002 0.203125
21 0.81015625 0.57265625 0.10624999999999996 0.19218749999999996
21 0.21171875 0.7671875 0.10312500000000002 0.18437499999999996
21 0.36875 0.76640625 0.10000000000000003 0.1796875
21 0.50625 0.775 0.09062499999999996 0.16718750000000004
21 0.665625 0.7671875 0.09843749999999996 0.1875
21 0.82890625 0.778125 0.14374999999999993 0.16718749999999993
