20 0.06875 0.4359375 0.1375 0.22500000000000003
20 0.1015625 0.2171875 0.203125 0.33125
20 0.1796875 0.84296875 0.359375 0.3109375
20 0.196875 0.540625 0.39375 0.37812500000000004
20 0.17421874999999998 0.08828125 0.2734375 0.1765625
20 0.23203124999999997 0.28046875 0.10781249999999998 0.17343750000000002
20 0.3859375 0.26484375 0.29375000000000007 0.3828125
20 0.43671875 0.08828125 0.3578125 0.1765625
20 0.41328125 0.8078125 0.2796875 0.38125
20 0.6328125 0.490625 0.46875 0.35624999999999996
20 0.64296875 0.8374999999999999 0.3109374999999999 0.321875
20 0.6859374999999999 0.18203124999999998 0.30625 0.3359375
20 0.85 0.75859375 0.296875 0.37968750000000007
20 0.8609375 0.221875 0.234375 0.396875
20 0.89296875 0.3953125 0.2109375 0.38125
