51 0.5419531252718964 0.7186695024358576 0.22326442801821922 0.21827836049112825
51 0.1576167094329059 0.8307580378555808 0.2128951262498896 0.21040209248634412
51 0.370496012519395 0.8129488283725446 0.19732346362171266 0.17488615974980315
51 0.3649878650422368 0.6907654958075733 0.20949961239167092 0.16088545400253362
51 0.16757302132368745 0.6555809712457261 0.1954438899050711 0.22785332883116272
51 0.12487869255054396 0.4752094553577242 0.1930058728808559 0.17555463653603742
51 0.2233446712227498 0.31835162864213695 0.19472228319178897 0.16106632738392473
51 0.3021693361854793 0.4879478210598205 0.19495628650022812 0.21739359037213762
51 0.4708149999447186 0.5603460352873181 0.20310386457709872 0.20559689834064426
51 0.4777552547157462 0.32690900204556084 0.16393881788593512 0.18637612175784463
51 0.0560711068303649 0.44052327600084357 0.1121422136607298 0.19643869350272214
51 0.15343346598937987 0.26791291327568834 0.19472228319178903 0.16106632738392473
51 0.3450413437890192 0.23423322272272334 0.16294590110056628 0.14175511411042963
51 0.7875099828055692 0.21136899262214767 0.21807977713405446 0.21434022648873624
51 0.7143705650768246 0.4183126429292426 0.21990433411136567 0.2161647834660475
51 0.8560716058540649 0.5291710637041631 0.22633550187730334 0.21885640058666678
51 0.9205783674029288 0.7698266299645937 0.1588432651941425 0.24860964234350424
51 0.9044039865279715 0.36102185833760836 0.19119202694405701 0.2479057456059049
51 0.7698908660243367 0.6161442501499044 0.2264613585193641 0.2588707974454557
