52 0.634375 0.3890625 0.109375 0.16875
52 0.44765625 0.28671875 0.12656249999999997 0.20781249999999998
52 0.2 0.12578125 0.12187499999999998 0.2078125
52 0.16953125 0.7921875 0.1171875 0.1875
52 0.3671875 0.871875 0.11874999999999997 0.16562500000000002
52 0.25390625 0.57265625 0.10468750000000002 0.19218749999999996
52 0.23359375 0.39453125 0.1328125 0.14218749999999997
52 0.38984375 0.57578125 0.1171875 0.13593750000000004
52 0.3375 0.6984375 0.10312499999999997 0.16875000000000007
52 0.36796875 0.43046875 0.10781249999999998 0.19218750000000007
52 0.45703125 0.6203125 0.09218750000000003 0.18437500000000007
