56 0.7837441920633755 0.2567849920113332 0.3319640286290444 0.28166390309961553
56 0.14134734137366392 0.3111219677006858 0.23634511362635274 0.16652553639893658
56 0.47207013846922996 0.45358348195553644 0.2238142074587668 0.24633665172567532
56 0.8152552315866365 0.523110327738517 0.369489536826727 0.27000853524856494
56 0.13987210094415464 0.5110948744733868 0.2797442018883093 0.29938511287590647
56 0.3060969493453396 0.057345116690067144 0.19971824982458192 0.11469023338013429
56 0.20291683513916473 0.6832850233840583 0.32855673714350914 0.39612406994423455
56 0.7611132498273975 0.7969278390371016 0.4699763654217568 0.40614432192579675
56 0.38570523612575724 0.8495976498699402 0.3327720952589184 0.3008047002601195
56 0.16564772116423315 0.14630689513874867 0.21009885704199194 0.19358239791292575
56 0.6439929389330102 0.17011773622776133 0.26233925156234905 0.2345615702998286
