30 0.18807175827368258 0.22459419936874864 0.3157711962790766 0.31727502767282767
30 0.3283040213718143 0.2749270784290742 0.4354652433978635 0.43396141200411253
30 0.4998408457938299 0.19901999413955893 0.4262178965699556 0.39463743730118367
30 0.3645202877528443 0.17800254812730426 0.5091529816916645 0.3560050962546085
30 0.678119113009676 0.49655575397999885 0.5346877811396721 0.5452146008959293
30 0.8793370690548767 0.6577886147680236 0.24132586189024652 0.29623352185861707
30 0.8151672885945931 0.57421379318214 0.36966542281081394 0.3569961798270733
30 0.9216202004903973 0.529670378888282 0.15675959901920544 0.28045845934711144
30 0.9041336175857538 0.3975242357715616 0.19173276482849233 0.21915307702430115
30 0.17590295055657787 0.467596353925969 0.35180590111315574 0.5326321538561449
30 0.4917910694307186 0.6728225430558633 0.8027760182140966 0.6543549138882734
