30 0.08671875 0.44453125 0.1734375 0.165625
30 0.23203125 0.41015625 0.23046875 0.23828125
30 0.33203125 0.2515625 0.13203125 0.3078125
30 0.1265625 0.24296875 0.25234375 0.35546875
30 0.646875 0.39921875 0.31953125 0.259375
30 0.93046875 0.4 0.13671875 0.1875
30 0.80625 0.38359375 0.1390625 0.2546875
30 0.92578125 0.2296875 0.146875 0.196875
30 0.7921875 0.1765625 0.115625 0.1296875
30 0.11328125 0.7703125 0.22578125 0.45703125
30 0.66328125 0.725 0.5265625 0.3890625
30 0.07578125 0.69609375 0.1515625 0.2171875
30 0.6765625 0.61484375 0.15390625 0.09453125
30 0.77578125 0.746875 0.140625 0.12265625
