30 0.08671875 0.44453125 0.1734375 0.16562500000000002
30 0.23203125000000002 0.41015625 0.23046875000000003 0.23828125
30 0.33203125 0.2515625 0.13203125 0.30781250000000004
30 0.12656249999999997 0.24296875 0.25234375 0.35546875
30 0.646875 0.39921875 0.31953125000000004 0.259375
30 0.93046875 0.4 0.13671875 0.1875
30 0.8062499999999999 0.38359375 0.13906249999999998 0.25468750000000007
30 0.92578125 0.2296875 0.14687499999999998 0.19687500000000002
30 0.7921875 0.1765625 0.11562499999999998 0.1296875
30 0.11328125 0.7703125 0.22578125 0.45703125
30 0.66328125 0.7250000000000001 0.5265625 0.3890625
30 0.07578125 0.69609375 0.1515625 0.21718749999999998
30 0.6765625 0.61484375 0.15390625000000002 0.09453124999999996
30 0.77578125 0.746875 0.140625 0.12265625000000002
