33 0.3234695375191762 0.711509994150573 0.6181141137602351 0.5769800116988539
33 0.49121169601398795 0.773487433874613 0.5943717085060864 0.4530251322507739
33 0.15242482727161194 0.5004638136950537 0.2364005619244436 0.23304359272345387
33 0.16574783324484774 0.35046548215445916 0.1730170870226097 0.1705055767314989
33 0.2704762698553957 0.386529748720174 0.22717331068190372 0.22349307778007793
33 0.7343003568563828 0.6090984426704621 0.5313992862872344 0.6697163018774359
33 0.26023742276479944 0.2277124801398401 0.1879661421809788 0.18538003257429042
33 0.40571799062519265 0.24535431828507043 0.23183306536719073 0.22877449342851108
33 0.3595856984782447 0.11004196226544763 0.17394759643445312 0.17178421628270418
33 0.658665546894295 0.25104873270749006 0.3849461888441519 0.3827330758153512
33 0.5464400585516296 0.09800469511390564 0.2318827982442424 0.19600939022781128
33 0.9490075447068191 0.5592866381271225 0.09041870122778162 0.091836088223755
