51 0.25859375 0.50625 0.23281249999999998 0.3187499999999999
51 0.2296875 0.7453125 0.1875 0.1875
51 0.21796875 0.91328125 0.22343750000000004 0.1734374999999999
51 0.4390625 0.715625 0.18124999999999997 0.22499999999999998
51 0.3421875 0.178125 0.16250000000000003 0.2625
51 0.10234375 0.32109375 0.2046875 0.2734375
51 0.60546875 0.671875 0.23593749999999997 0.25625
51 0.69609375 0.8921874999999999 0.21406249999999993 0.20937499999999998
51 0.44843749999999993 0.9039062500000001 0.27812499999999996 0.17343750000000002
51 0.5265625 0.3984375 0.28437499999999993 0.18124999999999997
51 0.496875 0.15546875 0.271875 0.3046875
