30 0.2228548673052421 0.1383851101881722 0.29694115845750607 0.2767702203763444
30 0.7606229946854468 0.2914078588442689 0.4787540106291065 0.5301718068088654
30 0.3795236218773117 0.4845844370824789 0.28041532663883956 0.33152515972258567
30 0.09027261142498147 0.3204635682298832 0.15372897399676272 0.18152554988441416
30 0.19407668286014454 0.3704804882924587 0.17721827622259873 0.17318328940019767
30 0.44287644167972456 0.7048763672136018 0.12315415505671445 0.15050239907521012
30 0.5231865279351695 0.8789563203521108 0.1480555831839928 0.16195387112781856
30 0.6515023773050357 0.9283657607505794 0.137668371282042 0.13497838006710805
30 0.7947455078622156 0.23676959383867316 0.3474054930988678 0.3039173017907681
30 0.3747722406550381 0.4425708190159147 0.13531357289180024 0.13531357289180035
