30 0.5769483539829279 0.7485049652015433 0.6984762001483091 0.5029900695969134
30 0.09522633557057433 0.536468872592063 0.19045267114114867 0.34451730521797036
30 0.22208159681741194 0.42704106168362305 0.32749522356628075 0.31989728182291965
30 0.038220957508125236 0.4304406911284776 0.07644191501625047 0.2081377389793519
30 0.8398314536228937 0.28311715088983336 0.3203370927542125 0.3613968013991504
30 0.8768670571707692 0.485200716644938 0.24626588565846164 0.4320307381468014
30 0.6357596598926543 0.4535436217269969 0.7284806802146916 0.7265791129371777
30 0.483674397929864 0.09779886717707412 0.41458239360267823 0.19559773435414823
30 0.5838622843749666 0.12902907531454655 0.2488814534524827 0.2580581506290931
30 0.3498760881997651 0.10773639136128652 0.3383676590880267 0.21547278272257303
30 0.40576533128311665 0.22417609635436597 0.5271326411574258 0.44835219270873194
30 0.20914889382572857 0.15233533120573256 0.2417501567999662 0.2645439820300496
