24 0.6815894547380466 0.29185688507551066 0.6368210905239069 0.5491943013197027
24 0.7848245683247385 0.4774499295369923 0.4303508633505231 0.7566144770144034
24 0.8500712788615357 0.506032854500817 0.2998574422769288 0.6962373119079087
24 0.5418048608015121 0.48549615823768777 0.724016643438741 0.5667659645133702
24 0.21318177969485771 0.42067169571632995 0.42636355938971543 0.6808066095632476
24 0.43774507200956125 0.6246457194861411 0.7862658487475103 0.510663343051992
24 0.3187637460910053 0.5945950340933788 0.6375274921820105 0.6748496953412824
24 0.5696591238538788 0.8159432866439762 0.6473278390938431 0.3681134267120475
24 0.6218829523980127 0.8841484168356196 0.43577470594095913 0.23170316632876076
24 0.7390660816905925 0.25111105971543457 0.521867836618815 0.5022221194308691
