21 0.4578125 0.86015625 0.0234375 0.01953125
21 0.44921875 0.8687500000000001 0.014843749999999989 0.017187500000000022
21 0.43671875 0.86953125 0.015625 0.016406249999999956
21 0.565625 0.8882812499999999 0.015625 0.017968749999999978
21 0.578125 0.88125 0.017187500000000022 0.01953125
21 0.46484375 0.6625 0.017187500000000022 0.018750000000000044
21 0.48203125 0.66953125 0.015625 0.016406249999999956
21 0.57890625 0.753125 0.01953125 0.015625
21 0.490625 0.6499999999999999 0.015625 0.017968749999999978
21 0.51640625 0.6375 0.020312499999999956 0.017968749999999978
21 0.45234374999999993 0.50859375 0.01874999999999999 0.016406249999999956
21 0.44609374999999996 0.4921875 0.01874999999999999 0.014843749999999989
21 0.43359375 0.5046875 0.014062499999999978 0.01171875
21 0.5257812500000001 0.47578124999999993 0.021093750000000022 0.010937499999999989
21 0.590625 0.6703125 0.01171875 0.01171875
21 0.7015624999999999 0.62578125 0.014062499999999978 0.013281250000000022
21 0.83125 0.6296875 0.012499999999999956 0.017968749999999978
21 0.86328125 0.66796875 0.014062499999999978 0.014843750000000044
21 0.9140625 0.56953125 0.017187500000000022 0.013281250000000022
21 0.95 0.5734375 0.013281250000000022 0.012499999999999956
21 0.93828125 0.5718749999999999 0.014062499999999978 0.014062499999999978
21 0.34375 0.24921875 0.009375000000000022 0.0078125
21 0.33125 0.39296875 0.021093750000000022 0.013281250000000022
21 0.175 0.5046875 0.014843749999999989 0.012499999999999956
21 0.16640625000000003 0.49531249999999993 0.014062500000000006 0.014843749999999989
21 0.1296875 0.428125 0.009374999999999994 0.0078125
21 0.134375 0.47578125 0.008593750000000011 0.01171875
21 0.1359375 0.74375 0.014843749999999989 0.012499999999999956
21 0.22734375 0.67265625 0.013281249999999994 0.01171875
21 0.34296875000000004 0.6578125 0.008593750000000011 0.01171875
21 0.86875 0.51953125 0.022656250000000044 0.020312499999999956
21 0.7796874999999999 0.46484375 0.021874999999999978 0.017968749999999978
21 0.6890624999999999 0.43359375 0.017968749999999978 0.01953125
21 0.66953125 0.428125 0.010937500000000044 0.017187500000000022
21 0.61328125 0.41015625 0.01953125 0.017187500000000022
21 0.61328125 0.39453125 0.021093750000000022 0.010937499999999989
21 0.6117187500000001 0.38359374999999996 0.017187500000000022 0.014843749999999989
21 0.5953125000000001 0.38593749999999993 0.017187500000000022 0.014843749999999989
21 0.5984375 0.36875 0.014062499999999978 0.012500000000000011
21 0.58671875 0.37109375 0.013281250000000022 0.014843749999999989
21 0.60859375 0.34375 0.018750000000000044 0.01874999999999999
21 0.51328125 0.28203125000000007 0.018750000000000044 0.012500000000000011
21 0.50625 0.271875 0.021875000000000033 0.01171875
21 0.59765625 0.24609375 0.015625 0.01171875
21 0.44453125 0.20234375 0.014062499999999978 0.012500000000000011
21 0.43046874999999996 0.20546875 0.010937499999999989 0.008593750000000011
21 0.44375 0.22734375 0.010937499999999989 0.008593750000000011
21 0.28593749999999996 0.30546875 0.007031249999999989 0.013281250000000022
21 0.2734375 0.3828125 0.006249999999999978 0.012500000000000011
21 0.265625 0.3828125 0.007031249999999989 0.009375000000000022
21 0.34765625 0.31171875 0.012500000000000011 0.009375000000000022
21 0.76328125 0.31640625 0.01171875 0.007031249999999989
21 0.73125 0.3296875 0.0078125 0.0078125
21 0.721875 0.3296875 0.0078125 0.009375000000000022
21 0.7164062500000001 0.32734375 0.009375000000000022 0.013281250000000022
21 0.7046875 0.32109375 0.0078125 0.005468750000000022
21 0.6984375 0.3234375 0.01171875 0.0078125
21 0.7242187499999999 0.36171875 0.006249999999999978 0.006249999999999978
21 0.7296875 0.35859375000000004 0.007031250000000044 0.008593750000000011
21 0.803125 0.3359375 0.0078125 0.009375000000000022
21 0.97734375 0.5625 0.018750000000000044 0.017187500000000022
21 0.909375 0.5484375000000001 0.01953125 0.017187500000000022
21 0.540625 0.51796875 0.01953125 0.008593749999999956
21 0.47890625 0.52734375 0.02031250000000001 0.018750000000000044
21 0.43984375 0.47421875 0.014062499999999978 0.014062499999999978
21 0.453125 0.428125 0.009375000000000022 0.015625
21 0.46796875 0.43828125 0.014062499999999978 0.014062499999999978
21 0.50703125 0.2984375 0.017968750000000033 0.015625
21 0.359375 0.284375 0.010937499999999989 0.009375000000000022
21 0.253125 0.34453124999999996 0.01171875 0.007031249999999989
21 0.2453125 0.34765625 0.007031249999999989 0.009375000000000022
21 0.21171875 0.30859375 0.013281249999999994 0.009375000000000022
21 0.8234375 0.59453125 0.010937500000000044 0.013281250000000022
21 0.35703125 0.12578125 0.007031249999999989 0.009375000000000008
21 0.36406249999999996 0.12578125 0.007031249999999989 0.0078125
21 0.31015625 0.44453124999999993 0.014843749999999989 0.014843749999999989
