41 0.17729786660283303 0.4711596910813909 0.35459573320566606 0.5670066653925105
41 0.5538600074754165 0.21782074798802306 0.5575138951508412 0.4356414959760461
41 0.7891509826749541 0.4461900164525381 0.4216980346500918 0.48319645910512143
41 0.7368667186841429 0.7252100746380375 0.5262665626317141 0.5495798507239249
41 0.33691289619027853 0.6544027805490227 0.27270522614832143 0.26421683249974015
41 0.4946266501942119 0.5071044222136383 0.3433223957639622 0.3557720397818813
41 0.5273254621986899 0.706837524396422 0.26028017748440946 0.2536309357930209
41 0.17795131171300535 0.2461986297580554 0.21594806695792307 0.23221748811770382
41 0.2519163811091909 0.23848085695562402 0.3620223569540347 0.3699448576927105
41 0.3306168543683643 0.2558072260219223 0.5269881718848963 0.5116144520438446
