30 0.2703125 0.14218749999999997 0.28125 0.28359375
30 0.6859375000000001 0.30859375 0.15390625000000002 0.16328125000000002
30 0.7593749999999999 0.115625 0.15859374999999998 0.23046875
30 0.64921875 0.0921875 0.07968750000000002 0.17343749999999997
30 0.38671875 0.8375 0.44218749999999996 0.31953125000000004
30 0.80390625 0.76953125 0.3890625 0.39921875000000007
30 0.28515625 0.08671875 0.11874999999999997 0.11796874999999998
30 0.25078125 0.2078125 0.11406249999999998 0.16093750000000004
30 0.2078125 0.07421875 0.09296875000000002 0.14765625
30 0.32343750000000004 0.16328125 0.10234375000000001 0.13984375
30 0.3671875 0.06484375 0.09921874999999997 0.12578125
30 0.334375 0.825 0.33515625000000004 0.25468750000000007
30 0.703125 0.8328125 0.19609375000000007 0.21718749999999998
30 0.7078125 0.653125 0.19453124999999993 0.16562500000000002
30 0.8890625 0.7242187500000001 0.21953124999999996 0.31875
