30 0.41015625 0.34609375 0.28125 0.3656249999999999
30 0.734375 0.39921875000000007 0.23046875 0.25703125000000004
30 0.30859375 0.73046875 0.6171875 0.40156249999999993
30 0.8570312500000001 0.9234375 0.28359375 0.15156250000000004
30 0.6656249999999999 0.8921875 0.09609374999999998 0.21406250000000004
30 0.725 0.6578125 0.21171874999999996 0.25703125000000004
30 0.9203125 0.6468749999999999 0.15625 0.23281249999999998
30 0.33359375 0.2546875 0.11093749999999997 0.15937499999999996
30 0.42890625 0.31328125 0.13124999999999998 0.13828125000000002
30 0.35468750000000004 0.4 0.10234375000000001 0.17734374999999997
30 0.21875 0.5984375 0.14375000000000002 0.09765625
30 0.51171875 0.40078125 0.09062499999999996 0.1640625
30 0.4703125 0.62578125 0.15937500000000004 0.09453124999999996
30 0.2734375 0.74296875 0.171875 0.11171874999999998
30 0.13515625 0.6921875 0.15546875 0.09921875000000002
30 0.42890625 0.8500000000000001 0.12734374999999998 0.12265625000000002
30 0.4453125 0.75078125 0.12031250000000004 0.11484375000000002
30 0.5640624999999999 0.7562500000000001 0.11953124999999998 0.11484375000000002
30 0.2484375 0.8890624999999999 0.14375 0.10781249999999998
30 0.26796875 0.8125 0.1640625 0.08750000000000002
