30 0.41015625 0.34609375 0.28125 0.365625
30 0.734375 0.39921875 0.23046875 0.25703125
30 0.30859375 0.73046875 0.6171875 0.4015625
30 0.85703125 0.9234375 0.28359375 0.1515625
30 0.665625 0.8921875 0.09609375 0.2140625
30 0.725 0.6578125 0.21171875 0.25703125
30 0.9203125 0.646875 0.15625 0.2328125
30 0.33359375 0.2546875 0.1109375 0.159375
30 0.42890625 0.31328125 0.13125 0.13828125
30 0.3546875 0.4 0.10234375 0.17734375
30 0.21875 0.5984375 0.14375 0.09765625
30 0.51171875 0.40078125 0.090625 0.1640625
30 0.4703125 0.62578125 0.159375 0.09453125
30 0.2734375 0.74296875 0.171875 0.11171875
30 0.13515625 0.6921875 0.15546875 0.09921875
30 0.42890625 0.85 0.12734375 0.12265625
30 0.4453125 0.75078125 0.1203125 0.11484375
30 0.5640625 0.75625 0.11953125 0.11484375
30 0.2484375 0.8890625 0.14375 0.1078125
30 0.26796875 0.8125 0.1640625 0.0875
