30 0.259375 0.29921875 0.28125 0.39921874999999996
30 0.69375 0.353125 0.4828124999999999 0.290625
30 0.08984375 0.6539062500000001 0.1796875 0.15781250000000002
30 0.115625 0.88359375 0.23046875 0.22109374999999998
30 0.18359375 0.540625 0.25468749999999996 0.08203125
30 0.06640625 0.55859375 0.13203125 0.11796874999999996
30 0.7140625 0.7828125 0.56953125 0.43281250000000004
30 0.6773437500000001 0.68984375 0.17343750000000002 0.125
30 0.69609375 0.84140625 0.265625 0.19609374999999996
30 0.8078125 0.65546875 0.12812499999999993 0.15078124999999998
30 0.90703125 0.89453125 0.15156249999999993 0.20390625000000007
30 0.51875 0.7945312500000001 0.15468750000000003 0.20468750000000002
30 0.58671875 0.9312500000000001 0.18515624999999997 0.13437500000000002
30 0.27578125 0.29921875 0.11562500000000003 0.12578124999999998
30 0.23203125000000002 0.17109375 0.12109375000000003 0.13906249999999998
