56 0.10189554960381775 0.46643438975981555 0.2037910992076355 0.19359330866700725
56 0.8401677595708833 0.2831964233313063 0.2569657259575353 0.2452339761991268
56 0.10685758707067997 0.6164254606289987 0.20134955394204207 0.16341689638985457
56 0.18540135812525002 0.7069881657983441 0.24593318747589626 0.24593318747589632
56 0.8138040254814243 0.5136191357023371 0.2807298785801823 0.29793644489251486
56 0.3720045694697669 0.727400619686255 0.35402658060707953 0.3724063218952528
56 0.6322590883766717 0.6811798472717006 0.28287944939494736 0.3102535321645673
56 0.3707420357129819 0.09550391139143763 0.14662187249457576 0.14271128924177284
56 0.22958747992667106 0.1625801330036397 0.16112998326828865 0.1623031582441295
56 0.650042038846942 0.08521064954883487 0.20172512807265508 0.17042129909766973
56 0.12765311493486295 0.32423851690400957 0.20958524731660327 0.2068478390396412
