30 0.5697676256258447 0.22390477486642155 0.6532195008946402 0.4478095497328431
30 0.17007937692127054 0.3448182125130644 0.3401587538425411 0.3702058112495551
30 0.3260693496546343 0.662988175865615 0.3718405766168141 0.3695022413446589
30 0.4117570337880521 0.29946654345130574 0.18812912481003463 0.1886188646457958
30 0.710647737224358 0.6499209314441126 0.39514102161615494 0.3970241057733773
30 0.65619197487236 0.9380678742382231 0.18019121478799893 0.12386425152355374
30 0.3337284979115359 0.851969768953682 0.29106766757078734 0.2900743924109338
30 0.4061898250034325 0.5717836899123043 0.16516215902494408 0.165182852257441
30 0.5819869120191812 0.19832831191778774 0.1638848826071495 0.16425046304792884
30 0.6704425145531147 0.18783180331450505 0.16207243414294203 0.1627484130711757
30 0.4786459126025219 0.05536734757622799 0.16725456300143499 0.11073469515245599
30 0.368798417447565 0.1014255600407101 0.18535669615965256 0.18586712922791065
30 0.6598506312786624 0.2916240081004397 0.16157864856152337 0.162137365838941
30 0.30650489473329895 0.8766595125288266 0.1457137720072753 0.14596209079723865
30 0.6998684211102839 0.606763474269971 0.18810843157753776 0.18863955787829279
30 0.7855970272044865 0.6791156312023667 0.14336615149665544 0.14389038005324473
30 0.5561618926552125 0.2644596326211856 0.1643372817235742 0.16490289674515746
30 0.7395422527420408 0.09213900866492425 0.14292754786856188 0.1432241508676848
