20 0.1669387053763147 0.636696275622922 0.3338774107526294 0.5905471434251589
20 0.15274747782059592 0.251182679221701 0.30549495564119183 0.44659119571855693
20 0.23626751039969787 0.8919518221569237 0.3697776587231005 0.2160963556861526
20 0.5379574244298339 0.5557346666920909 0.7025394169331431 0.6357929630288564
20 0.5029073274124829 0.1896160210315677 0.6194086259360071 0.3792320420631354
20 0.538226265767533 0.9115338450046107 0.3981590368911331 0.1769323099907787
20 0.6286721532941224 0.2288411994223378 0.13444218400765173 0.2611930257652873
20 0.8766291925317524 0.895588563926909 0.24674161493649527 0.14472129211694618
20 0.843720946364324 0.550722990119612 0.3125581072713518 0.4931589914812843
20 0.8149612591008786 0.1645457124032332 0.3216611192316222 0.3290914248064664
