53 0.13046875 0.37968749999999996 0.1296875 0.34374999999999994
53 0.07343749999999999 0.70703125 0.140625 0.1328125
53 0.290625 0.8171875 0.10624999999999998 0.16249999999999998
53 0.48515625000000007 0.51640625 0.41718750000000004 0.6734374999999999
53 0.73984375 0.8375 0.08906250000000004 0.19999999999999996
53 0.621875 0.8656250000000001 0.13437500000000002 0.15000000000000002
53 0.8078125 0.3203125 0.10624999999999996 0.15312499999999998
53 0.2765625 0.07890625 0.08125000000000002 0.1546875
53 0.0953125 0.059375 0.08437500000000002 0.11250000000000002
53 0.8179687499999999 0.6796875 0.13906249999999998 0.26250000000000007
53 0.8382812499999999 0.453125 0.10781249999999998 0.11562500000000003
53 0.734375 0.4625 0.09687500000000004 0.171875
53 0.225 0.47265625 0.05937500000000001 0.12031250000000004
53 0.434375 0.14453125 0.078125 0.09843749999999998
