30 0.3265625 0.13124999999999998 0.20156250000000003 0.26171875
30 0.12656249999999997 0.12656249999999997 0.25234375 0.25234375
30 0.4015625 0.25703125 0.05312499999999998 0.19218750000000004
30 0.5640625 0.12265625 0.2671875000000001 0.2453125
30 0.83515625 0.11406250000000001 0.16328124999999993 0.1875
30 0.696875 0.13125 0.13671875 0.2546875
30 0.82421875 0.2765625 0.16328124999999993 0.18046875000000004
30 0.6828125 0.31953125 0.11562499999999998 0.09609374999999998
30 0.2140625 0.56953125 0.428125 0.40156249999999993
30 0.6703125 0.7984375 0.48046875 0.39921874999999996
30 0.9593750000000001 0.95703125 0.07968750000000002 0.08437499999999998
30 0.26328125 0.65546875 0.140625 0.25
30 0.715625 0.76796875 0.15703125000000007 0.12421875000000004
30 0.83359375 0.72890625 0.15703124999999996 0.07343750000000004
30 0.7625 0.6265625000000001 0.19921875 0.06796875000000002
30 0.54140625 0.675 0.17578125 0.09531250000000002
