30 0.3265625 0.13125 0.2015625 0.26171875
30 0.1265625 0.1265625 0.25234375 0.25234375
30 0.4015625 0.25703125 0.053125 0.1921875
30 0.5640625 0.12265625 0.2671875 0.2453125
30 0.83515625 0.1140625 0.16328125 0.1875
30 0.696875 0.13125 0.13671875 0.2546875
30 0.82421875 0.2765625 0.16328125 0.18046875
30 0.6828125 0.31953125 0.115625 0.09609375
30 0.2140625 0.56953125 0.428125 0.4015625
30 0.6703125 0.7984375 0.48046875 0.39921875
30 0.959375 0.95703125 0.0796875 0.084375
30 0.26328125 0.65546875 0.140625 0.25
30 0.715625 0.76796875 0.15703125 0.12421875
30 0.83359375 0.72890625 0.15703125 0.0734375
30 0.7625 0.6265625 0.19921875 0.06796875
30 0.54140625 0.675 0.17578125 0.0953125
