56 0.5296875 0.25859375 0.18984375000000003 0.19687500000000002
56 0.31875 0.309375 0.16953124999999997 0.17343750000000002
56 0.6890625000000001 0.3171875 0.24765625000000002 0.21250000000000002
56 0.83984375 0.37421875 0.3203125 0.13906249999999998
56 0.18359375 0.3921875 0.25234375 0.13671875
56 0.12734374999999998 0.46484375 0.24999999999999997 0.0859375
56 0.7367187499999999 0.46796875 0.31796875 0.15468749999999998
56 0.3109375 0.5328125 0.2578125 0.1015625
56 0.7484375 0.59296875 0.3671875 0.18906249999999997
56 0.14453125 0.60546875 0.24765625000000002 0.12890625
56 0.9281249999999999 0.6390625 0.14296874999999998 0.203125
