47 0.20905568334807695 0.31688603030623785 0.21422975041536352 0.2875724082890117
47 0.5962782717843078 0.30426164863592287 0.22213244119045766 0.28137074178071203
47 0.3931013261438851 0.34677644213746384 0.24690008036426925 0.2906235879427903
47 0.72051680370621 0.433110943168394 0.23694549644257024 0.32439251159961235
47 0.5829869533998612 0.5652220256947127 0.23924895126824297 0.34080032370867885
47 0.40067943525062305 0.6379584000502592 0.20875455525320163 0.3032537490519407
47 0.23236112028622888 0.6756483424966132 0.20104507229543173 0.2454737977381225
47 0.9156577582408951 0.7750403736103413 0.15969418657264844 0.24855163745802977
47 0.5002175685491668 0.8467948619814586 0.2188722068215474 0.22169307827822604
47 0.40084828233610503 0.16087559411692406 0.21528235705479482 0.19976756404306145
