21 0.20290062590881644 0.6871067595082803 0.11338583673713915 0.09089597166993268
21 0.15830562057160583 0.7170673676135351 0.08625244099276225 0.0758303084006422
21 0.12391020487164159 0.7214659988724214 0.08131909631196649 0.07309109689713478
21 0.21519781127498272 0.7698058264763099 0.10105247503514958 0.08404794291116435
21 0.26327200965196806 0.7003077349078339 0.10973755191882967 0.1261935507484928
21 0.3666393400894967 0.6240047008526193 0.07529214001062962 0.0637729408298654
21 0.4004051315739746 0.586236994465558 0.10824722394198544 0.0874029587577454
21 0.40468304060777044 0.6627038370178928 0.07459869971449484 0.08172963254068222
21 0.5193057693124717 0.8097036483014909 0.08021166481901282 0.0972161969429981
21 0.535240672934118 0.5549395019762695 0.064257658043539 0.06425765804353911
21 0.5943839029592255 0.581570905666457 0.062134250883105424 0.061585717588783284
21 0.46225465007634947 0.3472146768652461 0.09228976219840868 0.062120431010692645
21 0.44633681963669886 0.292678801181486 0.10434712976918548 0.07308073199282539
21 0.6911342841838573 0.4046828389492504 0.08022893965952849 0.05883614118096636
21 0.7395759325175287 0.39925095718236825 0.05624183667927163 0.05788743656223799
21 0.9709452094988424 0.22682696445948797 0.058109581002315114 0.07665138085807377
21 0.546973475161718 0.06583802834514466 0.06829920425004854 0.06884773754437062
21 0.4851548497137515 0.031190803290689822 0.049871615197970676 0.04987161519797062
21 0.3925114574310693 0.022051896499964918 0.044938270517174805 0.044103792999929836
21 0.9749600301171824 0.26280416396177014 0.050079939765635184 0.05254355565272639
