56 0.546875 0.290625 0.18359375 0.15234375
56 0.36015625 0.315625 0.22265625 0.13437500000000002
56 0.7359375 0.33125 0.20390624999999996 0.13124999999999998
56 0.83515625 0.39765625 0.24062499999999998 0.12656250000000002
56 0.23671874999999998 0.4 0.23828124999999997 0.10546875
56 0.53125 0.434375 0.27734375 0.12343749999999998
56 0.184375 0.47734375 0.28046874999999993 0.09218749999999998
56 0.85703125 0.528125 0.28515625 0.13906250000000003
56 0.24765625 0.565625 0.31171875 0.18906249999999997
56 0.7406249999999999 0.60625 0.3296875 0.22031249999999997
56 0.37265625 0.64453125 0.2593750000000001 0.1953125
56 0.5875 0.6734375 0.24374999999999997 0.2421875
