56 0.546875 0.290625 0.18359375 0.15234375
56 0.36015625 0.315625 0.22265625 0.134375
56 0.7359375 0.33125 0.20390625 0.13125
56 0.83515625 0.39765625 0.240625 0.1265625
56 0.23671875 0.4 0.23828125 0.10546875
56 0.53125 0.434375 0.27734375 0.1234375
56 0.184375 0.47734375 0.28046875 0.0921875
56 0.85703125 0.528125 0.28515625 0.1390625
56 0.24765625 0.565625 0.31171875 0.1890625
56 0.740625 0.60625 0.3296875 0.2203125
56 0.37265625 0.64453125 0.259375 0.1953125
56 0.5875 0.6734375 0.24375 0.2421875
