20 0.15 0.54765625 0.3 0.390625
20 0.16015625 0.26875 0.3203125 0.37734375
20 0.296875 0.76953125 0.36796874999999996 0.459375
20 0.3359375 0.16015625 0.25390625 0.28984374999999996
20 0.5234375 0.3484375 0.39374999999999993 0.36953125
20 0.54609375 0.10703125 0.18281249999999993 0.2140625
20 0.6453125 0.76328125 0.33281250000000007 0.47187500000000004
20 0.7875000000000001 0.18906250000000002 0.3265625 0.36328125
20 0.8328125 0.703125 0.33359375 0.49062500000000003
20 0.8460937500000001 0.359375 0.2953125 0.30703125000000003
