28 0.20390625 0.2375 0.22187499999999996 0.07656249999999998
28 0.19765624999999998 0.3453125 0.2578125 0.07968749999999997
28 0.209375 0.44296875 0.2625 0.09531249999999997
28 0.20859375000000002 0.56328125 0.2578125 0.11250000000000004
28 0.21250000000000002 0.6765625 0.25 0.07343750000000004
28 0.20703125 0.77890625 0.2734375 0.09843749999999996
28 0.4859375 0.22265625 0.24687499999999996 0.07343750000000002
28 0.49296875 0.33046875 0.2671875 0.08281250000000001
28 0.496875 0.4390625 0.2875 0.09843750000000001
28 0.49140624999999993 0.5640625 0.28593749999999996 0.1015625
28 0.4953125 0.6796875 0.259375 0.08906250000000004
28 0.50078125 0.78671875 0.24687500000000007 0.078125
28 0.7632812499999999 0.19687500000000002 0.259375 0.0875
28 0.77265625 0.30859375 0.2890625 0.10312499999999997
28 0.7671875 0.440625 0.23906249999999996 0.08750000000000002
28 0.7765625 0.54921875 0.25312499999999993 0.08906250000000004
28 0.7671874999999999 0.6609375 0.259375 0.1015625
28 0.7835937499999999 0.77421875 0.2515625 0.09843749999999996
