20 0.36640625 0.44843749999999993 0.38828125 0.28593749999999996
20 0.06328125 0.26953125 0.1265625 0.18828124999999998
20 0.1734375 0.025 0.24453125000000003 0.04921874999999999
20 0.48203125 0.184375 0.29609375000000004 0.20156249999999998
20 0.596875 0.5359375 0.38906250000000003 0.49843750000000003
20 0.6195312500000001 0.06484375 0.20468750000000002 0.1296875
20 0.684375 0.26171875 0.24843749999999998 0.18984375000000003
20 0.8671875 0.159375 0.20468750000000002 0.15468749999999998
20 0.9265625 0.84609375 0.14609375000000002 0.28515625
20 0.959375 0.21328125000000003 0.07890624999999996 0.15000000000000002
20 0.96484375 0.43203125 0.06796875000000002 0.12656249999999997
