21 0.615625 0.7265625 0.1953125 0.14765625
21 0.47578125 0.64296875 0.1578125 0.1296875
21 0.31875 0.5546875 0.1109375 0.09375
21 0.303125 0.66796875 0.1140625 0.10859375
21 0.225 0.840625 0.06875 0.06953125
21 0.1515625 0.62578125 0.1203125 0.09375
21 0.22578125 0.665625 0.0703125 0.09765625
21 0.25390625 0.553125 0.06875 0.078125
21 0.359375 0.51640625 0.075 0.0734375
21 0.80546875 0.51796875 0.153125 0.1109375
21 0.76875 0.4578125 0.1125 0.10234375
21 0.66953125 0.15078125 0.0703125 0.09921875
21 0.8234375 0.09765625 0.084375 0.11953125
