17 0.49687500000000007 0.50703125 0.7390625 0.9296875
17 0.3484375 0.01171875 0.03515625 0.0234375
17 0.3578125 0.04921875 0.02734375 0.03828125
17 0.41874999999999996 0.01171875 0.04218749999999999 0.0234375
17 0.46406250000000004 0.08984375 0.04375000000000001 0.02968749999999999
17 0.515625 0.02890625 0.0625 0.0578125
17 0.5828125 0.9765625 0.05625000000000002 0.04296875
17 0.603125 0.0125 0.046093750000000044 0.025
17 0.6828125 0.95 0.06484374999999998 0.09687500000000004
17 0.69140625 0.08203125 0.050000000000000044 0.05312499999999999
17 0.6976562499999999 0.0390625 0.029687499999999978 0.03828125
17 0.72890625 0.0421875 0.03515625 0.03203125
17 0.85234375 0.18359375 0.02734375 0.04296875
