56 0.7235411663807965 0.17181075590305284 0.1757073613394562 0.16356988399499395
56 0.671416639476721 0.31633677440197683 0.24486225449492083 0.2157323088682115
56 0.2558421436302319 0.4989050180733474 0.1954604534761556 0.18494130644428847
56 0.8639165920670883 0.2887920896341973 0.21216251985746148 0.20730752891967674
56 0.5947768469330592 0.46130780939837523 0.22169398794400486 0.21319775380288125
56 0.15657191846802693 0.6878064539449948 0.27178594492638297 0.2535797289096897
56 0.8870342414148479 0.41453133169943635 0.22593151717030424 0.28542986447152563
56 0.3874904378708012 0.6878471312492114 0.30314809412123483 0.3229726404505231
56 0.837689935295118 0.5515559160833305 0.29441154902944944 0.2895565580916646
56 0.6544048571325668 0.6492169811941128 0.32915555979996186 0.33603346362849046
