30 0.4719784164315256 0.7872078491708223 0.6023023920215902 0.42558430165835537
30 0.5334010743055667 0.6991429080216041 0.8036186181966438 0.6017141839567919
30 0.67795984088864 0.8652655119458271 0.3299889351481414 0.26946897610834575
30 0.3882840202010617 0.8981575542608087 0.31601828073191834 0.20368489147838276
30 0.5 0.5 1.0 1.0
30 0.7903858521827709 0.7578748167423459 0.36061527393544945 0.36849703144846113
30 0.7736559718508795 0.6450458975313095 0.34362996870057405 0.3436299687005741
30 0.8452476791434187 0.7718001639230246 0.26711246835545976 0.2835765840493065
30 0.8339221539804138 0.5750490907315743 0.3321556920391724 0.4105513078435219
30 0.820747884570633 0.6421136519286048 0.35850423085873406 0.44545544659857583
30 0.5814153135801189 0.3299019093955711 0.802264854576461 0.6598038187911422
