30 0.88359375 0.5390625 0.23281249999999998 0.421875
30 0.80859375 0.44999999999999996 0.3828125 0.48437499999999994
30 0.9125 0.29921875 0.16093749999999996 0.2265625
30 0.97421875 0.63359375 0.051562499999999956 0.32343749999999993
30 0.43671875 0.653125 0.8734375 0.6937500000000001
30 0.778125 0.18046875 0.23906250000000007 0.19687500000000002
30 0.6429687500000001 0.22500000000000003 0.17343750000000002 0.18906250000000002
30 0.8179687499999999 0.1046875 0.17031249999999998 0.209375
30 0.57109375 0.1296875 0.16718749999999993 0.259375
30 0.665625 0.11328125 0.28437500000000004 0.2265625
30 0.24140625 0.39609375 0.4828125 0.3984375
