30 0.26352255338905806 0.1639447000423832 0.3618305235536694 0.3278894000847664
30 0.2650917467390074 0.26745769191420377 0.43039075786845543 0.4771551687040847
30 0.09311659832913882 0.28634682386795385 0.16963881189146524 0.2155096352588977
30 0.27233728212753106 0.06618970308150493 0.2293076155785725 0.13237940616300986
30 0.6416060730087145 0.4232581356541656 0.716787853982571 0.8465162713083312
30 0.09679402973054296 0.4674705301899854 0.19358805946108593 0.20253489854571188
30 0.1932444283283364 0.5497382672089948 0.17597751392117106 0.18789201349712747
30 0.15749192239484466 0.6658760890890272 0.1831738367347826 0.2519800717859313
30 0.10605884814122007 0.6149315365249413 0.21211769628244015 0.28947848761527706
30 0.5998283780029241 0.795013615494795 0.5545623895922609 0.40997276901041
30 0.6942338945405825 0.44791691890260443 0.18793592771579126 0.19508462746136518
30 0.844549200812284 0.3782985667930883 0.20138206445053153 0.17844665276681526
30 0.6993483589421505 0.24283300060829346 0.1693795652644815 0.16044369058251423
30 0.5820825431031074 0.7890954458666748 0.20729910886921998 0.20551193393282652
