30 0.38720044473439363 0.2944444917485634 0.31567504926136575 0.3870352890841934
30 0.2945749736224257 0.1777247487956879 0.40996671513694743 0.3554494975913758
30 0.47081456105931707 0.11130388999706378 0.34985037597448315 0.22260777999412756
30 0.2931890517855554 0.3925266509261841 0.35016544634077384 0.382447459593958
30 0.8535780434077083 0.7234380984110347 0.2914118307221484 0.34294978170530166
30 0.6624335687622938 0.4832191923683568 0.5887384532847607 0.643674510926144
30 0.8631455538477925 0.4766559030044347 0.2737088923044151 0.5528872601696395
30 0.10338947055285869 0.6031493518616529 0.20677894110571737 0.4153596135797234
30 0.5162560116058463 0.7980168628013296 0.5974502032342023 0.4039662743973409
30 0.05705208823126867 0.5984001208061002 0.11410417646253734 0.18043889666548973
30 0.06545843945280944 0.7036699161899267 0.13091687890561887 0.17005901307838833
