51 0.3035837859875173 0.4422528496547007 0.5148870465884959 0.5181529806902754
51 0.8189508896368933 0.23989758830386296 0.3032175614642436 0.3082185230575933
51 0.7831502555089679 0.5357656242154216 0.3644489916273701 0.36618401911894033
51 0.6280785322110487 0.6961598890870999 0.3938649096190956 0.38753716229689805
51 0.22166792245505054 0.718845134938099 0.37603402546829995 0.3722577891631176
51 0.08670115568943662 0.5919396761454085 0.17340231137887324 0.3027511770638376
51 0.10783298385451545 0.4125159038567781 0.2156659677090309 0.36614603990960537
51 0.5913285568002622 0.1595366092981605 0.3312687145177863 0.319073218596321
51 0.6177075897698991 0.10668124768818699 0.34596776562315595 0.21336249537637397
51 0.5593367517674046 0.8956240201176198 0.43031112083045875 0.20875195976476046
51 0.39021217609702213 0.8206482665514342 0.47101417758209696 0.3587034668971316
51 0.4155860727934769 0.18662826987941178 0.3756898649369232 0.37325653975882356
