83 0.7632812499999999 0.32421875 0.259375 0.259375
83 0.0765625 0.36796875 0.153125 0.23593750000000002
83 0.81640625 0.459375 0.24453124999999998 0.33984375
83 0.36328125 0.53203125 0.20703125 0.28437499999999993
83 0.65 0.5515625 0.19999999999999996 0.25078125000000007
83 0.17890625 0.59453125 0.18671874999999996 0.3984375
83 0.603125 0.69921875 0.15703124999999996 0.24531249999999993
83 0.83515625 0.70078125 0.21484375 0.33671874999999996
83 0.7484374999999999 0.703125 0.16640624999999998 0.36484375
83 0.1953125 0.0765625 0.14296874999999998 0.153125
83 0.5546875 0.8296875 0.17499999999999993 0.34062499999999996
83 0.33046875 0.8703125 0.33515625000000004 0.2593749999999999
83 0.38828125 0.10703125 0.13906250000000003 0.2140625
83 0.746875 0.14453125 0.16093750000000007 0.18359375
83 0.47421875 0.19765625 0.12187499999999996 0.25078125
83 0.14140625 0.2578125 0.17578125 0.27031249999999996
83 0.30703125 0.2671875 0.13671875 0.30078125
