56 0.7394311727442013 0.27898635805772887 0.16896301868800712 0.20919473260664528
56 0.31106171735958243 0.20212961907995589 0.25364662682136 0.19182716397076977
56 0.8380239708586383 0.4144715690090661 0.20650928465349194 0.17461829191310801
56 0.24361339395399803 0.3434548411612892 0.2770968876261653 0.25747166132439053
56 0.8430802935700688 0.5926156058400822 0.2985499040318845 0.3171938690185705
56 0.7852904126299842 0.7273042933812259 0.2647050691035502 0.35301858746153636
56 0.18705235260418746 0.5502877507953101 0.36076866722492185 0.3460497474985908
56 0.31080620132902104 0.6967317646149385 0.3002561679446495 0.368944460000861
56 0.4966833283823936 0.8624681192922501 0.243338857120102 0.2750637614154997
56 0.6436259106149427 0.19391005274945566 0.15824519092737466 0.1813048318319599
56 0.4755288588749459 0.1520613279584494 0.1905854893888677 0.19549179596431143
