20 0.45546875 0.49453125 0.42265624999999996 0.28515625
20 0.10625 0.47109375 0.2125 0.20468749999999997
20 0.23515625 0.5984375 0.4703125 0.17578125
20 0.20234375 0.35859375 0.31328125000000007 0.09921875000000002
20 0.296875 0.428125 0.26953125 0.16093749999999996
20 0.5171875 0.2703125 0.5835937500000001 0.38125
20 0.61484375 0.61484375 0.3617187499999999 0.140625
20 0.725 0.50390625 0.20781249999999996 0.12656249999999997
20 0.81015625 0.61328125 0.32734375000000004 0.10234374999999996
20 0.890625 0.43125 0.21640625000000002 0.2953124999999999
