26 0.184375 0.171875 0.1 0.2578125
26 0.20078125000000002 0.34765625 0.0796875 0.26171875
26 0.28203125 0.48046875000000006 0.20000000000000004 0.28203125000000007
26 0.3015625 0.109375 0.11406249999999998 0.21875
26 0.275 0.23828125 0.03828124999999999 0.07499999999999998
26 0.33671875 0.22578125 0.09531250000000002 0.20859375000000002
26 0.36796875 0.22578125 0.07265624999999998 0.16875000000000004
26 0.45 0.41953125 0.15468749999999998 0.609375
26 0.57265625 0.49921875 0.2640624999999999 0.9984375
26 0.684375 0.57578125 0.328125 0.8460937499999999
26 0.7921875 0.65234375 0.3734375 0.69453125
