20 0.7063563844050862 0.5154102947918857 0.15671710780905634 0.1698759965917206
20 0.5413915692148276 0.19620624718744767 0.1661947543753018 0.18341330033559677
20 0.5213579202284295 0.3140467013398833 0.15164721671542553 0.1585066374638357
20 0.6894267930045096 0.18230961224040917 0.0935038495502396 0.09938335304887685
20 0.540512345274726 0.4552842650663786 0.12387641263770421 0.1270961407441008
20 0.7267205375256076 0.2911567619973967 0.20742089040085776 0.22547936543238656
20 0.7607125821442677 0.36979529225900276 0.08490019302418117 0.0882599093091167
20 0.5440509823626485 0.7009889227935164 0.163958687821404 0.172497966712282
20 0.7788328178610198 0.5596166047883968 0.1516232613018813 0.1607224929069152
20 0.6947194091810698 0.8254279050953339 0.17708987688779843 0.1747100778526357
