17 0.25071320615929893 0.5251997039801326 0.3384092140364973 0.3182400980682646
17 0.42601935857491247 0.5613259609251672 0.06972165272614789 0.07211459868848058
17 0.6752999005737375 0.6325592200186874 0.47798426611079764 0.5306290772821167
17 0.5262063301994913 0.25698252953174805 0.4510784825667971 0.45142033198998754
17 0.6879827976243924 0.4525299022528995 0.09572104767653755 0.10495098210267784
17 0.7600001597146251 0.40973595614846436 0.09850602432165345 0.10636856105503228
17 0.8118954611752801 0.4841337188861317 0.08968379181413266 0.09207673777646541
17 0.8508631694980457 0.41257736589504956 0.09567086641694444 0.10079860776480021
17 0.9308058365272946 0.5489659496163443 0.10473458582846973 0.10644383294442172
17 0.9571459855912087 0.4819790922757194 0.08570802881758266 0.10573504346824436
17 0.9402458737546209 0.40389938369328543 0.09364486050759868 0.10492589147288134
