21 0.31015625 0.3703125 0.07343749999999999 0.07968750000000002
21 0.24765624999999997 0.35 0.052343749999999994 0.05390624999999999
21 0.1953125 0.3421875 0.05859375 0.06953124999999999
21 0.15234375 0.3 0.040624999999999994 0.0625
21 0.04765625 0.14921875 0.057031250000000006 0.06562500000000002
21 0.43437500000000007 0.0359375 0.09453125000000001 0.071875
21 0.3359375 0.509375 0.0859375 0.08281249999999996
21 0.34765625 0.590625 0.08281250000000001 0.07109374999999996
21 0.21484375 0.8218750000000001 0.052343749999999994 0.07187500000000002
21 0.16171875 0.7453125 0.05078125 0.04296875
21 0.13671875 0.825 0.05234375000000001 0.034375000000000044
21 0.10546875 0.9867187499999999 0.07187500000000001 0.025781249999999978
21 0.2984375 0.89140625 0.0703125 0.05703124999999998
21 0.68828125 0.8335937500000001 0.04531249999999998 0.05625000000000002
21 0.6015625 0.8078125 0.03749999999999998 0.032031249999999956
21 0.625 0.76171875 0.035937499999999956 0.046093750000000044
21 0.70546875 0.7625 0.043749999999999956 0.047656249999999956
21 0.6125 0.56796875 0.05078125 0.047656249999999956
21 0.6171875 0.4703125 0.061718750000000044 0.03515625
21 0.73671875 0.425 0.053906250000000044 0.05859375
21 0.7632812499999999 0.2328125 0.06484374999999998 0.06718750000000001
21 0.74375 0.12109375 0.055468749999999956 0.06015625000000001
21 0.38671875 0.22031250000000002 0.046875 0.057031250000000006
21 0.41484375 0.37187500000000007 0.07187500000000002 0.10625000000000001
21 0.35859374999999993 0.36953125 0.05390624999999999 0.09062500000000001
21 0.09687499999999999 0.13046875 0.034375 0.0390625
21 0.590625 0.846875 0.0390625 0.05234375000000002
21 0.6375 0.11250000000000002 0.053906250000000044 0.04375000000000001
