56 0.36682652935153104 0.14509944785791914 0.20699650280655074 0.2248454288795289
56 0.7453105873231405 0.48677545468689365 0.17690956752295672 0.19123567923942608
56 0.7207854233234794 0.6651068338211188 0.2238532416054596 0.22526236734806315
56 0.12018495813545019 0.37570685486900235 0.2241827625188479 0.22277363677624434
56 0.5494686499933638 0.787176696838195 0.2563761373485387 0.2758690434545543
56 0.13740612857652845 0.6110224356611991 0.2748122571530569 0.33054659871880754
56 0.3688469348679892 0.8326874713369945 0.2103317961841028 0.22043053067276153
56 0.6472597200150927 0.21016720091822513 0.20427110567734597 0.23080964049637914
56 0.5138948894830404 0.16624923423635926 0.170570313948193 0.19217690866811382
56 0.7313486439628719 0.33943034375432946 0.16831824993376032 0.18687173887804015
