52 0.4967641049463635 0.381240120975077 0.24725716239598705 0.28324455230626144
52 0.15407769957248948 0.4096905151756831 0.30815539914497897 0.3579565168607577
52 0.11531739885426709 0.7516832406934608 0.23063479770853418 0.3498767381648459
52 0.3991210733131765 0.6926485951493404 0.2813883784096706 0.32137436719886436
52 0.6931635561604043 0.5914855358336979 0.28345378684896194 0.30344678124355884
52 0.6483118686425245 0.8780871608782169 0.2881849278741997 0.24382567824356616
52 0.32587631150823543 0.149836922274387 0.2687922576262577 0.299673844548774
52 0.7434292897882497 0.2577268433447726 0.2505232191285883 0.2958406730896745
52 0.9255333500809083 0.47869851534949226 0.14893329983818338 0.27293420329491225
52 0.861443379419864 0.7599688079939557 0.2444207035388588 0.27374376198426775
