20 0.9552284445035168 0.6266619213560948 0.08954311099296619 0.15397762743805843
20 0.13259728656899025 0.3555485192039567 0.2651945731379805 0.498847222330752
20 0.3374797598820629 0.14560532095721462 0.38544506144157253 0.29121064191442925
20 0.21906651941562322 0.4885412895673846 0.43813303883124644 0.5897686379196335
20 0.4711399608642485 0.21007268978001506 0.39804797292531213 0.40486797349641485
20 0.6453396846649839 0.12545064908050135 0.2884965190573334 0.2509012981610027
20 0.3671323128943953 0.7132125255314979 0.5509109125440976 0.5674362985433081
20 0.6171883706793045 0.42330342710945346 0.4176141800359183 0.4294180271782115
20 0.8003545217278961 0.2369839927558224 0.26941922357772086 0.27210787764902095
20 0.8745137071051398 0.3931378000352615 0.2509725857897205 0.34783876847620754
20 0.7871663540896185 0.6176297972132823 0.4256672918207629 0.4656768378418815
20 0.5928463492171236 0.8166812147015678 0.549414544452878 0.3666375705968644
20 0.8507592325911779 0.7382580413091535 0.29848153481764417 0.37766472960809505
