20 0.946875 0.27265625 0.0796875 0.13515625
20 0.05625 0.70078125 0.1125 0.5671875
20 0.10859375 0.30390625 0.2171875 0.3359375
20 0.1453125 0.096875 0.28984375 0.19296875
20 0.2328125 0.721875 0.29609375 0.52578125
20 0.2859375 0.30234375 0.24375 0.325
20 0.346875 0.10859375 0.19296875 0.2171875
20 0.5421875 0.74765625 0.29765625 0.49453125
20 0.53671875 0.36484375 0.2296875 0.3703125
20 0.55 0.10390625 0.17578125 0.2078125
20 0.74296875 0.14140625 0.20625 0.28203125
20 0.80390625 0.3875 0.2640625 0.38828125
20 0.84609375 0.75 0.2921875 0.4984375
20 0.925 0.146875 0.14921875 0.29296875
20 0.93984375 0.428125 0.09453125 0.42109375
