51 0.3320934540899684 0.30142378311873563 0.21339671020769285 0.2413693512278854
51 0.44262417361893514 0.12618398903350547 0.21284173371252374 0.2263100423518758
51 0.5842907987647983 0.07655919555491628 0.17942085367560934 0.15311839110983255
51 0.5542527558687591 0.2611142446573157 0.20872080502793455 0.21286489999388902
51 0.7151525967450822 0.3008648833476111 0.14349321147212868 0.1590335675944578
51 0.6863635045275724 0.4175488920885444 0.16060140154975022 0.1751057339305908
51 0.333561470183871 0.5354879899863396 0.28575620814233926 0.2919723505912709
51 0.2886445111291921 0.74618153176466 0.2510356144594112 0.2935125878604443
51 0.14035241033455023 0.8382089601133556 0.17361625962890165 0.24406587405012736
51 0.5257219088934242 0.7732063837640712 0.287370374660362 0.2884063984018508
51 0.513556036231261 0.5522265338197142 0.15920459237352197 0.18821325713520326
51 0.595466473119405 0.49688749837078044 0.18568775909202528 0.24370508861538764
51 0.7767464473409511 0.7044387266313853 0.24014356683072113 0.2712242790753796
51 0.7590049211145571 0.5399150178622288 0.1851051859107372 0.16231266359798774
