20 0.25859375 0.7132812500000001 0.09296875000000002 0.07968750000000002
20 0.1234375 0.6984375 0.0859375 0.05625000000000002
20 0.12109375 0.4640625 0.04296875 0.0390625
20 0.18515625 0.671875 0.07890625000000001 0.04921874999999998
20 0.20078125 0.4765625 0.05390624999999999 0.03281250000000002
20 0.246875 0.87890625 0.11015624999999998 0.0703125
20 0.2421875 0.6046875 0.05390625000000002 0.06640625
20 0.2953125 0.58125 0.06718750000000001 0.04453125000000002
20 0.296875 0.54609375 0.06953124999999999 0.03749999999999998
20 0.34609375 0.60703125 0.06718750000000001 0.0546875
20 0.3578125 0.7625 0.08437500000000003 0.051562499999999956
20 0.3796875 0.5210937500000001 0.07265624999999998 0.028906250000000022
20 0.39765625 0.48124999999999996 0.03671875000000002 0.03046874999999999
20 0.4546875 0.5374999999999999 0.03593750000000001 0.03749999999999998
20 0.48671875 0.4984375 0.06406249999999997 0.04140625000000003
20 0.5648437499999999 0.6796875 0.09218749999999998 0.06093749999999998
20 0.65625 0.609375 0.06953125000000004 0.06093749999999998
20 0.6703125 0.5718749999999999 0.07734375000000004 0.04140624999999998
20 0.66328125 0.5265625 0.046093750000000044 0.04453125000000002
20 0.6890625 0.69140625 0.09296875000000004 0.06015625000000002
20 0.7015625 0.5406250000000001 0.07734375000000004 0.04843750000000002
20 0.73125 0.65625 0.08984375 0.04843750000000002
20 0.7890625 0.58203125 0.05625000000000002 0.0546875
20 0.78984375 0.5234375 0.028124999999999956 0.042187500000000044
