70 0.0828125 0.45703125 0.165625 0.36093749999999997
70 0.21640625000000002 0.4703125 0.14453125000000003 0.33671874999999996
70 0.3109375 0.47578125 0.19453125000000002 0.321875
70 0.4203125 0.478125 0.13437499999999997 0.31718749999999996
70 0.91015625 0.2796875 0.17343750000000002 0.559375
70 0.8343749999999999 0.2875 0.2984375 0.57421875
70 0.57578125 0.2671875 0.17343749999999997 0.5335937499999999
70 0.24375 0.8179687499999999 0.4875 0.3609375
70 0.6515625 0.8187499999999999 0.2984375 0.3609375
70 0.6140625 0.8187499999999999 0.25 0.3609375
