20 0.7120319523660814 0.565071850343123 0.1743133329994886 0.17275275843840254
20 0.3143830496992297 0.3731313113203601 0.18224123717646984 0.18355540522791058
20 0.3366084382986003 0.47063332387994505 0.1666318353321523 0.16170370513924953
20 0.2909501010290838 0.5715339742137417 0.2480516042465551 0.2466553006918994
20 0.5095232171139207 0.27105854209361485 0.10751733989082274 0.11063848901299456
20 0.5874222703140455 0.26081973290264315 0.19763236122205147 0.19681100618990105
20 0.4113456971377287 0.7226533103622192 0.23311925764638358 0.23073732805314717
20 0.7568208346741127 0.4376459337298911 0.20629948492796824 0.20687443345047363
20 0.5544261620931276 0.7768004359757676 0.22111566045104447 0.22070498293496932
20 0.6573098782300275 0.7004397354887908 0.24001343585544965 0.24477729504192236
