56 0.5136075152172531 0.16275633058445377 0.23841177195918645 0.2115838335650243
56 0.8493166192711583 0.387801536534168 0.2176988366157504 0.1867678017613048
56 0.3157353800971295 0.12317175039755965 0.2867253719602981 0.2463435007951193
56 0.8794064891979427 0.5534599340592629 0.24118702160411465 0.2553310086599136
56 0.17335066121831247 0.1777165599608222 0.1795193644200354 0.19530050465189552
56 0.08993534461901845 0.3403835472332951 0.1798706892380369 0.1873337506261527
56 0.7631967313233763 0.8279397768222894 0.30270862741249993 0.3008148905846767
56 0.15021657195140461 0.5290310992874512 0.30043314390280923 0.38526495750364065
56 0.5673365027936954 0.8021391656116644 0.5347208722037433 0.39572166877667114
56 0.24916741401278025 0.7084633926322876 0.4983348280255605 0.5292277904056436
56 0.6875902754255347 0.22041888215332384 0.28468859166949734 0.2764823987489301
