20 0.28046875 0.69453125 0.15390625000000002 0.18515625000000002
20 0.04062500000000001 0.5484374999999999 0.08046875 0.08437499999999998
20 0.04765625 0.65078125 0.0953125 0.12890625
20 0.0984375 0.69765625 0.14609375 0.17890625000000004
20 0.08828125 0.47578125 0.12187500000000001 0.08359375000000002
20 0.18515625000000002 0.51953125 0.17578125000000003 0.18046875000000007
20 0.190625 0.43046874999999996 0.08281249999999998 0.07734374999999999
20 0.2546875 0.44453125 0.07656249999999998 0.0859375
20 0.30937500000000007 0.45859375 0.09453125000000001 0.15859375000000003
20 0.359375 0.55546875 0.140625 0.17343749999999997
20 0.359375 0.41484375 0.0546875 0.06406250000000002
20 0.41875 0.46640625 0.140625 0.12265624999999997
20 0.4984375 0.66953125 0.14531249999999996 0.17109375000000004
20 0.49453125 0.46171875 0.109375 0.07265624999999998
20 0.540625 0.5453125 0.13593750000000004 0.1328125
