20 0.18359375 0.44609375 0.096875 0.14453125
20 0.2234375 0.56015625 0.13046875 0.12421875
20 0.23125 0.25234375 0.1109375 0.10390625
20 0.2125 0.34609375 0.06015625 0.09296875
20 0.2546875 0.6703125 0.11171875 0.121875
20 0.29921875 0.17109375 0.09453125 0.09140625
20 0.3296875 0.69921875 0.140625 0.20078125
20 0.37109375 0.11953125 0.096875 0.07734375
20 0.434375 0.74140625 0.14453125 0.19453125
20 0.4453125 0.09609375 0.059375 0.06796875
20 0.5265625 0.765625 0.13671875 0.21484375
20 0.5203125 0.0890625 0.08359375 0.078125
20 0.6015625 0.1328125 0.090625 0.103125
20 0.625 0.7203125 0.13671875 0.22578125
20 0.68125 0.15546875 0.08359375 0.10234375
20 0.71640625 0.61796875 0.12265625 0.21875
20 0.72421875 0.2234375 0.11171875 0.09921875
20 0.7625 0.54921875 0.115625 0.196875
20 0.77265625 0.41015625 0.11328125 0.14296875
20 0.77421875 0.32890625 0.0921875 0.1125
