20 0.2892080997766552 0.4283563342695675 0.10706123530761735 0.1083894277654377
20 0.361100269212037 0.23811441037610256 0.14359235809787846 0.14691283924242932
20 0.4406760829230563 0.020500369147610997 0.11254266511097544 0.041000738295221995
20 0.39668964106742843 0.5776992587824894 0.13698840257511202 0.12702695914145956
20 0.510258614305341 0.4051896676844541 0.15021111632717915 0.15618798238737058
20 0.6155063101456437 0.12419443122850962 0.1483356781396561 0.1536484479709374
20 0.5761521680327879 0.6030914606406905 0.09642829429178768 0.12432033590601466
20 0.6850931005750655 0.357336161283522 0.09640609023198654 0.14023644134005753
20 0.7207015341841281 0.5462187161530334 0.10186531597554371 0.10917037449355543
20 0.7808424959314088 0.24384971967255403 0.10184311191574236 0.12508647992759825
20 0.7805675291195214 0.3684777701096541 0.05519085822608405 0.05253447331044342
