56 0.515625 0.33203125 0.1015625 0.08203125
56 0.38125 0.37421875 0.09765625 0.10781249999999998
56 0.27734375 0.4171875 0.12109375 0.09999999999999998
56 0.74140625 0.42109375 0.13124999999999998 0.09531250000000002
56 0.77265625 0.5015625 0.14218750000000002 0.1171875
56 0.2140625 0.5140625 0.20937499999999998 0.11328125
56 0.22578125 0.65234375 0.20156249999999998 0.1015625
56 0.7171875 0.67578125 0.14453125 0.16015625
56 0.64375 0.7765625 0.12656250000000002 0.19374999999999998
56 0.3703125 0.81953125 0.15468749999999998 0.17812499999999998
56 0.5109375 0.83125 0.12656249999999997 0.19687500000000002
