51 0.16214896055174013 0.43673526182101624 0.3111434787035569 0.3162971484596343
51 0.3608129310218967 0.17548374814208503 0.2490910739474867 0.2666135511181498
51 0.5938473805352535 0.13909336090486604 0.31101674726876677 0.2781867218097321
51 0.7434149840374156 0.2808480254962843 0.3312906620548204 0.31119135000611853
51 0.46974401552521416 0.37148219430746565 0.3638798478325735 0.38604062778370635
51 0.3028314265939428 0.6751106456824733 0.320039889960126 0.3267396606430266
51 0.5045130158477805 0.7841008188409225 0.2851047845806949 0.30365799570257357
51 0.7097556906863722 0.7871394842716826 0.2570834826876305 0.27151375800464717
51 0.5936094685245463 0.5610582683108067 0.26777945774060286 0.26726409076499513
51 0.875829733794539 0.4404525667240864 0.24834053241092202 0.26490128869042223
