61 0.15609865600560713 0.07754112200363736 0.1558677420836987 0.15508224400727472
61 0.19741261721596612 0.21999131256741147 0.24870202049023 0.20816419324127206
61 0.0677996587437282 0.28854869572295805 0.10863172336735788 0.22053896478701623
61 0.789271954522372 0.3499914131848282 0.42145609095525605 0.5692234995337941
61 0.750823408647331 0.33827492313486446 0.4513007720874933 0.5409407562858931
61 0.8229280902782596 0.44867141879735023 0.35414381944348083 0.3767547736223532
61 0.24547144018260408 0.7709039432939214 0.49094288036520817 0.43981388463052506
61 0.8589660122385147 0.7472682167260708 0.24271034671552516 0.30779925243920414
61 0.6228152361459487 0.7259151026176147 0.3623447167158785 0.40288254396483636
61 0.67962132111717 0.803807499113263 0.5406250508965275 0.392385001773474
