20 0.778125 0.7078125 0.1171875 0.11640625
20 0.071875 0.571875 0.115625 0.14140625
20 0.08515625 0.746875 0.0984375 0.1296875
20 0.16953125 0.72890625 0.09375 0.1546875
20 0.17109375 0.55390625 0.078125 0.14140625
20 0.228125 0.89453125 0.08671875 0.11484375
20 0.2484375 0.5390625 0.0765625 0.1375
20 0.259375 0.728125 0.0859375 0.14140625
20 0.30390625 0.88671875 0.06796875 0.13046875
20 0.328125 0.528125 0.08203125 0.1421875
20 0.35859375 0.69921875 0.11328125 0.1453125
20 0.3953125 0.87890625 0.1140625 0.1375
20 0.4078125 0.5375 0.07578125 0.12421875
20 0.4421875 0.37265625 0.0828125 0.11796875
20 0.4515625 0.09296875 0.08828125 0.084375
20 0.4421875 0.23125 0.05625 0.11484375
20 0.4546875 0.6953125 0.071875 0.11796875
20 0.49609375 0.53828125 0.10859375 0.15078125
20 0.49453125 0.87421875 0.0875 0.11640625
20 0.4984375 0.234375 0.0671875 0.12421875
20 0.51171875 0.3890625 0.0609375 0.096875
20 0.52734375 0.7046875 0.08046875 0.14921875
20 0.534375 0.0796875 0.071875 0.06328125
20 0.5765625 0.86171875 0.0875 0.11796875
20 0.55859375 0.23828125 0.0484375 0.1125
20 0.57734375 0.38203125 0.0703125 0.11484375
20 0.60234375 0.525 0.10390625 0.15234375
20 0.59609375 0.25 0.04765625 0.10859375
20 0.61171875 0.69609375 0.07578125 0.13203125
20 0.62578125 0.090625 0.08046875 0.084375
20 0.66015625 0.39453125 0.09296875 0.11484375
20 0.65 0.8703125 0.0703125 0.10546875
20 0.65234375 0.25390625 0.06484375 0.09375
20 0.684375 0.6875 0.08046875 0.11484375
20 0.69375 0.534375 0.08046875 0.13515625
20 0.71328125 0.10625 0.08203125 0.08359375
20 0.71328125 0.246875 0.06171875 0.1109375
20 0.71484375 0.8671875 0.05703125 0.121875
20 0.73828125 0.396875 0.0828125 0.13203125
20 0.78203125 0.54375 0.0984375 0.13203125
20 0.77421875 0.8703125 0.0625 0.11640625
20 0.7765625 0.253125 0.05625 0.1
20 0.7984375 0.09453125 0.0828125 0.10703125
20 0.81171875 0.40859375 0.0703125 0.10546875
20 0.8328125 0.275 0.0578125 0.096875
20 0.8421875 0.8765625 0.0734375 0.10703125
20 0.86875 0.54765625 0.0796875 0.13984375
20 0.86875 0.40625 0.06796875 0.12734375
20 0.884375 0.690625 0.0859375 0.13203125
20 0.86875 0.121875 0.0515625 0.0859375
20 0.8984375 0.26796875 0.0703125 0.12578125
20 0.934375 0.41796875 0.0625 0.10859375
20 0.94375 0.546875 0.06328125 0.12265625
