61 0.27734375 0.28828125 0.5546875 0.5765625
61 0.946875 0.4203125 0.103125 0.26953125
61 0.64453125 0.3421875 0.16796875 0.31015625
61 0.75625 0.32421875 0.2234375 0.31484375
61 0.9359375 0.240625 0.12265625 0.36328125
61 0.58671875 0.15 0.0578125 0.3
61 0.76796875 0.1 0.2640625 0.19921875
61 0.5953125 0.615625 0.071875 0.10546875
61 0.86171875 0.57421875 0.22578125 0.18515625
61 0.49609375 0.86875 0.12265625 0.22109375
61 0.3765625 0.8609375 0.1296875 0.20703125
61 0.50390625 0.93125 0.1078125 0.13203125
61 0.2859375 0.946875 0.13671875 0.10078125
61 0.725 0.90234375 0.3296875 0.1921875
61 0.66484375 0.8140625 0.21171875 0.28828125
