61 0.2953236446413904 0.4751567901128251 0.5906472892827808 0.7970530245599585
61 0.7976184789832759 0.15726015077185518 0.24956195877348009 0.27448884531437456
61 0.5133064161128357 0.2864186181497915 0.3255340197907263 0.34683304960501177
61 0.5889380500660777 0.2022532391410339 0.3716350195596525 0.38532725301169307
61 0.676223505430001 0.10208962987239217 0.32365447371256906 0.20417925974478435
61 0.3475885524733684 0.17321124213890204 0.23344904788921628 0.26972761515530674
61 0.4571943188435901 0.090443949944059 0.33060311108440565 0.180887899888118
61 0.6467949060354345 0.5300810379358487 0.1221794325774922 0.127211620940208
61 0.8280533667232621 0.3305011341198478 0.2919847761447004 0.2858993390549046
61 0.728621115764903 0.7893513551298375 0.2343278394121756 0.24907332159129625
61 0.6307145610805635 0.8583662914310101 0.23096383699253287 0.24254957299041346
61 0.773963903595553 0.8330699638450594 0.16682715848677032 0.17045501521337936
61 0.6141945211670499 0.9500053347121509 0.16968476398252508 0.09998933057569814
61 0.869599496655452 0.6716821227502545 0.260801006689096 0.3566469947636104
61 0.8255567149283267 0.6407889952566916 0.34583012654902856 0.3572988349105669
