11 0.46484375000000006 0.83125 0.37968750000000007 0.334375
11 0.14140625 0.7203124999999999 0.28125 0.4
11 0.8328125 0.83828125 0.33124999999999993 0.3203125
11 0.478125 0.48671875 0.3671875 0.3453125000000001
11 0.84296875 0.49531250000000004 0.3109375 0.37500000000000006
11 0.16562500000000002 0.346875 0.3203125 0.3578125
11 0.1359375 0.959375 0.271875 0.078125
11 0.0546875 0.103125 0.109375 0.203125
11 0.65703125 0.16328125 0.39999999999999997 0.32500000000000007
11 0.28984375 0.10703125 0.3578125 0.20937500000000003
11 0.9351562500000001 0.1765625 0.12656250000000002 0.34687499999999993
