11 0.2578125 0.7484375 0.16718750000000002 0.22968750000000004
11 0.25078125 0.49765625 0.16718749999999996 0.24062500000000003
11 0.26328125 0.2625 0.15625 0.21875
11 0.4203125 0.26484375 0.15625 0.23593750000000002
11 0.58203125 0.26796875 0.15312500000000007 0.22968750000000002
11 0.409375 0.51640625 0.15625 0.24687500000000007
11 0.41796875 0.75703125 0.1453125 0.22343750000000007
11 0.5671875 0.5078125 0.16718749999999993 0.24062500000000003
11 0.5796875 0.7515625000000001 0.1640625 0.23593750000000002
11 0.73984375 0.26796875 0.15625 0.22968750000000002
11 0.73984375 0.50546875 0.1640625 0.24687499999999996
11 0.74375 0.759375 0.15625 0.22968750000000004
