56 0.2265625 0.33984375 0.1484375 0.1375
56 0.74140625 0.44609375 0.13906249999999998 0.16640624999999998
56 0.20937499999999998 0.48671875 0.17187499999999997 0.10468750000000004
56 0.7171875 0.6015625 0.1484375 0.25468750000000007
56 0.2875 0.603125 0.14453125 0.2515625000000001
56 0.5890625 0.68828125 0.11562499999999998 0.27812500000000007
56 0.42578125 0.746875 0.140625 0.34296874999999993
56 0.59375 0.18828125 0.11328125 0.14687499999999998
56 0.375 0.19140625 0.09765625 0.1796875
56 0.4671875 0.19140625 0.08203125 0.18593749999999998
56 0.2859375 0.2453125 0.11093750000000002 0.15703125000000004
