20 0.6328125 0.43515625 0.21406249999999993 0.31640625
20 0.10078125000000002 0.2125 0.13203125 0.14140625
20 0.20937499999999998 0.5828125 0.28125 0.35468749999999993
20 0.1765625 0.24296875 0.15390625000000002 0.11015624999999998
20 0.31484375 0.30546875 0.23281250000000003 0.19218750000000004
20 0.3390625 0.22578125 0.15390625000000002 0.10312500000000002
20 0.42265625 0.55703125 0.27109375 0.2515625000000001
20 0.73828125 0.25703125 0.12031250000000004 0.12109375
20 0.7625 0.40703125 0.08906250000000004 0.18593749999999998
20 0.7874999999999999 0.35546875 0.07656249999999998 0.140625
