16 0.3939857478273877 0.8584111849886519 0.35664651737990716 0.28317763002269625
16 0.19663395471754602 0.6097911251369119 0.39326790943509204 0.3987639647265899
16 0.45531125655817783 0.700271388621081 0.2893469258156318 0.2771633990781742
16 0.3508088889003154 0.4334628447188785 0.4246812933445322 0.4129604321793832
16 0.539354771636553 0.2868111331118349 0.4534916794962076 0.4414623746161863
16 0.8165308046369417 0.4175042943232059 0.36693839072611656 0.3736456137139941
16 0.6364458171334519 0.5347559842316335 0.3715143760280534 0.3647286143008619
16 0.27107121421395697 0.18818033478202012 0.31558075471711194 0.31265053942582477
16 0.41263237165488376 0.10416120015738578 0.347411784812514 0.20832240031477156
16 0.6985823883225869 0.16436173081215874 0.3216951252489506 0.30874048922431213
