16 0.4896809347784866 0.8035991064466855 0.4046047764689707 0.39280178710662894
16 0.22744146816677108 0.8644677641757983 0.3141558515985181 0.2710644716484034
16 0.16438332611132267 0.5982688585278073 0.32876665222264534 0.3102791522707282
16 0.3700277090427029 0.3784789736987393 0.3296313884571107 0.31583904961988357
16 0.4248808719295929 0.5854663927708094 0.262451741672038 0.22213567430168152
16 0.8656888165964542 0.7153525044034056 0.2686223668070915 0.31986803711386247
16 0.74142338253461 0.44321302850853583 0.3236327908466705 0.31408424857474415
16 0.5381478053715346 0.1266281207662405 0.3096972459618956 0.253256241532481
16 0.1306762760216625 0.24907897996895553 0.261352552043325 0.25637245891918264
16 0.3224690732645038 0.188079472364757 0.23728445649397084 0.22985781250469467
16 0.7516955570772739 0.09187902581535928 0.22364440582293277 0.18375805163071857
16 0.6586542462476417 0.30218547080638225 0.2702767433513914 0.2395092182529615
16 0.8549963723945733 0.26102833138802106 0.22835816310208468 0.236845756232686
16 0.9266162446153963 0.4129003608603519 0.14676751076920747 0.24365923346056306
16 0.13970849098012023 0.40922580054888724 0.25740214760794144 0.23300031735746257
16 0.6839340039833683 0.03059257915338695 0.1868561047801377 0.0611851583067739
16 0.28788335564677436 0.08098211589940499 0.2196335825662365 0.12733100727094676
