99 0.809375 0.33515625 0.22187499999999993 0.39140625000000007
99 0.00859375 0.31640625 0.0171875 0.39999999999999997
99 0.03515625 0.31171875000000004 0.0359375 0.40625000000000006
99 0.08984375 0.32421875 0.04843750000000001 0.38515625000000003
99 0.24765625 0.78984375 0.1609375 0.046093750000000044
99 0.25078125 0.73515625 0.16718749999999996 0.07890624999999996
99 0.26328125 0.30390625000000004 0.06406249999999997 0.43359375000000006
99 0.33046875 0.7242187500000001 0.06406249999999997 0.05234375000000002
99 0.33906250000000004 0.76796875 0.02812500000000001 0.03125
99 0.44609375 0.30390625000000004 0.23906250000000007 0.44140625000000006
99 0.46953125 0.72578125 0.17343750000000002 0.07734375000000004
99 0.46328125 0.7867187500000001 0.15781249999999997 0.05625000000000002
99 0.40625 0.753125 0.025000000000000022 0.022656250000000044
99 0.73515625 0.7789062500000001 0.18281249999999993 0.08359375000000002
99 0.96875 0.7554687499999999 0.059374999999999956 0.06484374999999998
99 0.9765625 0.80234375 0.043749999999999956 0.046093750000000044
