21 0.12421874999999999 0.434375 0.2265625 0.27031250000000007
21 0.09921875 0.1640625 0.19687499999999997 0.30000000000000004
21 0.2390625 0.84140625 0.24843749999999998 0.31718749999999996
21 0.3296875 0.40312500000000007 0.19375000000000003 0.5359375
21 0.5 0.621875 0.34531249999999997 0.5109375
21 0.8671875 0.759375 0.265625 0.2421875
21 0.5546875 0.1875 0.20624999999999993 0.37187499999999996
21 0.3265625 0.0546875 0.16093749999999998 0.1078125
21 0.059375 0.715625 0.11875 0.234375
21 0.7234375 0.37812500000000004 0.15625 0.42187500000000006
21 0.91875 0.44375 0.16249999999999998 0.265625
21 0.825 0.13828124999999997 0.23593750000000002 0.2671875
21 0.9609375 0.15625 0.07499999999999996 0.25
21 0.93203125 0.93828125 0.1328125 0.12031250000000004
