21 0.732883348458141 0.7780656789180824 0.21329033236502826 0.27239066434186177
21 0.8543998633474896 0.6919049104941838 0.27530579479072514 0.31949295888555396
21 0.7246253235435021 0.4918057542383708 0.22305495083507987 0.2904403760796937
21 0.7795671640981929 0.2635104996709018 0.2465642789317558 0.2647914841208727
21 0.9065879756091103 0.5570804976025509 0.18682404878177938 0.23135207448203432
21 0.32688064943570555 0.710909495898589 0.2116333137114722 0.2740476829954177
21 0.41289882157961766 0.863266772200009 0.29080319180042014 0.27346645559998195
21 0.26359623880175076 0.22673089118609446 0.21139204110717774 0.27214939173756725
21 0.22016478209631002 0.4391698474322205 0.24417141208614257 0.32923170296868787
21 0.3879171774364812 0.4391150910635915 0.2123631467139424 0.24550351978506396
21 0.4433226108167149 0.23775481541767743 0.22843875766174027 0.29361482470161265
21 0.5174356938141458 0.20040420215057778 0.16691185563421912 0.2160700756897161
21 0.21627854604068175 0.28183910162718107 0.13740861719627473 0.17496770667687916
21 0.36383655740557397 0.5567053643507114 0.16098172444596032 0.17920892963507712
21 0.49302596126758647 0.5358551432765761 0.18051697657565047 0.18106931612683586
21 0.35879389347373947 0.20052875286180333 0.13934481322021702 0.15591499975577783
21 0.41917219644321113 0.3644556837045624 0.19417384629091733 0.24443674544878496
21 0.5571421759750517 0.36926428418791324 0.2174039970172072 0.23618354175750933
