70 0.2046875 0.09140625 0.40859375 0.1828125
70 0.18984375 0.12265625 0.3796875 0.1921875
70 0.2046875 0.271875 0.40859375 0.271875
70 0.790625 0.228125 0.41328125 0.3609375
70 0.70390625 0.29140625 0.5921875 0.2296875
70 0.06640625 0.5140625 0.13203125 0.209375
70 0.0984375 0.5296875 0.196875 0.240625
70 0.18125 0.5640625 0.3625 0.3125
70 0.271875 0.59609375 0.271875 0.2984375
70 0.31640625 0.69453125 0.1828125 0.353125
70 0.10078125 0.89921875 0.2015625 0.196875
70 0.2046875 0.9546875 0.40859375 0.0890625
70 0.74140625 0.7046875 0.5140625 0.5890625
