70 0.2851862549925195 0.6885470796510081 0.38800773657799503 0.2682180092031039
70 0.12157129929366653 0.6938169068866856 0.24314259858733306 0.2809605983651582
70 0.2402029164395505 0.5721205726397227 0.480405832879101 0.5253500493441581
70 0.18889666481743028 0.46241811887196804 0.37779332963486056 0.36902405272510763
70 0.1628690408193474 0.32597569199832316 0.3257380816386948 0.4513008930509236
70 0.5897525651182725 0.3165958398190171 0.8001047188516814 0.6331916796380342
70 0.41804720318376865 0.8388151259088752 0.3428260937563925 0.3223697481822496
70 0.6353895516701729 0.7625425307095253 0.3095929393951211 0.3985795940164688
70 0.8044780144402365 0.6434802974410814 0.31791350725793843 0.37329680978451146
70 0.922770494921954 0.5318277577522168 0.15445901015609198 0.34841241349085594
