70 0.13260618034770522 0.28857292074014107 0.26521236069541043 0.3596018975147916
70 0.12864399846523292 0.3230874241250012 0.25728799693046583 0.3536069693002861
70 0.18774192294992403 0.44588189058612165 0.37548384589984807 0.43723489562060014
70 0.6200840193723642 0.189581832429433 0.5371381917081957 0.379163664858866
70 0.575507850114667 0.23173086629558587 0.6287601460953454 0.46346173259117174
70 0.12894184546805118 0.7247601830855654 0.21770125791215583 0.2472135648071221
70 0.16452022716577008 0.7226816361570785 0.289539012519048 0.30623284268185724
70 0.2535523280417321 0.7120592167122193 0.46913476267658916 0.45005609963337867
70 0.3482456797280258 0.6955649526189537 0.3832478143225943 0.3933833540642999
70 0.4353059535578717 0.759545280482171 0.33241691331508655 0.39740360930602225
70 0.7211740795547084 0.560107583067141 0.5576518408905834 0.7654070861606919
