17 0.06796875 0.221875 0.0875 0.15859374999999998
17 0.1625 0.23046875 0.09531249999999998 0.15156250000000002
17 0.33984375 0.65546875 0.11874999999999997 0.35078124999999993
17 0.36015625000000007 0.34453124999999996 0.07109375000000001 0.14921875
17 0.45390624999999996 0.41171875 0.11249999999999999 0.14999999999999997
17 0.6015625 0.73046875 0.39374999999999993 0.5367187499999999
17 0.50390625 0.19296874999999997 0.01953125 0.028906249999999994
17 0.5132812499999999 0.16953125 0.014062499999999978 0.02734375
17 0.5125 0.20234375 0.004687499999999956 0.021093749999999994
17 0.51875 0.14765625 0.010937500000000044 0.015625
17 0.765625 0.50234375 0.46796874999999993 0.9265625
