30 0.7802174742339902 0.23686967763485425 0.3177154277183383 0.31702620075826576
30 0.8310849884930931 0.4715831125716579 0.33783002301381393 0.347295485867371
30 0.4225186349881921 0.4619418825679793 0.8156408638145782 0.8115055020541428
30 0.38204311412905767 0.47795011361271933 0.2061757323393127 0.20557840230724977
30 0.3354799894633779 0.6534946498718431 0.20097674381761976 0.19753060901725683
30 0.23909336947814294 0.5914275919172854 0.20461234921495713 0.204933988462991
30 0.5478184927202938 0.6396638618004732 0.177174003709009 0.17386571430066078
30 0.5112159666099446 0.33680681817856295 0.19246719519119654 0.18837778189476595
30 0.5977593971644248 0.39625254298846285 0.1894323258704952 0.1869970572782388
30 0.24881430798564383 0.4243018427047661 0.22321496545368397 0.2183444282691711
