51 0.55703125 0.24765625000000002 0.2421875 0.17968750000000003
51 0.3265625 0.20234375 0.26249999999999996 0.25468750000000007
51 0.5109375 0.49296874999999996 0.23125000000000007 0.21093749999999994
51 0.84375 0.553125 0.19374999999999998 0.17812500000000003
51 0.63828125 0.68359375 0.23906249999999996 0.15156249999999993
51 0.5859375 0.8265624999999999 0.19687499999999997 0.19374999999999998
51 0.403125 0.83984375 0.171875 0.14531250000000007
51 0.18125 0.6046875 0.19375000000000003 0.15625
51 0.26171875 0.39296875 0.2265625 0.1953125
51 0.74296875 0.26953125 0.1640625 0.16718750000000002
51 0.80234375 0.38828125 0.2109375 0.1484375
51 0.66484375 0.12031249999999999 0.13906249999999998 0.15625
51 0.5265625 0.109375 0.16250000000000003 0.125
