20 0.50234375 0.134375 0.22421874999999997 0.23593749999999997
20 0.06484375 0.565625 0.1296875 0.29218749999999993
20 0.20234375 0.690625 0.2640625 0.28437499999999993
20 0.34453125 0.6328125 0.15625 0.21328124999999998
20 0.39140625 0.8617187499999999 0.22734375000000007 0.275
20 0.440625 0.57421875 0.26093749999999993 0.43359375
20 0.625 0.85078125 0.33203125 0.290625
20 0.67421875 0.16015625 0.17578125 0.15703125
20 0.85234375 0.79453125 0.26093749999999993 0.34765625
20 0.93046875 0.44453124999999993 0.13828125000000002 0.36015624999999996
