21 0.7453125 0.86640625 0.0390625 0.03515625
21 0.69453125 0.8109375000000001 0.04062500000000002 0.03671875000000002
21 0.6984375 0.7406250000000001 0.04531249999999998 0.03671875000000002
21 0.74609375 0.64765625 0.034375000000000044 0.03281250000000002
21 0.6671875 0.64375 0.029687499999999978 0.030468750000000044
21 0.70234375 0.534375 0.034375000000000044 0.028124999999999956
21 0.53125 0.82734375 0.03749999999999998 0.029687499999999978
21 0.19609375 0.82734375 0.017968750000000006 0.017187500000000022
21 0.17812500000000003 0.821875 0.017968750000000006 0.015625
21 0.18125 0.8421875000000001 0.014843749999999989 0.017187500000000022
21 0.1640625 0.83828125 0.013281249999999994 0.015625
21 0.1671875 0.85546875 0.0234375 0.014843750000000044
21 0.14296875 0.8484375 0.02265624999999999 0.017968749999999978
21 0.15078125000000003 0.82734375 0.017968750000000006 0.016406249999999956
21 0.1328125 0.8203125 0.01874999999999999 0.017187500000000022
21 0.1296875 0.83671875 0.0234375 0.017968749999999978
21 0.14296875 0.8109374999999999 0.01874999999999999 0.014062499999999978
21 0.01953125 0.9117187499999999 0.03515625 0.04531249999999998
21 0.3109375 0.49921875 0.03593750000000001 0.03359374999999998
21 0.19687499999999997 0.5140625 0.028906249999999994 0.018750000000000044
21 0.18203124999999998 0.5234375 0.024999999999999994 0.01953125
21 0.18671875 0.5492187500000001 0.02734375 0.021093750000000022
21 0.0765625 0.44062499999999993 0.03281250000000001 0.02265624999999999
21 0.05 0.50625 0.03515625 0.0234375
21 0.014062500000000002 0.51640625 0.025 0.021874999999999978
21 0.026562500000000003 0.49140625000000004 0.023437500000000003 0.019531250000000056
21 0.1796875 0.37890625 0.02265624999999999 0.01953125
21 0.2140625 0.3703125 0.01953125 0.017187500000000022
21 0.22812500000000002 0.359375 0.017968750000000006 0.021093750000000022
21 0.196875 0.36328125 0.02421875000000001 0.014843749999999989
21 0.4125 0.334375 0.0234375 0.017187500000000022
21 0.47734375 0.34140625 0.028906250000000022 0.025000000000000022
21 0.353125 0.38828125 0.03515625 0.01874999999999999
21 0.49609375 0.321875 0.028124999999999956 0.01874999999999999
21 0.5367187499999999 0.40234375 0.03359374999999998 0.021093750000000022
21 0.5796875 0.40156249999999993 0.030468750000000044 0.02265624999999999
21 0.66484375 0.3609375 0.021093750000000022 0.01640625000000001
21 0.68203125 0.353125 0.024218749999999956 0.01640625000000001
21 0.8828125 0.42109375 0.020312499999999956 0.017187500000000022
21 0.8625 0.41953125 0.01953125 0.014062499999999978
21 0.83828125 0.4234375 0.024218749999999956 0.014843749999999989
21 0.8671875 0.38593750000000004 0.014062499999999978 0.02031250000000001
21 0.88515625 0.38515625 0.022656250000000044 0.01640625000000001
21 0.8828125 0.37109375 0.022656250000000044 0.01874999999999999
21 0.896875 0.3671875 0.01953125 0.02031250000000001
21 0.8460937500000001 0.35234375 0.025000000000000022 0.017968749999999978
21 0.86015625 0.33671875000000007 0.030468750000000044 0.02031250000000001
21 0.8578125 0.31796875 0.01953125 0.013281250000000022
21 0.88515625 0.29296875 0.015625 0.017187500000000022
21 0.48671875 0.7921875 0.02265624999999999 0.018750000000000044
21 0.471875 0.79765625 0.021093750000000022 0.022656250000000044
21 0.5765625 0.5046875 0.034375000000000044 0.02734375
21 0.6109375 0.49765625 0.03515625 0.0234375
21 0.55859375 0.29453125 0.020312499999999956 0.01640625000000001
21 0.56484375 0.2859375 0.018750000000000044 0.017968749999999978
21 0.57578125 0.27890625 0.022656250000000044 0.01953125
21 0.37265625 0.25390625 0.01953125 0.013281250000000022
21 0.3734375 0.24296875 0.017968749999999978 0.010156250000000006
21 0.375 0.22890624999999998 0.01874999999999999 0.017187499999999994
21 0.4046875 0.24296875 0.017968749999999978 0.016406249999999983
21 0.41093749999999996 0.23046875 0.01874999999999999 0.021093749999999994
21 0.42265625 0.18125 0.01171875 0.012500000000000011
21 0.49453125 0.215625 0.022656250000000044 0.014062500000000006
21 0.5140625 0.2125 0.018750000000000044 0.01953125
21 0.5234375 0.22578125 0.0234375 0.024999999999999994
21 0.53125 0.20234375 0.024218749999999956 0.01640625000000001
21 0.5453125000000001 0.1921875 0.021093750000000022 0.01640625000000001
21 0.5687499999999999 0.19296875 0.017968749999999978 0.01953125
21 0.14296875 0.2828125 0.01953125 0.010156249999999978
21 0.1921875 0.271875 0.01640625000000001 0.01640625000000001
21 0.20937499999999998 0.27421875000000007 0.013281249999999994 0.012500000000000011
21 0.22109375 0.2640625 0.01874999999999999 0.01874999999999999
21 0.2046875 0.25625 0.02734375 0.015625
21 0.18203124999999998 0.18984374999999998 0.021093749999999994 0.017187499999999994
21 0.18515625 0.13671875 0.02031250000000001 0.014062500000000006
21 0.19375 0.15 0.015625 0.01171875
21 0.26484375 0.11796875 0.025781249999999978 0.01171875
21 0.284375 0.146875 0.01953125 0.010937499999999989
21 0.28984375 0.11484375 0.015625 0.010156250000000006
21 0.3046875 0.12421875 0.014843749999999989 0.017968750000000006
21 0.28828124999999993 0.13203125 0.02265624999999999 0.01796874999999999
21 0.25 0.0765625 0.017968749999999978 0.01796874999999999
21 0.2609375 0.08828125 0.021093750000000022 0.01718750000000001
21 0.26640625 0.07734375 0.01953125 0.015625
21 0.2953125 0.0765625 0.017968749999999978 0.015625
21 0.30390625 0.065625 0.01953125 0.015625
21 0.29140625 0.02890625 0.015625 0.017187500000000005
21 0.35 0.19921875 0.014062499999999978 0.013281249999999994
21 0.34687499999999993 0.1796875 0.02265624999999999 0.014062500000000006
21 0.4046875 0.0578125 0.017968749999999978 0.010156250000000006
21 0.34609375 0.0359375 0.02031250000000001 0.010156250000000002
21 0.3453125 0.02109375 0.01874999999999999 0.015625
21 0.36015624999999996 0.00703125 0.01874999999999999 0.01328125
21 0.51015625 0.03046875 0.021093749999999967 0.02109375
21 0.48046875 0.1125 0.01640625000000001 0.014062500000000006
21 0.52109375 0.1140625 0.01953125 0.015625
21 0.728125 0.37890625 0.028124999999999956 0.012500000000000011
21 0.72734375 0.3609375 0.024218749999999956 0.021093750000000022
21 0.73515625 0.3453125 0.0234375 0.025000000000000022
21 0.6734375 0.75546875 0.034375000000000044 0.03515625
21 0.65625 0.75703125 0.030468750000000044 0.035937499999999956
21 0.7289062499999999 0.790625 0.03359374999999998 0.024218749999999956
21 0.69375 0.76875 0.028124999999999956 0.030468750000000044
21 0.78671875 0.7875 0.028124999999999956 0.03125
21 0.9007812499999999 0.4453125 0.017968749999999978 0.013281250000000022
21 0.86328125 0.44453125 0.025781249999999978 0.013281250000000022
21 0.55859375 0.14375 0.025000000000000022 0.010156250000000006
21 0.54765625 0.13046875 0.010937500000000044 0.01171875
21 0.9734375 0.5390625 0.03125 0.022656250000000044
21 0.97734375 0.5140625000000001 0.028124999999999956 0.025000000000000022
21 0.99140625 0.5726562499999999 0.01718749999999991 0.014062499999999978
21 0.98828125 0.55546875 0.0234375 0.020312499999999956
21 0.9875 0.6187499999999999 0.02499999999999991 0.025781249999999978
21 0.8609375 0.475 0.024218749999999956 0.0234375
21 0.5859375 0.203125 0.010156249999999978 0.017968750000000006
21 0.59921875 0.20859375000000002 0.015625 0.014062500000000006
21 0.5640624999999999 0.1765625 0.017968749999999978 0.012500000000000011
21 0.59453125 0.14687499999999998 0.014843750000000044 0.017187499999999994
21 0.3859375 0.1515625 0.017968749999999978 0.014062500000000006
21 0.1921875 0.209375 0.01874999999999999 0.01171875
21 0.8929687499999999 0.2828125 0.017968749999999978 0.014062499999999978
