17 0.0390625 0.39453125 0.078125 0.12343750000000003
17 0.06484375 0.51796875 0.08359375 0.15781249999999997
17 0.20859375 0.4703125 0.09453125000000001 0.17421875000000003
17 0.27734375 0.44062499999999993 0.02421875000000001 0.05781249999999999
17 0.32421875 0.58359375 0.07421875 0.171875
17 0.32734375000000004 0.45625 0.06328125000000001 0.08359375000000002
17 0.4421875 0.54453125 0.05234375000000002 0.15078125000000003
17 0.55 0.60625 0.10859375000000004 0.18437500000000007
17 0.6390625 0.4640625 0.015625 0.0625
17 0.75078125 0.47734374999999996 0.032031249999999956 0.06562499999999999
17 0.7765625 0.56171875 0.020312499999999956 0.09062499999999996
17 0.8109375 0.64375 0.038281250000000044 0.109375
17 0.84609375 0.6343750000000001 0.047656249999999956 0.12265625000000002
17 0.8796875 0.565625 0.029687499999999978 0.046875
17 0.9125 0.521875 0.043749999999999956 0.0625
