20 0.45979337563076517 0.7274543429747633 0.19867461319842433 0.2076518540813237
20 0.2813018194105238 0.6812889568754199 0.22028378715223534 0.2166263927184615
20 0.20327759240402743 0.5844776709725683 0.14156851381444047 0.14023855220215908
20 0.1739083761512595 0.44701585839195307 0.14739810194642927 0.144239443117261
20 0.37526087136212 0.7101181154563128 0.15868771620392097 0.16899491869910166
20 0.18002507925040698 0.3590993663326735 0.15396276072274745 0.16061256878415436
20 0.5584567220299002 0.6519471572706906 0.21054676122272975 0.22417886774861384
20 0.3234840762874268 0.2719700759680387 0.1788350527015694 0.19363087563819975
20 0.6013796511378672 0.520459165867084 0.20376777956320313 0.21457371766298938
20 0.46628774747368296 0.2735885036703595 0.1963485314998128 0.19468607948446098
20 0.5427209634258973 0.3735103707207063 0.19462699572453013 0.19313078891071356
