34 0.7093750000000001 0.4515625 0.40859375 0.19687499999999997
34 0.62265625 0.31640625 0.3265624999999999 0.20937500000000003
34 0.6937500000000001 0.71171875 0.28359375 0.21406249999999993
34 0.46484375 0.696875 0.375 0.19921875
34 0.43984375 0.50859375 0.24296874999999996 0.27187500000000003
34 0.31875 0.24765624999999997 0.40156250000000004 0.20156249999999998
34 0.23593749999999997 0.3578125 0.31015625 0.1921875
34 0.478125 0.3765625 0.26171875 0.2140625
34 0.65859375 0.55390625 0.3265624999999999 0.18984375000000003
34 0.44375 0.51171875 0.24531250000000004 0.27656249999999993
34 0.26796875 0.5828125 0.26953125 0.32187499999999997
34 0.12734375 0.61171875 0.2546875 0.33906250000000004
34 0.12656249999999997 0.4234375 0.25234375 0.2593750000000001
34 0.43359375 0.69140625 0.42578125 0.20468750000000002
