56 0.5922426532493319 0.2199032603786265 0.18364331680260448 0.13290433223918763
56 0.7560520247052429 0.31377029971203374 0.20358653604127452 0.18103587623531153
56 0.46738256316144133 0.38786160858248575 0.1999837234809232 0.15911065258261514
56 0.820194570007166 0.432795439418697 0.281860196251447 0.20997996811993963
56 0.7080518088036065 0.5823318393309054 0.300985063693159 0.2904144419091138
56 0.501823460482687 0.5974734298315089 0.2205646963827007 0.23043061004780951
56 0.10926329385732514 0.5746982687589577 0.21173031539187748 0.18565611499123263
56 0.13149070704568921 0.7305875702825588 0.25478267613394834 0.20897664840308583
56 0.7451001466921452 0.8643805814399985 0.2470432043354892 0.2660703235467706
56 0.3281614899920881 0.8338210483156705 0.223927904077168 0.2662103912133489
56 0.510583936414466 0.854464583666299 0.21863553994578755 0.29107083266740197
56 0.4516419604961278 0.1462657343719661 0.20953691906939875 0.16232147510066353
56 0.23780804928840696 0.15049140226841407 0.20135260925152348 0.19007727934854202
