56 0.565625 0.2125 0.1734375 0.1171875
56 0.7375 0.290625 0.1890625 0.1640625
56 0.45703125 0.39140625 0.1875 0.1421875
56 0.8125 0.403125 0.265625 0.1859375
56 0.71484375 0.5625 0.27734375 0.265625
56 0.5109375 0.596875 0.2015625 0.2125
56 0.11796875 0.6109375 0.196875 0.16796875
56 0.1546875 0.7640625 0.23828125 0.1875
56 0.778125 0.83984375 0.225 0.24609375
56 0.36015625 0.8484375 0.2015625 0.2484375
56 0.54375 0.85234375 0.19375 0.275
56 0.41875 0.15234375 0.196875 0.14453125
56 0.20625 0.1765625 0.1859375 0.1734375
