30 0.22572365587556772 0.48564844546327846 0.45144731175113545 0.7149619666997211
30 0.8127795155964348 0.19090354644049456 0.321293142026578 0.38180709288098913
30 0.6601933230129293 0.24196462143078984 0.4370803067321226 0.4839292428615797
30 0.43734829424558197 0.3503729959914928 0.4572840500029572 0.5113469795228863
30 0.4073653815826183 0.8722431553646386 0.4696684473274152 0.2555136892707228
30 0.8184424387158762 0.7873160335582645 0.36311512256824763 0.3202174063765231
30 0.09967983686475049 0.4558341620914187 0.19935967372950097 0.2444395709858978
30 0.19467934975173706 0.6053593355829369 0.17884700633889428 0.18172269407931618
30 0.16454144859924152 0.3414854516143164 0.16842976622670014 0.16440380339010968
30 0.38432322029441884 0.9011016089699153 0.20461659028626322 0.19779678206016937
30 0.4980786669937679 0.8679446580263181 0.17891177058557028 0.20939406063404098
30 0.39943402301432673 0.9567826735223438 0.19008072166169576 0.08643465295531239
