20 0.047819418245503065 0.43815880985323624 0.09563883649100613 0.1463486163006592
20 0.05939367391751085 0.527906722176811 0.07079496374827338 0.07798313972169407
20 0.10223229215270493 0.6451522671956381 0.1625528547614165 0.19914720517155793
20 0.12531814919120546 0.4692741626518294 0.14033831053890516 0.19196248343892613
20 0.08056863011153573 0.7912127487181602 0.09947967796396212 0.12235114697030047
20 0.16693048156787568 0.7744530224216757 0.14473626923250166 0.17152856149706952
20 0.18372135230727366 0.6086731706967515 0.11313456968977142 0.18174897670878654
20 0.7805602157529591 0.2071990838992037 0.11206734773497473 0.16499846172107208
20 0.8444631982011228 0.13086634417015836 0.10916417937108835 0.10197600339766766
20 0.8858750157846005 0.2368265548496642 0.1512064392256791 0.20871184701304424
20 0.8350598668147418 0.49538886096365203 0.11159251512680013 0.16190974694074456
20 0.8515890852887165 0.6449495058510675 0.1351739302182079 0.16327316356885213
20 0.9144663529473633 0.4261820645980149 0.13172448532736436 0.19968542180334126
20 0.9015317700289898 0.5514524997225494 0.08041492971819453 0.10132598709541829
