20 0.703125 0.35859375000000004 0.13515624999999998 0.11015625000000001
20 0.03515625 0.6664062500000001 0.0703125 0.10703125000000002
20 0.03515625 0.35546875 0.06796875 0.09140624999999997
20 0.06640625 0.24609375 0.109375 0.08984375
20 0.19921874999999997 0.86796875 0.12265624999999997 0.11640625000000004
20 0.240625 0.24843749999999998 0.09609375000000003 0.09765624999999997
20 0.271875 0.33984375 0.10703124999999997 0.11249999999999999
20 0.284375 0.5671875 0.11093750000000002 0.09921875000000002
20 0.3 0.93984375 0.10390624999999998 0.10546875
20 0.40234375 0.37031250000000004 0.109375 0.12187500000000001
20 0.4046875 0.2328125 0.11328125 0.12031249999999999
20 0.44609375000000007 0.74921875 0.11015625000000001 0.09687500000000004
20 0.61328125 0.53203125 0.1171875 0.09375
20 0.80625 0.0125 0.09375 0.025
20 0.8453124999999999 0.6390624999999999 0.09999999999999998 0.09999999999999998
20 0.9375 0.31484375 0.11484375000000002 0.11562500000000003
20 0.96953125 0.20390625 0.059374999999999956 0.11875000000000002
