30 0.29921875 0.2140625 0.334375 0.428125
30 0.6546875 0.1 0.24296874999999996 0.19921875
30 0.9109375 0.34765625 0.16093750000000007 0.16328125
30 0.09609375 0.95546875 0.1921875 0.08671874999999996
30 0.29296875 0.8953125 0.21875 0.20703125
30 0.40625 0.82109375 0.12265624999999997 0.25
30 0.09765625 0.80625 0.19453125 0.26953125
30 0.33984375 0.615625 0.25234375 0.27421874999999996
30 0.53984375 0.7140625 0.14218749999999997 0.56953125
30 0.83203125 0.71171875 0.334375 0.5625
30 0.64765625 0.0640625 0.10468750000000004 0.12734375000000003
