30 0.27015928313053816 0.5058798804351692 0.4382362556432198 0.4572724647612114
30 0.3397259552610938 0.3187009115045498 0.3653773865548219 0.4707903945457011
30 0.1153054207153531 0.3384797164255621 0.2306108414307062 0.2459071904934721
30 0.2190590616787291 0.25022632956856955 0.2542809011946729 0.2894978880629576
30 0.0740993620143634 0.23730172392544888 0.1481987240287268 0.15593894646257195
30 0.47675304597023355 0.23860961078560977 0.32172192617357076 0.3590804865676295
30 0.6066155826477334 0.14556912639906772 0.2832522344236839 0.29113825279813543
30 0.6539484067906178 0.04333108696151991 0.12749582212473054 0.08666217392303982
30 0.5453093744073967 0.04757820916239816 0.24443063837197315 0.09515641832479632
30 0.3935586644697766 0.07204730554405331 0.12003131501605274 0.12812170389119926
30 0.5931779896106921 0.9088509274158447 0.317977037251469 0.18229814516831055
30 0.5711727498755862 0.792891225121669 0.35703000390444783 0.36369267709574493
30 0.3678552576196168 0.8606252687264644 0.2251370830403201 0.20967016313195186
30 0.41915188213732507 0.6767710543787868 0.24074739747450058 0.20053340571274314
30 0.782168105292298 0.598864286487431 0.4356637894154042 0.6111415349609155
