30 0.20859375 0.24375 0.4171875 0.4875
30 0.85234375 0.0640625 0.29296875 0.12734375000000003
30 0.59453125 0.15234375 0.3203125 0.3046875
30 0.8929687500000001 0.17578125 0.16562500000000002 0.1875
30 0.75625 0.19140625 0.13671875 0.25468749999999996
30 0.88203125 0.3453125 0.16328124999999993 0.19687499999999997
30 0.7406249999999999 0.39921874999999996 0.11562499999999998 0.1296875
30 0.1359375 0.6703125 0.271875 0.35546875
30 0.2453125 0.796875 0.28828124999999993 0.3921875
30 0.06875 0.89921875 0.13671875 0.19921875
30 0.071875 0.59140625 0.14375 0.20781249999999996
30 0.68125 0.74375 0.5265625 0.5093750000000001
30 0.60703125 0.703125 0.19999999999999996 0.13984374999999993
30 0.7890625 0.8109375 0.13984374999999993 0.16484374999999996
30 0.15703125 0.26640625 0.271875 0.28828124999999993
30 0.7289062500000001 0.6640625 0.14218750000000002 0.14453125
