30 0.729229112178453 0.8442881589533733 0.21761269128578253 0.23102631206220392
30 0.426778315895311 0.49356439527914153 0.17647479672221222 0.1824364059561771
30 0.8384307676344811 0.2824777010694981 0.3231384647310379 0.3546612878191665
30 0.8333969099972132 0.5199473012683467 0.3332061800055738 0.42979641097976007
30 0.36657060491261184 0.7136338391068886 0.7179320062515249 0.5727323217862228
30 0.4137545690807768 0.23627992049394217 0.5922328054969754 0.47255984098788434
30 0.6369958863627687 0.09972102512464737 0.3549119009630509 0.19944205024929473
30 0.047903542965647 0.40211199112712037 0.095807085931294 0.26767136203845365
30 0.08047598853247553 0.4965019245724302 0.16095197706495107 0.3690403566777053
30 0.18500153053094243 0.48018882413451885 0.37000306106188485 0.36585989765631866
