30 0.18906250000000002 0.23671875 0.35546875 0.4734375
30 0.69921875 0.4078125 0.2671875 0.3609375000000001
30 0.90234375 0.41796875 0.18984374999999998 0.33906250000000004
30 0.47265625 0.41953125 0.20703125 0.33671874999999996
30 0.8734375 0.9468750000000001 0.19218749999999996 0.10312500000000002
30 0.6625 0.94921875 0.25 0.09843749999999996
30 0.77265625 0.6859375 0.2671875 0.17578125
30 0.5328125 0.8171875 0.25468749999999996 0.17578125
30 0.9 0.83984375 0.19453125000000004 0.16796875
30 0.72734375 0.84765625 0.28125 0.1875
