30 0.6677809137826249 0.12176014847352826 0.1489442090434019 0.19995987345784755
30 0.5335484303245763 0.565995907858041 0.12790497341660795 0.15160922152837059
30 0.1286725199328364 0.3204557385913358 0.25143864477503863 0.29781652151544385
30 0.304590857376056 0.16350697114464824 0.3617868260402509 0.3270139422892965
30 0.780194423468726 0.44369010257496 0.43961115306254794 0.6322559829673318
30 0.26769877427602257 0.751134647610127 0.47273971878221277 0.474285648006893
30 0.05687266956145426 0.6621084421407066 0.11374533912290852 0.3927938743110228
30 0.7848956411220467 0.8882246879365233 0.26867518520838785 0.22355062412695337
30 0.652780507627474 0.7779149685971258 0.3060616337067415 0.2715358810222176
30 0.7920235459690979 0.4284615039846783 0.162555450816654 0.17853005280501577
30 0.928036898089332 0.30434250222936965 0.14392620382133603 0.20059959526225607
30 0.8308683978729844 0.2474797835137212 0.18787689941910934 0.1883922091606694
30 0.8401963323862168 0.4736316773612895 0.15644284885760906 0.19148391128369296
30 0.7201808964625278 0.5918690834667472 0.16088526585546215 0.20365597440494693
