30 0.46796875 0.7953125 0.6421875 0.40937500000000004
30 0.3046875 0.3984375 0.5093749999999999 0.4765625
30 0.20390625 0.23203124999999997 0.4078125 0.3921875
30 0.45390625 0.571875 0.44843749999999993 0.4046874999999999
30 0.6359375 0.02734375 0.19062499999999993 0.0546875
30 0.75390625 0.12265625 0.24843749999999998 0.2453125
30 0.4796875 0.17578125 0.33124999999999993 0.3515625
30 0.7296875 0.27890625 0.32500000000000007 0.353125
30 0.53515625 0.06015625 0.25468750000000007 0.1203125
30 0.63515625 0.15 0.34843749999999996 0.3
