30 0.19140625 0.31640625 0.13671875 0.17343749999999997
30 0.06953125 0.259375 0.1390625 0.16328125000000002
30 0.3453125 0.2515625 0.19687499999999997 0.23593749999999997
30 0.08046875 0.06640625 0.1609375 0.13203125
30 0.20156249999999998 0.09140625 0.18749999999999997 0.1828125
30 0.6851562500000001 0.44375 0.271875 0.17031250000000003
30 0.8773437500000001 0.24765625000000002 0.23593750000000002 0.09375000000000003
30 0.74765625 0.11875 0.16796875 0.18046875
30 0.4359375 0.80078125 0.22343749999999996 0.19218750000000007
30 0.2515625 0.64765625 0.14218749999999997 0.11562499999999998
30 0.48203125 0.61328125 0.13203125000000004 0.16796875
30 0.87734375 0.6359375 0.13671875 0.21406249999999993
30 0.7234375 0.86796875 0.34843750000000007 0.26171875
30 0.98046875 0.66328125 0.03359374999999998 0.19218750000000007
30 0.34609375 0.0953125 0.15234375 0.12031249999999999
