30 0.35546875 0.31484375 0.125 0.32421875
30 0.3109375 0.084375 0.21171874999999998 0.16796875
30 0.7632812500000001 0.1109375 0.47109375 0.22109375000000003
30 0.47734375000000007 0.3421875 0.11796875000000001 0.19218749999999998
30 0.6109375000000001 0.4828125 0.14218750000000002 0.08906250000000004
30 0.365625 0.6968750000000001 0.10234375000000001 0.17343750000000002
30 0.65 0.6765625 0.25468749999999996 0.28359375
30 0.93359375 0.9046875 0.12968750000000007 0.1875
30 0.7953124999999999 0.165625 0.12343749999999998 0.10078124999999999
30 0.89765625 0.11250000000000002 0.12187499999999996 0.2
30 0.640625 0.07734374999999999 0.15234375 0.1484375
30 0.30078125 0.8546875 0.11328125 0.15078124999999998
