30 0.56875 0.18046875 0.16093749999999996 0.32421875
30 0.46640625 0.31484375 0.21406250000000004 0.10546875
30 0.38203125000000004 0.13828125 0.22578125 0.2765625
30 0.36171875 0.53359375 0.2671875 0.30781250000000004
30 0.08203125 0.56953125 0.16328125 0.37968750000000007
30 0.609375 0.5796875 0.07968750000000002 0.31718749999999996
30 0.41328125 0.92578125 0.20937499999999998 0.14687499999999998
30 0.11171875 0.93125 0.2234375 0.13203125000000004
30 0.7765625 0.68359375 0.25468750000000007 0.6296875
30 0.828125 0.65859375 0.15703125000000007 0.17656249999999996
30 0.8328125 0.4796875 0.11875000000000002 0.15781250000000002
