30 0.36640625 0.0953125 0.31953124999999993 0.18984375000000003
30 0.07578125 0.0765625 0.1515625 0.153125
30 0.20546875 0.10234375 0.13906250000000003 0.2046875
30 0.0796875 0.228125 0.15859375000000003 0.19687499999999997
30 0.22031249999999997 0.2828125 0.11562499999999998 0.12968749999999998
30 0.6765625 0.19921875 0.25468750000000007 0.27421874999999996
30 0.27421875 0.6921875 0.5484375 0.60546875
30 0.6765625 0.74296875 0.25468750000000007 0.51171875
30 0.41875 0.5671875 0.18906250000000002 0.13437499999999997
30 0.40703125000000007 0.45000000000000007 0.17109375 0.10234375000000001
30 0.19296875000000002 0.56328125 0.10703125 0.16093750000000007
30 0.13046875 0.47656249999999994 0.1328125 0.16718749999999993
30 0.25625 0.78359375 0.15859375000000003 0.14140624999999996
30 0.35 0.71015625 0.159375 0.17421874999999998
30 0.64921875 0.2296875 0.14609375000000002 0.09921875000000002
30 0.71484375 0.7609375 0.12812499999999993 0.14531250000000007
30 0.628125 0.83984375 0.11640625000000004 0.13593749999999993
30 0.61171875 0.734375 0.125 0.12421875000000004
30 0.6171875 0.53515625 0.12421875000000004 0.07578124999999997
