30 0.36640625 0.0953125 0.31953125 0.18984375
30 0.07578125 0.0765625 0.1515625 0.153125
30 0.20546875 0.10234375 0.1390625 0.2046875
30 0.0796875 0.228125 0.15859375 0.196875
30 0.2203125 0.2828125 0.115625 0.1296875
30 0.6765625 0.19921875 0.2546875 0.27421875
30 0.27421875 0.6921875 0.5484375 0.60546875
30 0.6765625 0.74296875 0.2546875 0.51171875
30 0.41875 0.5671875 0.1890625 0.134375
30 0.40703125 0.45 0.17109375 0.10234375
30 0.19296875 0.56328125 0.10703125 0.1609375
30 0.13046875 0.4765625 0.1328125 0.1671875
30 0.25625 0.78359375 0.15859375 0.14140625
30 0.35 0.71015625 0.159375 0.17421875
30 0.64921875 0.2296875 0.14609375 0.09921875
30 0.71484375 0.7609375 0.128125 0.1453125
30 0.628125 0.83984375 0.11640625 0.1359375
30 0.61171875 0.734375 0.125 0.12421875
30 0.6171875 0.53515625 0.12421875 0.07578125
