30 0.14218750000000002 0.46406249999999993 0.21875000000000003 0.23124999999999996
30 0.05859375 0.4640625 0.1171875 0.22499999999999998
30 0.25390625 0.33984375 0.30625 0.3203125
30 0.02265625 0.2984375 0.0453125 0.17812500000000003
30 0.0953125 0.26796875 0.190625 0.24531250000000002
30 0.64453125 0.3703125 0.33749999999999997 0.30156250000000007
30 0.72890625 0.11484375 0.25 0.20468749999999997
30 0.56328125 0.08828125 0.25156249999999997 0.1765625
30 0.56953125 0.79921875 0.30781249999999993 0.296875
30 0.3375 0.73828125 0.18906249999999997 0.1796875
30 0.53125 0.61015625 0.2109375 0.22343750000000007
30 0.88984375 0.46328125 0.2203124999999999 0.2671875000000001
30 0.81484375 0.72734375 0.37031250000000004 0.4046875
30 0.96875 0.44531249999999994 0.0625 0.19062499999999993
