30 0.8382781875893215 0.6943403848511585 0.31293980645937347 0.28247010691968066
30 0.5777590493390661 0.7691873530222672 0.36274999750669223 0.33989772285192266
30 0.731843000106819 0.9176659713159044 0.2759160285294078 0.16466805736819112
30 0.2217920307861038 0.8166717384427916 0.4396360612614189 0.35584438752726366
30 0.7200866395250227 0.2584800409203565 0.40793075546562774 0.4627762146370749
30 0.48644162514201295 0.4160462857565384 0.45725803217090916 0.5639019805598341
30 0.7926188911519397 0.4861195826315716 0.22446439619024572 0.23969924596009212
30 0.6568100468889909 0.5109023459767811 0.21297023013099992 0.28000356911832425
30 0.794857697067549 0.5854237656043182 0.17897532100614066 0.1043245571338931
30 0.14126717699494326 0.6279093840456893 0.2359971019026375 0.20095694743199077
30 0.29019907200141926 0.609702306272746 0.16985251229309578 0.17746993717801918
30 0.19373426675392924 0.3384904527825936 0.29971135600854915 0.25248332172202526
30 0.11059324270918375 0.5059853330147602 0.2211864854183675 0.2272030489190453
30 0.23367480056269266 0.49342898913857425 0.2669859180820939 0.2547980382662169
