30 0.5906598664268421 0.3508155546163908 0.8186802671463158 0.7016311092327816
30 0.6741414474877135 0.43319691649408854 0.6517171050245729 0.773030542704422
30 0.7849795717062505 0.2467339356048969 0.38567352146641043 0.3927064414408054
30 0.7976369645317152 0.36174856515704024 0.40472607093656976 0.48182141853058646
30 0.884363035063531 0.2592924884743397 0.21164475565708762 0.22054355235938344
30 0.7169047073946782 0.5908183664482369 0.5661905852106438 0.6281239687251158
30 0.7553231335527741 0.7259588055867863 0.4893537328944517 0.48722294643517994
30 0.8336456633485123 0.8173377954276109 0.16618724526055118 0.1601590281396411
30 0.866390716180512 0.7242172666484595 0.267218567638976 0.2907392236611579
30 0.9088445284082601 0.586265218291729 0.18231094318347973 0.22946793731433968
30 0.1613254382412942 0.41127536507547824 0.3226508764825884 0.45975773492762545
30 0.17362174128398208 0.22410136915322496 0.34277347884222115 0.3275594070608768
30 0.2683808393173769 0.43983030365062215 0.5367616786347538 0.6638612877186498
30 0.23706561910457452 0.23598135790367128 0.3851126652747029 0.38224208569331714
30 0.3735039833187927 0.3511527761594536 0.40996830130811046 0.4081024245802098
30 0.3870645878322952 0.6142004207310692 0.7741291756645904 0.7715991585378615
