30 0.5021719047493806 0.8094762238643918 0.44610596001860636 0.38104755227121645
30 0.6387207864521561 0.9066623996964456 0.2786639386580718 0.18667520060710885
30 0.5241627524422514 0.6712995316936885 0.3043582255937828 0.3242753286112797
30 0.6522950254103022 0.733116830539084 0.37704136588584797 0.36907452467884927
30 0.7220408016739788 0.8107122672322535 0.4140639128509842 0.3785754655354928
30 0.22661087234285515 0.38466120225796324 0.4532217446857103 0.4327268093375859
30 0.3741808465047993 0.635695670630325 0.5245662842288856 0.5492634919705819
30 0.30009069675562017 0.5433731659069565 0.6001813935112403 0.8085707009561041
30 0.7443821939682888 0.5274184616200165 0.5112356120634225 0.7041385565357348
30 0.48687511794595084 0.3623912307448989 0.9366874641592162 0.7247824614897977
