30 0.35546875 0.31484375 0.125 0.32421875
30 0.3109375 0.084375 0.21171875 0.16796875
30 0.76328125 0.1109375 0.47109375 0.22109375
30 0.47734375 0.3421875 0.11796875 0.1921875
30 0.6109375 0.4828125 0.1421875 0.0890625
30 0.365625 0.696875 0.10234375 0.1734375
30 0.65 0.6765625 0.2546875 0.28359375
30 0.93359375 0.9046875 0.1296875 0.1875
30 0.7953125 0.165625 0.1234375 0.10078125
30 0.89765625 0.1125 0.121875 0.2
30 0.640625 0.07734375 0.15234375 0.1484375
30 0.30078125 0.8546875 0.11328125 0.15078125
