30 0.45901996988943705 0.09660800100978378 0.16363923904988947 0.19321600201956757
30 0.5617555522382756 0.5403351657474047 0.1400763931016175 0.16152122501130306
30 0.11263969850406735 0.5279855072478317 0.2252793970081347 0.3120654612117793
30 0.17857256981271677 0.2996391002939654 0.35278282353208806 0.35993110083531654
30 0.7333810984923135 0.3116876929126805 0.533237803015373 0.623375385825361
30 0.42404222163324456 0.7888701913142487 0.5028423594394109 0.4222596173715025
30 0.1458900247275157 0.8323433054510734 0.25799380114108245 0.29802415403916216
30 0.8929875869431474 0.8410509659734373 0.17648034362117437 0.20936241921602572
30 0.9073846215362864 0.7418955934769156 0.17550824472344428 0.34849655546157443
30 0.77090478877153 0.6664333889570093 0.327305621830017 0.29442354623516576
