30 0.6554301856283813 0.37456727011536384 0.6891396287432375 0.7491345402307277
30 0.6889954493458277 0.5617231698239705 0.6220091013083446 0.698287859721449
30 0.8539289596688118 0.42021704768986545 0.29214208066237646 0.3946351428900193
30 0.8196618772566082 0.547877979473997 0.36067624548678356 0.4463244765811533
30 0.9345581662433285 0.47688460870899324 0.1308836675133429 0.24178372813520765
30 0.6617939060107823 0.7072598444238214 0.5775353414351283 0.5763780301533363
30 0.607559040820757 0.8055793048803581 0.4836241829791192 0.38884139023928366
30 0.620644302464643 0.939327374899398 0.17846579041269028 0.12134525020120401
30 0.7069490830211878 0.879624262222833 0.28605566557827633 0.24075147555433396
30 0.8225498095005301 0.8010251840075787 0.21082919676657097 0.21082919676657097
30 0.21566273531436303 0.2104995284354617 0.38663200016247024 0.4190367160526406
30 0.3573313289883729 0.1184762248857576 0.33802369083197614 0.2369524497715152
30 0.2929688072890253 0.299248929275824 0.5859376145780506 0.598497858551648
30 0.41333576205116807 0.15520405760760603 0.36895109434149925 0.31040811521521205
30 0.470440779687051 0.3074168007657391 0.3753233972299421 0.37763801979352574
30 0.32774363695624464 0.5795231706376829 0.6554872739124893 0.8409536587246342
