61 0.26953125 0.28984375 0.5359375 0.5796875
61 0.60234375 0.0671875 0.12734374999999998 0.134375
61 0.72265625 0.05859375 0.12968750000000007 0.1171875
61 0.7171875 0.44609375 0.16328125000000004 0.21640625000000002
61 0.6203125 0.4390625 0.12734374999999998 0.25468749999999996
61 0.81953125 0.321875 0.13906249999999998 0.16328125000000002
61 0.69453125 0.240625 0.09140625000000002 0.23281250000000003
61 0.5953124999999999 0.16249999999999998 0.10781249999999998 0.28125
61 0.8140625 0.15 0.13671875 0.19453125
61 0.38671875 0.74375 0.23046875 0.3125
61 0.08671875 0.71484375 0.1734375 0.25234375
61 0.1875 0.70703125 0.19453125000000002 0.23593750000000002
61 0.28515625 0.7015625 0.22343749999999998 0.22578125000000004
61 0.78828125 0.79296875 0.26953125 0.40859375
61 0.6046875 0.79296875 0.13203124999999993 0.40859375
