61 0.22446760739620203 0.2986559656774591 0.2940659887800585 0.37670063622049055
61 0.13375911850062996 0.35932609216456696 0.26751823700125993 0.3540727421614779
61 0.07647616730084966 0.4313980932506524 0.15295233460169932 0.3603826441873187
61 0.49245475982826636 0.09630256190835343 0.521253808955896 0.19260512381670686
61 0.31845972567015257 0.7236704353924432 0.6365026713120232 0.5526591292151136
61 0.5670200759630291 0.41539089858112305 0.19604834607402988 0.19044099499771494
61 0.5102736139992714 0.5229117004924662 0.21980101816569475 0.24547678362040037
61 0.7095604864823958 0.4864304034483653 0.2676040990506938 0.2466503134497271
61 0.6105025086750915 0.6555998544894446 0.25929971725032713 0.27199003810725064
61 0.6725812196283051 0.781152804342086 0.24053106643728772 0.26414096570598256
61 0.9077397179767105 0.7293207206000363 0.18452056404657902 0.23482621176762342
61 0.8203851056864534 0.7980453743762728 0.22660366407990362 0.22483292163475155
61 0.7172023606412354 0.8869620633061137 0.17362590690287794 0.1638868234545412
