61 0.359375 0.1890625 0.13671875 0.35546875
61 0.25 0.196875 0.115625 0.34140625
61 0.1078125 0.19921875 0.13671875 0.33671875
61 0.03359375 0.19609375 0.0671875 0.34375
61 0.73671875 0.06640625 0.52421875 0.13203125
61 0.1875 0.68359375 0.375 0.6296875
61 0.6 0.459375 0.14921875 0.134375
61 0.49765625 0.525 0.13671875 0.2046875
61 0.6890625 0.59140625 0.21640625 0.1609375
61 0.51953125 0.68984375 0.178125 0.21171875
61 0.51171875 0.8296875 0.15390625 0.21640625
61 0.76328125 0.9125 0.1703125 0.1734375
61 0.63203125 0.9171875 0.16796875 0.16328125
61 0.4984375 0.94375 0.13671875 0.1109375
