61 0.0578125 0.2390625 0.115625 0.478125
61 0.61328125 0.29921875 0.5531250000000001 0.33203125
61 0.209375 0.89921875 0.17812500000000003 0.19921875
61 0.103125 0.55390625 0.20625 0.15156249999999993
61 0.24296875 0.625 0.11093750000000002 0.29062499999999997
61 0.040625 0.7914062499999999 0.08125 0.3609375
61 0.74609375 0.50390625 0.14218750000000002 0.04843749999999997
61 0.55390625 0.5265625 0.21875 0.09375
61 0.73828125 0.58984375 0.20468750000000002 0.20937500000000003
61 0.73046875 0.7296875 0.15390625000000002 0.21640625000000002
61 0.478125 0.8265625 0.16796875 0.19921875
61 0.6109375000000001 0.8453125000000001 0.16562500000000002 0.21640625000000002
61 0.7515625 0.86640625 0.15156250000000004 0.15625
