61 0.31015625 0.18125 0.23281250000000003 0.3625
61 0.19375 0.1828125 0.20468749999999997 0.365625
61 0.415625 0.18515625 0.19453125000000004 0.3703125
61 0.09140625 0.22265625 0.1828125 0.44218749999999996
61 0.8578125 0.26953125 0.28125 0.5359375
61 0.28359375 0.76953125 0.5671875 0.459375
61 0.60078125 0.6429687499999999 0.06718749999999996 0.20937499999999998
61 0.80859375 0.734375 0.16796875 0.19921875
61 0.6765625 0.75390625 0.16562500000000002 0.21640625000000002
61 0.58984375 0.77421875 0.04296875 0.15859374999999998
