61 0.2885938286137695 0.24392261100239782 0.34409443761196734 0.48784522200479563
61 0.4015035677059449 0.262072515287551 0.3175124997849298 0.5033124213970618
61 0.1869035563919713 0.22708011919530652 0.3082976932438342 0.45416023839061304
61 0.5227861087139969 0.27221170737882205 0.34090024303231636 0.5444234147576441
61 0.6050912091560694 0.2837895112316986 0.2548196792672131 0.5421162744764201
61 0.8014955829406866 0.40868020439785213 0.38767608417899746 0.450348893558612
61 0.24707107233784562 0.7311187434357017 0.2184754121102121 0.25452614316928246
61 0.38916880768512485 0.7591438475521379 0.17846888105058728 0.23337691758670998
61 0.3189320461468541 0.9110511565656976 0.11454674044090246 0.13007628612788658
61 0.23475585058591714 0.8353549224539574 0.16215085139639274 0.23536156677788955
61 0.4368868273648381 0.900250089646451 0.16998915603599585 0.19949982070709793
61 0.7460201306948968 0.7576933409853238 0.45682395824392197 0.4041344282345114
