30 0.06875 0.115625 0.13671875 0.23046875
30 0.25625 0.0296875 0.21875 0.059375
30 0.7640625 0.23203125 0.2671875 0.17578125
30 0.525 0.10078125 0.2546875 0.17578125
30 0.896875 0.08203125 0.2046875 0.16328125
30 0.7203125 0.084375 0.28359375 0.16796875
30 0.06484375 0.80546875 0.1296875 0.1828125
30 0.196875 0.79921875 0.1703125 0.18046875
30 0.30078125 0.678125 0.15625 0.16796875
30 0.11796875 0.64921875 0.1921875 0.18046875
30 0.84375 0.71171875 0.31015625 0.41796875
30 0.97265625 0.6828125 0.053125 0.290625
30 0.5609375 0.67578125 0.33671875 0.36328125
30 0.69921875 0.475 0.37734375 0.1875
