30 0.06332700597337787 0.40633231097910033 0.12665401194675574 0.2831969686862573
30 0.367670481389601 0.7144143233137978 0.6875364608633361 0.5711713533724043
30 0.7684882920871952 0.3178538788786889 0.4630234158256098 0.5677268974678387
30 0.6592634592137567 0.42245830775750026 0.6117803026527079 0.6123469680938234
30 0.43877375288345655 0.7911330052435639 0.2723512691400521 0.2734238858678778
30 0.3358628697043786 0.6874346722582783 0.29549060601298405 0.29558167724459183
30 0.43093062175881836 0.89535147332493 0.2644152325827454 0.20929705335013993
30 0.16391849888440443 0.7018808798448988 0.2544600073011504 0.2537516754997561
30 0.26629307369956956 0.8641340371528975 0.2587283710400233 0.2594265838156835
30 0.6308475553505537 0.08730115473940647 0.17695050633691378 0.17460230947881294
