20 0.43046875 0.3828125 0.10390624999999998 0.1015625
20 0.2546875 0.259375 0.11015624999999998 0.09765625
20 0.2625 0.33828125 0.10078125000000002 0.14765625
20 0.3328125 0.37109375 0.12890625 0.15859375000000003
20 0.3140625 0.20078125 0.04531249999999998 0.04999999999999999
20 0.4859375 0.16328125 0.3203125 0.153125
20 0.5671875 0.42109375 0.12343749999999998 0.1484375
20 0.6953125 0.3765625 0.11640625000000004 0.13671875
20 0.7203125000000001 0.32265625 0.08359375000000002 0.10312499999999997
20 0.72421875 0.27890625 0.08125000000000004 0.10312499999999997
