20 0.0671875 0.1546875 0.134375 0.309375
20 0.1046875 0.9265625 0.209375 0.14374999999999993
20 0.1453125 0.41875000000000007 0.290625 0.30390625000000004
20 0.14609375 0.68046875 0.2921875 0.44921875
20 0.24765624999999997 0.1375 0.3296875 0.275
20 0.36171875 0.66484375 0.2828125000000001 0.37031249999999993
20 0.42109375000000004 0.35234375 0.24609375000000006 0.28984375000000007
20 0.55234375 0.1359375 0.29765624999999996 0.2671875
20 0.64609375 0.6 0.32499999999999996 0.359375
20 0.6640625 0.87890625 0.3359375 0.22968749999999993
20 0.7078125 0.33203125 0.271875 0.30546874999999996
20 0.840625 0.14375 0.2796875 0.2875
20 0.88671875 0.815625 0.22578124999999993 0.3671875
20 0.91328125 0.46796875 0.17265625000000007 0.32578125
20 0.93671875 0.2109375 0.125 0.33515625000000004
20 0.9749999999999999 0.86875 0.04921874999999998 0.26093750000000004
