17 0.12337017454682772 0.5837174841788619 0.04214856188866828 0.0485968317940636
17 0.11493307528690744 0.5341319763903885 0.049862254330637956 0.06598292909412629
17 0.24653796412140433 0.8792510213415252 0.15073353061978045 0.23348632773902078
17 0.15413890865821664 0.6204437313019366 0.07067717714859528 0.08088693783213785
17 0.07077488689166075 0.3363179812755966 0.059839365089939534 0.07434797237707913
17 0.16490466473990484 0.5783858649629318 0.06972112040640355 0.07025847623185322
17 0.0906477326469485 0.311974217603733 0.04172520107875227 0.04226255690420189
17 0.25093535795057353 0.22732829130726434 0.2987039109766304 0.21487640220649085
17 0.443868019815018 0.888768927846477 0.28138520976036124 0.22246214430704603
17 0.6959083543684809 0.817055729539692 0.19062583639810726 0.17235573833282047
17 0.5420280941350625 0.1541647104379032 0.2546873322215022 0.210624154534634
17 0.8776973748970809 0.554073252432847 0.22199000263239121 0.2703520269228565
17 0.7835514597899574 0.20072179878698707 0.23241593124683635 0.3699790225619373
