92 0.55859375 0.48203125 0.15 0.17890625
92 0.38203125 0.496875 0.09296875 0.24375
92 0.33828125 0.690625 0.10703125 0.19609375
92 0.196875 0.559375 0.13359375 0.14296875
92 0.24296875 0.32109375 0.15 0.13125
92 0.396875 0.26484375 0.0796875 0.20234375
92 0.46328125 0.25625 0.08984375 0.1609375
92 0.546875 0.184375 0.08359375 0.190625
92 0.621875 0.33359375 0.0734375 0.190625
92 0.48359375 0.746875 0.08671875 0.2203125
92 0.578125 0.7234375 0.10703125 0.25625
92 0.66484375 0.68125 0.13671875 0.1546875
92 0.70859375 0.54765625 0.11640625 0.13125
92 0.36796875 0.86015625 0.103125 0.2203125
92 0.078125 0.83359375 0.13984375 0.17890625
92 0.76328125 0.29765625 0.1203125 0.23203125
92 0.66640625 0.184375 0.096875 0.184375
92 0.853125 0.86015625 0.11328125 0.2265625
