92 0.721875 0.5859375 0.05234375 0.1015625
92 0.80234375 0.80703125 0.05703125 0.078125
92 0.66796875 0.71484375 0.06484375 0.0671875
92 0.78671875 0.471875 0.046875 0.10234375
92 0.68984375 0.46328125 0.0625 0.090625
92 0.7375 0.31171875 0.06796875 0.08359375
92 0.6296875 0.3421875 0.10234375 0.0703125
92 0.659375 0.18203125 0.06875 0.11875
92 0.53671875 0.21484375 0.06484375 0.10703125
92 0.4859375 0.32890625 0.06015625 0.0546875
92 0.5234375 0.37578125 0.07265625 0.0671875
92 0.565625 0.42265625 0.07265625 0.07578125
92 0.58671875 0.45 0.0984375 0.078125
92 0.6265625 0.49296875 0.06640625 0.11015625
92 0.6234375 0.58515625 0.0828125 0.0703125
92 0.59765625 0.6578125 0.10234375 0.078125
92 0.50390625 0.70703125 0.05625 0.1078125
