92 0.4921875 0.5687500000000001 0.06015624999999997 0.03281250000000002
92 0.4890625 0.525 0.04453125000000002 0.0625
92 0.5390625 0.53046875 0.03359374999999998 0.04140624999999998
92 0.60078125 0.6125 0.061718750000000044 0.034375000000000044
92 0.65078125 0.6234375 0.05078125 0.05859375
92 0.5609375 0.6703125000000001 0.055468749999999956 0.05234375000000002
92 0.5234375 0.7234375 0.06953125000000004 0.042187500000000044
92 0.48828125 0.71015625 0.06328124999999996 0.04531249999999998
92 0.3890625 0.64453125 0.05859375 0.03749999999999998
92 0.38203125 0.60234375 0.06015625000000002 0.0390625
92 0.43203125 0.596875 0.05312499999999998 0.03749999999999998
92 0.47968750000000004 0.65625 0.03203125000000001 0.03671875000000002
92 0.5171875 0.65234375 0.03515625 0.05625000000000002
92 0.60859375 0.6984375 0.0390625 0.0390625
92 0.565625 0.71953125 0.04140624999999998 0.05859375
92 0.66015625 0.6625 0.0625 0.0546875
