92 0.471875 0.565625 0.18593749999999998 0.08515625000000004
92 0.25234375 0.53671875 0.17031250000000003 0.13515625000000003
92 0.21171875 0.65078125 0.22187499999999996 0.09296875000000004
92 0.2375 0.7281249999999999 0.13906249999999998 0.11171874999999998
92 0.39453125 0.70859375 0.16015625 0.07343750000000004
92 0.61328125 0.69921875 0.14453125 0.09999999999999998
92 0.79609375 0.74296875 0.23203125000000002 0.08125000000000004
92 0.9171875 0.5671875 0.16484375000000007 0.08515625000000004
92 0.64453125 0.4578125 0.13906249999999998 0.11171874999999998
92 0.5953125 0.30078125 0.19609374999999996 0.08515624999999999
92 0.40703125 0.2546875 0.12890625 0.11562499999999998
92 0.24765625000000002 0.41093749999999996 0.22656250000000003 0.08515624999999999
92 0.16484375 0.33984375 0.10312500000000001 0.09296874999999999
92 0.8531249999999999 0.3515625 0.15468749999999998 0.10000000000000003
92 0.79140625 0.42499999999999993 0.11328125 0.07343749999999999
92 0.72421875 0.5890625 0.14921874999999996 0.09296875000000004
