92 0.46171874999999996 0.43203125 0.12031249999999999 0.2515625000000001
92 0.54765625 0.4453125 0.13828124999999997 0.24062500000000003
92 0.734375 0.5328125 0.14218750000000002 0.2515625000000001
92 0.834375 0.50546875 0.14921874999999996 0.21328125000000003
92 0.5796875 0.6640625 0.10546875 0.17499999999999993
92 0.4125 0.68828125 0.14218749999999997 0.26250000000000007
92 0.30546875000000007 0.45625 0.09062500000000001 0.22968749999999993
92 0.31640625 0.3140625 0.13125000000000003 0.12578125
92 0.1875 0.5078125 0.18203124999999998 0.1640625
92 0.32578125 0.86875 0.15625 0.1640625
92 0.53984375 0.8359375 0.13828124999999997 0.21875
