92 0.528125 0.2671875 0.11093749999999997 0.11562500000000003
92 0.521875 0.5046875 0.09531249999999997 0.15390624999999997
92 0.5734375 0.646875 0.12421875000000004 0.16015625
92 0.7328125 0.725 0.13593750000000004 0.09765625
92 0.7046875 0.8546875 0.13593750000000004 0.13437500000000002
92 0.5828125 0.784375 0.11796874999999996 0.12265625000000002
92 0.446875 0.78671875 0.15468750000000003 0.1796875
92 0.3015625 0.8453124999999999 0.10624999999999998 0.18203124999999998
92 0.30390625 0.6734375 0.11796874999999998 0.1875
92 0.4109375 0.5914062500000001 0.09531250000000002 0.16562500000000002
92 0.34453125000000007 0.49765625 0.128125 0.07968749999999997
92 0.40234375 0.4265625 0.14999999999999997 0.10390624999999998
92 0.4078125 0.3484375 0.1328125 0.06484374999999998
92 0.35234374999999996 0.2671875 0.10078124999999999 0.08749999999999997
92 0.259375 0.24453125 0.08906250000000002 0.09218750000000003
92 0.2375 0.33125 0.13906249999999998 0.10312500000000002
92 0.25390625 0.5296875 0.10624999999999998 0.14296875000000003
92 0.1546875 0.56640625 0.08437500000000002 0.19296874999999997
92 0.0734375 0.6781249999999999 0.146875 0.11171874999999998
92 0.0671875 0.53515625 0.134375 0.19140625
92 0.0671875 0.86328125 0.134375 0.19921875
