92 0.15390625 0.63984375 0.3078125 0.178125
92 0.62734375 0.5953125 0.3140625 0.17265625
92 0.50859375 0.746875 0.21796875 0.22734375
92 0.3796875 0.5640625 0.25859375 0.1921875
92 0.36171875 0.30703125 0.2703125 0.18828125
92 0.63046875 0.3109375 0.21171875 0.2296875
92 0.796875 0.3046875 0.2 0.18984375
92 0.70234375 0.11953125 0.32578125 0.10234375
92 0.4234375 0.0953125 0.221875 0.18984375
92 0.23125 0.078125 0.1625 0.15625
92 0.20234375 0.26640625 0.18203125 0.24140625
92 0.90546875 0.51171875 0.1890625 0.1921875
92 0.81484375 0.6796875 0.2609375 0.21953125
92 0.6359375 0.81875 0.2296875 0.22578125
92 0.303125 0.80078125 0.2296875 0.22578125
