92 0.61796875 0.5453124999999999 0.20078125000000002 0.05312499999999998
92 0.56015625 0.6265625 0.11015624999999996 0.12031250000000004
92 0.44765625 0.5960937500000001 0.21562499999999996 0.06015625000000002
92 0.43359375 0.51640625 0.16796875 0.08828125000000003
92 0.378125 0.446875 0.17812499999999998 0.06640625
92 0.809375 0.659375 0.14765624999999993 0.10703125000000002
92 0.6390624999999999 0.71796875 0.14296874999999998 0.09296875000000004
92 0.41874999999999996 0.7234375 0.20312499999999994 0.04843750000000002
92 0.2671875 0.646875 0.18828124999999998 0.07499999999999996
92 0.22421875 0.6203125 0.190625 0.07968750000000002
92 0.5765625000000001 0.50546875 0.12265625000000002 0.061718750000000044
92 0.57890625 0.44453125 0.09999999999999998 0.05703124999999998
92 0.6953125 0.5140625 0.140625 0.08203125
92 0.8335937500000001 0.51484375 0.09531250000000002 0.08359374999999997
92 0.55859375 0.38046875 0.17265625000000007 0.06171874999999999
