92 0.5190085500900838 0.6662521388021376 0.1199842458949485 0.1255248593973478
92 0.5910720468985611 0.5783431233039558 0.09684027818692431 0.08991451130892514
92 0.6529326386111567 0.5847987716906435 0.07698833161616603 0.08668440524536491
92 0.6500482250424536 0.6728528515431818 0.076760713830202 0.11104325987629815
92 0.7196503946192172 0.8162453959074893 0.12701320456245735 0.13947958494285584
92 0.6524555729832413 0.8964535144082646 0.10259243485781822 0.12717890727471537
92 0.5467155854934704 0.8202500362414145 0.1271679922467216 0.17080032357811648
92 0.394138958556122 0.8559887782176814 0.08539728406979913 0.09820995279409761
92 0.22511710885182745 0.7652979450912631 0.0748796440159133 0.08249798758171234
92 0.42443293888576217 0.46633263679957176 0.08534568817504429 0.08776970658234406
92 0.6685626462409768 0.435214909700983 0.10140910132080494 0.09898508291350522
