92 0.46171874999999996 0.359375 0.16796874999999994 0.08437500000000003
92 0.27890625 0.6046875 0.19218749999999998 0.12031250000000004
92 0.453125 0.5953125 0.15234375 0.12968749999999996
92 0.559375 0.625 0.12421875000000004 0.10234374999999996
92 0.675 0.5921875 0.15625 0.13593750000000004
92 0.78828125 0.5890625 0.18437500000000007 0.09375
92 0.7523437500000001 0.5 0.15781250000000002 0.11796874999999996
92 0.7703125 0.42734375 0.18203124999999998 0.10625000000000001
92 0.621875 0.48124999999999996 0.14765624999999993 0.07421874999999994
92 0.36328125 0.47421875 0.20625 0.07578124999999997
92 0.24609375 0.453125 0.08984375 0.06562499999999999
