92 0.61640625 0.3046875 0.0546875 0.10546875
92 0.67265625 0.3375 0.061718750000000044 0.08437500000000003
92 0.46875 0.43203125 0.08125000000000004 0.08281250000000001
92 0.51171875 0.81953125 0.07343750000000004 0.06015625000000002
92 0.69140625 0.8359375 0.07968750000000002 0.07499999999999996
92 0.85390625 0.34765625 0.061718750000000044 0.13203125
92 0.92734375 0.29765625 0.07734375000000004 0.10703125000000002
92 0.8203125 0.2390625 0.06640625 0.07499999999999998
92 0.7546875 0.15078125000000003 0.0703125 0.049218750000000006
92 0.76796875 0.4359375 0.0546875 0.07890625000000001
92 0.74296875 0.5546875 0.0703125 0.07187500000000002
92 0.5890625 0.56015625 0.05078125 0.1015625
92 0.62734375 0.440625 0.06640625 0.09999999999999998
92 0.5390625 0.3109375 0.04140624999999998 0.10390625000000003
