92 0.81015625 0.58203125 0.12031250000000004 0.23046875
92 0.92265625 0.6546874999999999 0.10781249999999998 0.20156249999999998
92 0.78203125 0.75859375 0.12343749999999998 0.18593749999999998
92 0.51484375 0.74765625 0.11484374999999997 0.22343749999999996
92 0.38125 0.41953125 0.11640624999999999 0.21875
92 0.47968750000000004 0.13828125 0.12890625000000006 0.17031250000000003
92 0.60390625 0.1546875 0.10468750000000004 0.20546875000000003
92 0.49921875 0.35078125 0.10781249999999998 0.15234375
92 0.3703125 0.6546875 0.12343749999999998 0.19062500000000004
92 0.2515625 0.74921875 0.09531249999999997 0.19687500000000002
92 0.396875 0.90234375 0.1296875 0.19218750000000007
92 0.65234375 0.56171875 0.12890625 0.20390625000000007
92 0.72734375 0.3515625 0.11484375000000002 0.15468750000000003
92 0.6046875 0.41796875 0.09843749999999996 0.14140625
92 0.46171874999999996 0.553125 0.08515624999999999 0.17500000000000004
92 0.34296875 0.58515625 0.12656250000000002 0.17265625000000007
92 0.2796875 0.20546875 0.13749999999999998 0.13515625000000003
92 0.2984375 0.4734375 0.13593750000000002 0.13750000000000007
92 0.09609375 0.64609375 0.08906249999999999 0.22343749999999996
92 0.846875 0.35625000000000007 0.11015624999999996 0.21015625
