92 0.36875 0.48984375 0.10234375000000001 0.109375
92 0.446875 0.5140625 0.06406249999999997 0.15078125000000003
92 0.40546875 0.63828125 0.09531250000000002 0.1171875
92 0.4484375 0.75 0.08828124999999998 0.10390624999999998
92 0.0765625 0.78125 0.09062500000000001 0.1328125
92 0.2421875 0.6390625 0.07109374999999998 0.1171875
92 0.240625 0.74609375 0.08828125000000003 0.11171874999999998
92 0.35859375 0.8492187499999999 0.08828124999999998 0.08046874999999998
92 0.3328125 0.7203125 0.08828124999999998 0.109375
92 0.53203125 0.6898437500000001 0.053906250000000044 0.16171875000000002
92 0.5859375 0.771875 0.08671874999999996 0.1171875
92 0.51875 0.8023437499999999 0.078125 0.15078124999999998
92 0.47421875 0.63046875 0.07656250000000003 0.1484375
92 0.5046875 0.52734375 0.07499999999999996 0.19296874999999997
92 0.590625 0.6421874999999999 0.09062499999999996 0.15078124999999998
92 0.58515625 0.521875 0.109375 0.1015625
92 0.27890625 0.52734375 0.11250000000000002 0.09375
92 0.26328125 0.44296875 0.09375 0.11171875000000003
92 0.2140625 0.35703125 0.048437499999999994 0.13828124999999997
92 0.1765625 0.48046875 0.041406250000000006 0.16953124999999997
92 0.2953125 0.25390625 0.10390625000000003 0.0703125
92 0.2640625 0.33359375 0.08359374999999997 0.13515625000000003
92 0.41328125000000004 0.23984375 0.07500000000000001 0.12265624999999997
92 0.4171875 0.34921875 0.07968750000000002 0.13828124999999997
92 0.35 0.334375 0.06562499999999999 0.1640625
92 0.50859375 0.3421875 0.07109374999999996 0.125
92 0.48125 0.23437500000000003 0.08828124999999998 0.08828125000000003
92 0.5625 0.27734375 0.07968750000000002 0.10390625000000003
92 0.5718750000000001 0.42421875 0.09921875000000002 0.078125
92 0.6640625 0.43984375 0.078125 0.1640625
92 0.6609375 0.5960937499999999 0.07265624999999998 0.14296874999999998
92 0.7835937500000001 0.5078125 0.09531250000000002 0.12265624999999997
92 0.87734375 0.484375 0.08515625000000004 0.14296875000000003
92 0.9375 0.30859375 0.07656249999999998 0.16953124999999997
92 0.7703125 0.21250000000000002 0.09531250000000002 0.11718750000000003
92 0.7132812499999999 0.22812499999999997 0.10781249999999998 0.14296874999999998
92 0.6515625 0.07265625 0.10234374999999996 0.09609375
92 0.8531249999999999 0.81640625 0.08828124999999998 0.1171875
92 0.8796875 0.7445312500000001 0.10234374999999996 0.09921875000000002
92 0.9390625 0.8968749999999999 0.09375 0.14296874999999998
92 0.7875000000000001 0.4390625 0.09921875000000002 0.140625
92 0.7992187500000001 0.27734375 0.09921875000000002 0.1640625
92 0.76015625 0.1578125 0.09375 0.078125
