92 0.190483917116057 0.7086551045129381 0.33808837812069725 0.23815385059098548
92 0.6443582214456496 0.5667952634650191 0.3430667095419693 0.23410195362101854
92 0.5596647108107637 0.739710743288511 0.2604217272654169 0.2676459099784081
92 0.39561056307527476 0.5876467171150113 0.29286198630999044 0.24169069209296934
92 0.3246664292362403 0.3399475662748152 0.30351431082734115 0.24030271208866805
92 0.5883708218099559 0.28796858373003886 0.25479455739370016 0.2686409075936001
92 0.7498530355508415 0.24730413753430786 0.23505849457012362 0.2272322966310497
92 0.6189381518800451 0.08581021388983484 0.33993121698736983 0.16775486232774617
92 0.34108138647541963 0.12002807559251821 0.25645679005354927 0.23177416578416266
92 0.14951346467930424 0.14311869384360487 0.19140068897054147 0.18658456716188065
92 0.16032966228692824 0.33329863563541906 0.2281871577125043 0.2739403148947819
92 0.8933214238190583 0.42727658363520543 0.21335715236188335 0.22725403657057452
92 0.8452908208941636 0.6104012390172644 0.300831997267463 0.2689251902850852
92 0.699156643878078 0.7835792615927166 0.27156068062060124 0.2685506044901884
92 0.36986604150447133 0.8351033852751214 0.2715606806206013 0.2685506044901882
