92 0.1703125 0.5390625 0.13671875 0.11328125
92 0.2953125 0.4703125 0.1 0.17890625
92 0.28828125 0.77109375 0.11328125 0.13671875
92 0.16171875 0.76484375 0.0734375 0.2140625
92 0.21796875 0.63125 0.1 0.10703125
92 0.2484375 0.69375 0.11640625 0.125
92 0.33203125 0.6515625 0.1 0.07734375
92 0.25 0.371875 0.0703125 0.17265625
92 0.11171875 0.36015625 0.06015625 0.1546875
92 0.06171875 0.48203125 0.06328125 0.17265625
92 0.503125 0.9046875 0.0796875 0.190625
92 0.68828125 0.86640625 0.11015625 0.13125
92 0.78359375 0.7734375 0.08671875 0.13125
92 0.853125 0.940625 0.1203125 0.11875
92 0.6046875 0.69375 0.0703125 0.13671875
92 0.6703125 0.7171875 0.0734375 0.11328125
92 0.5234375 0.61640625 0.0703125 0.13671875
92 0.521875 0.20546875 0.06328125 0.16640625
92 0.578125 0.25 0.0734375 0.16640625
92 0.71015625 0.375 0.096875 0.13671875
92 0.646875 0.29453125 0.10703125 0.11328125
92 0.60859375 0.49140625 0.10703125 0.10703125
92 0.66796875 0.565625 0.0703125 0.1546875
92 0.71796875 0.5890625 0.096875 0.0890625
92 0.73984375 0.5 0.09296875 0.125
92 0.86171875 0.6515625 0.1 0.08359375
92 0.9046875 0.74375 0.11640625 0.08359375
92 0.93828125 0.88671875 0.06015625 0.190625
92 0.825 0.7234375 0.0796875 0.13125
