92 0.4601385126826521 0.5113128587970245 0.2277660147669266 0.24039998991222694
92 0.6761090471714475 0.6718110903579566 0.19797107664268443 0.2060108790078754
92 0.7753084200525941 0.7787233739043863 0.15182468872051524 0.25404503307794424
92 0.4685632643909242 0.7738008981898299 0.19150287580504982 0.17944317225726336
92 0.3597402550320603 0.6603868213325319 0.17113152482452748 0.2658863384142792
92 0.3670331183756235 0.30723255998444254 0.2026706376295747 0.21358179798233395
92 0.4033130064386843 0.13919389664061033 0.1806375405104939 0.2110739351787172
92 0.5635868177665455 0.3285294451614603 0.15933604454639605 0.26729910487896164
92 0.7297132497925385 0.24466433776533827 0.20703267410785753 0.26962827823684504
92 0.7487788222914301 0.4715948686759057 0.12985727104249722 0.26940526923831326
92 0.8871676444835197 0.49177529762572514 0.1893493808820902 0.2703216761315143
92 0.30006644473592436 0.8923663564067918 0.17379210639853354 0.2152672871864163
92 0.2115995427618035 0.8082190850512005 0.1896869053906975 0.22184611485146177
92 0.17519281233283196 0.6586808499120407 0.19919292107666386 0.16703371161589986
92 0.3134731410364652 0.4505317195769846 0.17412351461465608 0.1637866258594104
92 0.47319093537340146 0.33043556018681464 0.14132435411531563 0.17865200795370262
92 0.6704777414247112 0.3250196416407206 0.11725839387583548 0.1677942944570363
92 0.5717473462051625 0.603142867543115 0.15912065734575387 0.13442697865266706
92 0.6456054675567567 0.7942195797339604 0.09600422847534573 0.16261973378692873
92 0.5008584435208937 0.8833325490391423 0.15348944586988328 0.1787573961604838
92 0.11564716136628034 0.32823172368943715 0.16672366328804122 0.18912025559107348
92 0.07167940026241987 0.15674592525511827 0.14335880052483974 0.15500760054134688
92 0.20267382069496992 0.5040413553417252 0.167911915248787 0.18226870518662824
92 0.10508886338877332 0.5655907934716569 0.15265095100271453 0.18997860484110152
92 0.25896005904919683 0.34882147288141135 0.15416910567417808 0.19034821631753773
92 0.06497680486485191 0.4462766710817532 0.12995360972970382 0.27000551151117097
92 0.5835320051328634 0.06406192704477204 0.12029470321876257 0.12812385408954408
92 0.8779792046524357 0.10749005212611334 0.12529057444313674 0.2149801042522267
