92 0.4540512162883894 0.528101783786552 0.12296725547928761 0.13674482495797913
92 0.5082559755320545 0.5816109949272408 0.1525529914005968 0.15714551456016057
92 0.5808436330367754 0.6098369724320558 0.15430592226816686 0.15430592226816675
92 0.7088510231871057 0.6278795290178381 0.16229291906740828 0.14631892546892533
92 0.4790151503903046 0.4285914090034787 0.14501360611283404 0.1462116556327202
92 0.5704985032211346 0.46794886122608637 0.15743141717503145 0.16422036445438665
92 0.29864582697299835 0.6819113820266953 0.17369131338838534 0.15991374390969382
92 0.4179640439871962 0.7565948220489169 0.14971339910860298 0.1588984454277308
92 0.5304029677678918 0.7724430136445364 0.1756187587753637 0.17102623561579988
92 0.22210057796240112 0.519048716859174 0.1846420961978834 0.19242941807714392
92 0.3252830924815082 0.42033086436713857 0.1714738471272786 0.15669790304868192
92 0.37557234450192756 0.3088651547857756 0.1547704576617034 0.1603613554211724
92 0.4679385655779429 0.29189278658738754 0.16229291906740828 0.14631892546892533
92 0.3552974569026095 0.537822728441677 0.14705243959527503 0.1550394363945164
92 0.3918086885993092 0.6417639174877063 0.1977554553630574 0.17279609036542776
92 0.5338564495722578 0.6903654241941303 0.182407706054719 0.1642372883364447
92 0.6198813348803967 0.6908468834697248 0.16863425483528494 0.15845083391625192
92 0.7212857581313609 0.5396582195899078 0.18637398492413815 0.18417756080434683
92 0.6654332787267021 0.3977069819599925 0.17854869702150467 0.16157632882311657
