92 0.47339884984185693 0.47628248723355615 0.22041183120373187 0.1631279035225936
92 0.4380608851894807 0.5759033884408449 0.19317580115093064 0.1672359093707924
92 0.5242020861596788 0.702404554672275 0.19821313179231825 0.2171276362153357
92 0.3803849630750815 0.752020849467758 0.21247553313811252 0.20382890254473318
92 0.5694686871751258 0.8587947488671823 0.2565662410820347 0.23008593488981044
92 0.31795082518529294 0.8383356513705682 0.205280227665318 0.17825950706100746
92 0.1830557647431352 0.784143903660524 0.21651545198708583 0.19111597461903396
92 0.2656588368127255 0.6694177773981678 0.19765370453076164 0.24466975838226201
92 0.3088496824989632 0.5476588981448148 0.18205773797814329 0.1523349453134017
92 0.32160372017576133 0.43600165742236413 0.18146824941630202 0.1403967540977501
92 0.29240969470751166 0.3003662031521616 0.20586971622715938 0.19019769827665922
92 0.46758250090870357 0.3902400333276481 0.20917660688196404 0.1502714359645671
92 0.08470692826038292 0.4857203820990755 0.16941385652076585 0.1721714088957319
92 0.07277839316066143 0.6227844658234544 0.14555678632132285 0.21827286922179545
92 0.17151384954246235 0.634809158123022 0.14831772213083694 0.18992963186147505
92 0.12544185175190325 0.35726490326913524 0.14368831472002241 0.19070436857152273
92 0.21096290409519558 0.3821423803097913 0.14265287722866704 0.1821031293109604
92 0.22802492703615096 0.2205670342594507 0.20634204364001996 0.20418038599167504
92 0.3290965545992445 0.13538581814750608 0.18856540658958632 0.14100893832599987
92 0.37733637814246435 0.05647164500669799 0.1584383735112096 0.11294329001339598
92 0.544357576829546 0.10587405334953723 0.14586898521783764 0.1615410031683377
92 0.4851696082292128 0.1720009082230753 0.1745109490584068 0.1328990393277686
92 0.4463321391399493 0.2552167632856955 0.1818497941635286 0.1737435779822355
92 0.6065285286506488 0.3838906356162846 0.17334302038553828 0.17550467803388325
92 0.6191549554924322 0.5091827634237474 0.2027634037530932 0.16439398049497222
92 0.7451163060765562 0.5835851538294723 0.17952190121644807 0.16547112650220652
92 0.8151236113694278 0.45882179321850153 0.20932382933122928 0.1877072528477809
92 0.7095084787146554 0.2659710970311663 0.1830741626200283 0.18793789232880415
92 0.632565969965517 0.23944968108784312 0.14626954281453464 0.1678861192979832
92 0.6365205852601347 0.6926200567063119 0.19264275237272055 0.21209767120782397
