92 0.59609375 0.32578125 0.11171875 0.17890625
92 0.53984375 0.453125 0.125 0.10703125
92 0.71875 0.4640625 0.14296875 0.07109375
92 0.75 0.8171875 0.1609375 0.13359375
92 0.7765625 0.7078125 0.1828125 0.10703125
92 0.45546875 0.81953125 0.13828125 0.16953125
92 0.4796875 0.7140625 0.11640625 0.1296875
92 0.27265625 0.92421875 0.1609375 0.11171875
92 0.16953125 0.8546875 0.09375 0.13828125
92 0.03984375 0.8515625 0.0796875 0.165625
92 0.07109375 0.66484375 0.13359375 0.13828125
92 0.1515625 0.60703125 0.16484375 0.1515625
92 0.25 0.7078125 0.16484375 0.0984375
92 0.2546875 0.62265625 0.14296875 0.07109375
92 0.63359375 0.1921875 0.10703125 0.11640625
