92 0.40941167585952265 0.7365586931293052 0.18874790763979005 0.1321885854595528
92 0.4335976071246337 0.5374416806111585 0.13055504709533644 0.17085356414875558
92 0.5478529385634063 0.6031078990619625 0.11386810152567911 0.1824462796692169
92 0.5108727538166266 0.4472305461872777 0.11674439323281255 0.12098634239633033
92 0.4427366162725947 0.388337179203862 0.11631825278997343 0.11631825278997349
92 0.49495378298486514 0.24706763782690605 0.1370535325666018 0.14907238852990223
92 0.5046707070223815 0.1300748189511343 0.13747967300944086 0.15374047813625907
92 0.7086014110693706 0.35308394147339633 0.10305664348375598 0.207691389517195
92 0.6516548589760398 0.5198891714151808 0.06648669902314852 0.19586614851044126
92 0.7164885643700991 0.6371369010222026 0.16677311706439013 0.18727587135472612
92 0.6944784183731596 0.7913388750228405 0.11569849739058757 0.16023896360752454
92 0.45903047196898855 0.8332294024947059 0.21173972372416616 0.14740349474414627
92 0.3560091839067723 0.5468780661283212 0.0851622999927214 0.2060578511529786
92 0.3171791480302111 0.3621431372739625 0.1083123756121045 0.26526449466226293
