92 0.63125 0.53984375 0.09765625 0.11562500000000003
92 0.69140625 0.7046875 0.12890625 0.12031250000000004
92 0.5734375 0.75078125 0.13750000000000007 0.12031250000000004
92 0.453125 0.7625 0.12421875000000004 0.07968750000000002
92 0.39140625 0.7203125 0.15078124999999998 0.057812500000000044
92 0.29296875 0.66875 0.11562500000000003 0.15546874999999993
92 0.31328125 0.53125 0.15078124999999998 0.07968749999999997
92 0.28671875 0.42421875 0.10234374999999998 0.13359375
92 0.353125 0.346875 0.15546875 0.06640625
92 0.46015625 0.29140625 0.10703125000000002 0.07578124999999997
92 0.5734375 0.31328125 0.16875000000000007 0.06640625
92 0.7046875 0.39765624999999993 0.12421875000000004 0.12031249999999999
92 0.7445312499999999 0.50703125 0.14687499999999998 0.08437500000000003
92 0.53984375 0.43125 0.08906250000000004 0.12421874999999999
92 0.43125 0.45781249999999996 0.09765625 0.12421874999999999
92 0.49140625 0.54453125 0.08437499999999998 0.14687500000000003
92 0.415625 0.6109375 0.10703124999999997 0.13359374999999996
92 0.62890625 0.64921875 0.14218750000000002 0.07578125000000002
