92 0.4988324956970255 0.4412877929061806 0.17665930146740966 0.1939902330820764
92 0.6226242213275905 0.45332810091591946 0.19765793731242354 0.19828815300750224
92 0.6540634082206527 0.30604109438401894 0.19828815300750235 0.19765793731242343
92 0.7650033661541884 0.24161706457744905 0.1525085318358984 0.1554495384129328
92 0.8441890293471228 0.3211804905501137 0.14408038286641744 0.14408038286641744
92 0.9143102734444988 0.387181114905484 0.16089324447728715 0.16026302878220838
92 0.9197853346337905 0.48694632545781635 0.16042933073241883 0.23682884767664603
92 0.8301327643877656 0.7492721915012124 0.21093695854827388 0.22900314180719927
92 0.8235867085125751 0.6516728544246143 0.20375107767595524 0.22958992117418586
92 0.7331828616103451 0.6347791745885585 0.17050456148279036 0.1693491660418126
92 0.6336928774485108 0.6215279259477526 0.2073126906460192 0.21392995544434645
92 0.5921545757011402 0.7037414683739059 0.21099855816936142 0.22234244068077968
92 0.4746059069602229 0.8326148010221428 0.20189425761676183 0.22594748997893566
92 0.594517356902134 0.8272675769160224 0.17597604014218915 0.17597604014218926
92 0.6755452317323173 0.7401728900685078 0.20068581654564244 0.20845847678494756
92 0.7547768308132915 0.8957587918967158 0.16994555471084838 0.17540742406819787
92 0.6053143415036071 0.9326309506653863 0.18015931481638592 0.13473809866922748
92 0.46695894552304035 0.9154106790097811 0.19772914623556048 0.16917864198043764
92 0.3239264225884735 0.8470047260597752 0.21088391291813213 0.2103587331722332
92 0.48399859807642076 0.6985320519319049 0.17713143558316718 0.1748206447012115
92 0.39029520042152477 0.6819534799433885 0.20971035418415918 0.22473049491687047
92 0.5204517379350687 0.5979361630881835 0.2006858165456425 0.2084584767849476
92 0.3089906549519993 0.5104722674518845 0.20376924096895055 0.2163735548705264
92 0.41541762194185466 0.3116286625434911 0.19528554680938048 0.2072596450158775
92 0.6194838074653493 0.1589545504484288 0.2169240076515223 0.22301609270395067
92 0.36219966698258366 0.09300305600662581 0.18804662030692026 0.18600611201325162
92 0.24246090704193837 0.1566694215393109 0.15790880157216042 0.15664837018200284
92 0.4700380371998162 0.0410021933438553 0.19110227213518377 0.0820043866877106
92 0.15204034109555728 0.3778468574770634 0.1814475188015881 0.18260291424256592
92 0.12995896298154655 0.5592014491914685 0.2102971335511457 0.21754461404455183
92 0.05835109378264702 0.5696833259454024 0.11670218756529405 0.2362698409047041
92 0.23808361314017049 0.6454351855926022 0.20369803204581366 0.21094551253921978
92 0.29453913029327927 0.32428246720415765 0.1994869847765725 0.20305820704868566
