92 0.5272770819235012 0.5173811213638132 0.31243217900729503 0.12283168365161767
92 0.40766651802943127 0.4440062975973801 0.18890235068937178 0.19247971852627122
92 0.2025841744868255 0.5343341884998313 0.2876032399314635 0.16955010131377762
92 0.5149330272025966 0.6163607411517261 0.29872898330007375 0.09696543729893792
92 0.4563847666881682 0.20412143951281805 0.3356261752732119 0.1417328385132552
92 0.21539655524985513 0.27698488275993205 0.3058865990096431 0.11843252435610552
92 0.23807336223845962 0.3825273140736652 0.23463520434564117 0.20315436738092496
92 0.5795641069982802 0.39869866681958854 0.23439669692769682 0.13351492392712883
92 0.7423444723888595 0.5210848699694309 0.16257636971542455 0.21122857229725872
92 0.8418384014183147 0.41424651239696675 0.23698850075870592 0.16544114402071447
92 0.6456175425078658 0.30476470509544173 0.19862301855870101 0.16928860229612452
92 0.7887266561627 0.2813896560676256 0.23210661524221776 0.17200683558230478
92 0.810831601880811 0.13850752968765506 0.2546885757962173 0.1738400626822868
92 0.7777387650194355 0.06693639584821087 0.2875400252038778 0.13387279169642174
92 0.3285247051874057 0.13533541922465395 0.31958979471686444 0.14429877070878544
92 0.12728327434692563 0.07251457492924368 0.25456654869385126 0.10736135560777016
92 0.8919741285940637 0.5461350362485854 0.21605174281187267 0.16072591108727424
92 0.9056493169822049 0.6829313172521714 0.1887013660355903 0.1903131862601931
92 0.7946057232010656 0.778638171384485 0.25639537344102803 0.1948646466463554
92 0.5763747163206578 0.7069988969341119 0.23902572353384277 0.12383447918567647
92 0.33465951117188397 0.6646997988178556 0.23894815731385916 0.189580481164645
92 0.36918905523955947 0.8100386594663535 0.2300837439594789 0.1470888101434087
92 0.5834375342820752 0.8326205713339 0.1903562894238403 0.21038954931047793
92 0.1806803930945522 0.7955568241506197 0.2117228186613157 0.26395238908004937
92 0.12967196537743 0.6499880961914881 0.24753096008664782 0.1523729756251192
92 0.435874540652095 0.29906107680679395 0.20636391830893885 0.13123919373404785
92 0.06927174072416481 0.24926246639401453 0.13854348144832962 0.20466288073566846
