92 0.50625 0.38515625 0.20234375 0.175
92 0.565625 0.32421875 0.1921875 0.16171875
92 0.4671875 0.2171875 0.1796875 0.11328125
92 0.284375 0.36171875 0.1625 0.16171875
92 0.3390625 0.53046875 0.12734375 0.2515625
92 0.13984375 0.48203125 0.16875 0.20703125
92 0.221875 0.62578125 0.2015625 0.1484375
92 0.26171875 0.76484375 0.1984375 0.13671875
92 0.38671875 0.66953125 0.14609375 0.221875
92 0.5296875 0.6984375 0.13359375 0.28671875
92 0.6265625 0.71015625 0.1171875 0.21171875
92 0.7109375 0.66484375 0.18515625 0.1765625
92 0.5828125 0.53359375 0.225 0.1265625
92 0.41953125 0.4390625 0.13359375 0.18828125
92 0.72734375 0.46015625 0.21015625 0.13515625
92 0.78046875 0.60390625 0.20234375 0.1765625
