92 0.625 0.46796874999999993 0.17031249999999998 0.07343749999999999
92 0.4078125 0.5578125 0.16484375 0.10468750000000004
92 0.5421875 0.5984375 0.125 0.10390624999999998
92 0.6203125 0.72421875 0.16718749999999993 0.12031250000000004
92 0.59609375 0.82421875 0.14140624999999996 0.09999999999999998
92 0.4015625 0.7007812499999999 0.15390625000000002 0.13515624999999998
92 0.30078125 0.7625 0.17656249999999998 0.08281249999999996
92 0.23828125 0.5609375 0.15234375 0.12343750000000003
92 0.74296875 0.55078125 0.1015625 0.12968750000000007
92 0.7546875 0.6671875 0.15625 0.09140625000000002
92 0.490625 0.41093750000000007 0.17031250000000003 0.08281250000000001
92 0.396875 0.459375 0.18593750000000003 0.10390625000000003
92 0.1890625 0.4265625 0.14765625 0.11093750000000002
92 0.2859375 0.37031249999999993 0.12968750000000004 0.08515624999999999
92 0.58828125 0.3796875 0.08125000000000004 0.125
