92 0.68203125 0.4890625 0.15625 0.19140625
92 0.88515625 0.584375 0.22890625 0.240625
92 0.76015625 0.8328125 0.2328125 0.334375
92 0.4015625 0.63359375 0.21796875 0.31171875
92 0.434375 0.43984375 0.22578125 0.26796875
92 0.109375 0.3796875 0.21796875 0.25703125
92 0.13828125 0.8140625 0.17421875 0.3390625
92 0.32578125 0.80078125 0.19296875 0.32265625
92 0.52578125 0.78671875 0.20390625 0.13671875
92 0.58359375 0.61484375 0.2328125 0.20234375
92 0.82578125 0.19375 0.23671875 0.2515625
92 0.46328125 0.21015625 0.21484375 0.27890625
