92 0.41015625 0.41171875 0.221875 0.25546875
92 0.53671875 0.57109375 0.24375 0.20625
92 0.69296875 0.47265625 0.228125 0.1578125
92 0.6125 0.76796875 0.1265625 0.1953125
92 0.5234375 0.8625 0.1875 0.1828125
92 0.91015625 0.64453125 0.17734375 0.1328125
92 0.31875 0.6171875 0.1578125 0.3578125
92 0.11953125 0.9125 0.1390625 0.175
92 0.06796875 0.484375 0.13515625 0.1953125
92 0.2125 0.27734375 0.19921875 0.21484375
92 0.43125 0.190625 0.259375 0.196875
92 0.64921875 0.16796875 0.221875 0.20703125
92 0.81953125 0.19765625 0.1234375 0.24296875
92 0.63046875 0.340625 0.26015625 0.17734375
92 0.8375 0.37734375 0.215625 0.19140625
