92 0.746875 0.7671875 0.24609375 0.2421875
92 0.56875 0.559375 0.24609375 0.21484375
92 0.4875 0.83984375 0.22421875000000002 0.25625
92 0.30546875 0.7796875 0.2828125 0.1953125
92 0.159375 0.6187499999999999 0.27734375 0.16249999999999998
92 0.32265625 0.56171875 0.21249999999999997 0.20390625000000007
92 0.4015625 0.4328125 0.24375000000000002 0.17890624999999993
92 0.17421875 0.41015624999999994 0.15781249999999997 0.21796874999999993
92 0.871875 0.33984375 0.22421875000000002 0.17109375
92 0.49921875000000004 0.27265625 0.17578125000000006 0.22578124999999996
92 0.271875 0.25859375 0.24374999999999997 0.10468750000000002
92 0.0734375 0.28203125 0.11406249999999998 0.19843749999999996
