92 0.45390624999999996 0.47890625 0.10156249999999994 0.1015625
92 0.5046875 0.57578125 0.12109375 0.07343750000000004
92 0.459375 0.29921875 0.15312499999999996 0.08828125000000003
92 0.5375 0.3671875 0.12109375 0.06484375000000003
92 0.64296875 0.3890625 0.08984375 0.05937500000000001
92 0.6304687500000001 0.48203125 0.06796875000000002 0.12421875000000004
92 0.571875 0.5265625 0.0625 0.1015625
92 0.65625 0.61796875 0.08984375 0.10546875
92 0.73515625 0.5703125 0.1015625 0.1015625
92 0.5843749999999999 0.7140625 0.07656249999999998 0.12109375
92 0.38828125 0.671875 0.11953125000000003 0.09843749999999996
92 0.33671875 0.62578125 0.078125 0.12421875000000004
92 0.25859375 0.55390625 0.13046875000000002 0.055468749999999956
92 0.33671875 0.46953124999999996 0.12109375 0.06640624999999994
92 0.34765625 0.39765624999999993 0.08828125000000003 0.07343749999999999
92 0.284375 0.3484375 0.11406249999999998 0.07656249999999998
