92 0.49871054510953733 0.4703405164856928 0.10146590953654255 0.25526132786580524
92 0.6945507877658496 0.6581052846009579 0.11782290327367373 0.20143982974395247
92 0.8461735352636491 0.764119708460254 0.09990525638409653 0.129768444409196
92 0.8619531357514509 0.8752579656728714 0.12566217627810017 0.1308882341824925
92 0.17452491762436614 0.936677900848569 0.1792460368657272 0.1266441983028621
92 0.14333882035123888 0.7860737895854917 0.13971140531119292 0.13149902860429075
92 0.2623842698002453 0.6823677686513914 0.1152100604693152 0.14134034999127743
92 0.35685960421386764 0.8948710936619879 0.1229472684779595 0.15803651440745137
92 0.5561620257772021 0.8205193717716814 0.13268679079464657 0.13119363139339157
92 0.6299725212156635 0.43179036809149385 0.08290358838683032 0.15084234114393175
92 0.8574744553241327 0.6103587550053893 0.12807163368224506 0.11463319907095038
