92 0.4765625 0.39921875 0.19375 0.4046875
92 0.73203125 0.446875 0.16875 0.3609375
92 0.8859375 0.63046875 0.228125 0.284375
92 0.6015625 0.8234375 0.29296875 0.3484375
92 0.253125 0.86015625 0.3265625 0.18046875
92 0.31484375 0.5953125 0.26328125 0.25546875
92 0.18515625 0.37734375 0.25703125 0.20546875
92 0.590625 0.24765625 0.2546875 0.21796875
92 0.86953125 0.328125 0.225 0.23203125
92 0.840625 0.17109375 0.13125 0.26171875
92 0.1671875 0.23828125 0.23359375 0.1515625
92 0.2359375 0.1171875 0.25703125 0.1515625
