92 0.55859375 0.48203125 0.14999999999999997 0.17890625000000004
92 0.38203124999999993 0.496875 0.09296874999999999 0.24375000000000002
92 0.33828125 0.690625 0.10703124999999997 0.19609375000000007
92 0.196875 0.559375 0.13359375 0.14296875000000003
92 0.24296875 0.32109375 0.15000000000000002 0.13124999999999998
92 0.396875 0.26484375 0.07968749999999997 0.20234374999999996
92 0.46328125 0.25625 0.08984375 0.16093749999999998
92 0.546875 0.184375 0.08359375000000002 0.19062499999999996
92 0.621875 0.33359375 0.07343750000000004 0.19062500000000002
92 0.48359375000000004 0.746875 0.08671875000000001 0.22031250000000002
92 0.578125 0.7234375 0.10703125000000002 0.25625
92 0.66484375 0.6812499999999999 0.13671875 0.15468749999999998
92 0.70859375 0.54765625 0.11640625000000004 0.13125000000000003
92 0.36796875 0.86015625 0.10312500000000002 0.22031250000000002
92 0.078125 0.83359375 0.13984375 0.17890625000000004
92 0.76328125 0.29765625 0.12031250000000004 0.23203125000000002
92 0.66640625 0.184375 0.09687500000000004 0.18437500000000004
92 0.853125 0.86015625 0.11328125 0.2265625
