92 0.4717413080699409 0.36526970647079954 0.19105546267982254 0.18572641769787146
92 0.46379447997769185 0.2482867296383358 0.19443263214825612 0.19443263214825612
92 0.6126296091338406 0.2798895632881455 0.12430079307176978 0.11956386419892434
92 0.7090842575543481 0.2252794232073986 0.1710784866379802 0.16835475253609417
92 0.6306506680180568 0.3807341278532058 0.148753428029211 0.1467402332582517
92 0.5145375911262869 0.46822954880325274 0.14510269002225162 0.14380003458221924
92 0.41892420383980655 0.5562680651862427 0.16105327652217555 0.16519808928591528
92 0.5479171204013215 0.6018450126599003 0.20591985831386017 0.21480159995044534
92 0.6018984222780792 0.7299026683791714 0.15142005816671766 0.15615698703956316
92 0.6226718540708484 0.8516021922149846 0.21028113565174622 0.21703125929555112
92 0.5970024800933745 0.9555144273244917 0.1497825149307177 0.08897114535101669
92 0.4948306629257236 0.9181638087110562 0.19362000982089567 0.16367238257788774
92 0.46011983940399004 0.7668471928901192 0.16671720930009415 0.16612509319098856
92 0.4964311367689323 0.6774162366519422 0.15637345161370952 0.15779453027556323
92 0.7186320804366676 0.5335710493887148 0.14968043193428415 0.1524041660361703
92 0.7520362068742603 0.7494221181101628 0.1751048761798989 0.16432836299417553
92 0.829657174083191 0.6066592537176672 0.17118056963441375 0.16715418009249505
92 0.9177564887767611 0.3100057837255974 0.13851175333926002 0.13720909789922753
92 0.3124564702358196 0.5336776949761184 0.16356054604991532 0.15609988307518374
92 0.27008924833261183 0.674129198896571 0.16285000671898858 0.15681042240611076
92 0.3222819033007733 0.7775463938909211 0.1618209198174817 0.15234706207179083
92 0.17692972095569234 0.4301666739225055 0.18414597842625097 0.17396158134963335
92 0.23693409327098647 0.3477349863530546 0.21480159995044534 0.20591985831386028
92 0.09158572521969163 0.3999562801278828 0.18317145043938327 0.1786414062580992
92 0.12278097518095088 0.28820026528093656 0.1682403709583814 0.1635034420855359
92 0.9419977963992562 0.555213860175316 0.11600440720148764 0.15609988307518385
92 0.8895512064648807 0.4530952789768899 0.18811526400379008 0.1820756796909121
