92 0.61640625 0.3046875 0.0546875 0.10546875
92 0.67265625 0.3375 0.06171875 0.084375
92 0.46875 0.43203125 0.08125 0.0828125
92 0.51171875 0.81953125 0.0734375 0.06015625
92 0.69140625 0.8359375 0.0796875 0.075
92 0.85390625 0.34765625 0.06171875 0.13203125
92 0.92734375 0.29765625 0.07734375 0.10703125
92 0.8203125 0.2390625 0.06640625 0.075
92 0.7546875 0.15078125 0.0703125 0.04921875
92 0.76796875 0.4359375 0.0546875 0.07890625
92 0.74296875 0.5546875 0.0703125 0.071875
92 0.5890625 0.56015625 0.05078125 0.1015625
92 0.62734375 0.440625 0.06640625 0.1
92 0.5390625 0.3109375 0.04140625 0.10390625
