92 0.4625 0.43515625 0.09609375000000003 0.22578125000000004
92 0.55078125 0.43828125000000007 0.12343750000000003 0.21796875000000004
92 0.7203124999999999 0.52265625 0.10781249999999998 0.23125000000000007
92 0.8226562499999999 0.49218750000000006 0.12343749999999998 0.23515625000000007
92 0.5453125 0.846875 0.14218749999999997 0.21640625000000002
92 0.41875 0.7078125 0.13124999999999998 0.2421875
92 0.3125 0.4578125 0.07734374999999999 0.22734375000000007
92 0.34765625 0.72578125 0.09140624999999997 0.18437500000000007
92 0.3203125 0.86171875 0.16250000000000003 0.16015625
92 0.55 0.2515625 0.14999999999999997 0.12421875000000002
92 0.44218750000000007 0.33359375 0.09843750000000001 0.15781249999999997
92 0.6921875 0.36015625 0.17734375000000002 0.11484375000000002
92 0.31640625 0.30625 0.12890625 0.10000000000000003
