92 0.55859375 0.475 0.06875 0.1984375
92 0.621875 0.4234375 0.07265625 0.17734375
92 0.746875 0.39609375 0.11328125 0.20078125
92 0.8546875 0.76328125 0.11015625 0.23203125
92 0.68828125 0.7375 0.1609375 0.1984375
92 0.55234375 0.75546875 0.084375 0.1984375
92 0.25859375 0.76328125 0.14765625 0.1859375
92 0.31953125 0.609375 0.14375 0.1796875
92 0.39375 0.3765625 0.12265625 0.20703125
92 0.43828125 0.56328125 0.11015625 0.15078125
92 0.44453125 0.70703125 0.09296875 0.21484375
92 0.20390625 0.61015625 0.12109375 0.20234375
92 0.17265625 0.43359375 0.13046875 0.20390625
92 0.29453125 0.19609375 0.15078125 0.1796875
92 0.4140625 0.221875 0.16328125 0.1484375
92 0.58828125 0.28828125 0.19765625 0.12265625
