92 0.4328125 0.86953125 0.08984375 0.09765625
92 0.2171875 0.85390625 0.128125 0.1359375
92 0.0546875 0.82109375 0.109375 0.1171875
92 0.0921875 0.60703125 0.140625 0.09296875
92 0.24296875 0.57734375 0.15078125 0.09609375
92 0.50390625 0.4265625 0.18828125 0.09453125
92 0.50078125 0.54375 0.0921875 0.1359375
92 0.76484375 0.3859375 0.19375 0.08828125
92 0.71171875 0.45859375 0.09609375 0.08671875
92 0.5953125 0.290625 0.19375 0.075
92 0.6625 0.215625 0.14921875 0.09140625
92 0.6203125 0.5890625 0.13515625 0.0734375
