92 0.5546875 0.49375 0.10703125000000002 0.26171875
92 0.6296875 0.40156250000000004 0.07656249999999998 0.26171875000000006
92 0.6781249999999999 0.63984375 0.09999999999999998 0.23203125000000002
92 0.53984375 0.89296875 0.10312499999999997 0.21406250000000004
92 0.3546875 0.503125 0.10703125000000002 0.29140625000000003
92 0.43984375 0.57734375 0.12343750000000003 0.34531249999999997
92 0.42656249999999996 0.3390625 0.11640624999999999 0.17890624999999996
92 0.56640625 0.18125 0.11328125 0.22031249999999997
92 0.41015625 0.128125 0.11640624999999999 0.25625
92 0.81484375 0.42890625 0.06640625 0.25625
92 0.878125 0.55625 0.10703125000000002 0.2796874999999999
92 0.91328125 0.74140625 0.07343750000000004 0.30390624999999993
92 0.81328125 0.878125 0.08671874999999996 0.2437499999999999
92 0.3203125 0.878125 0.08984375 0.2437499999999999
