92 0.46484375 0.16640625 0.25234375000000003 0.17109375
92 0.5703125 0.28203125 0.24296875000000007 0.11093750000000002
92 0.55390625 0.40703125 0.20546875000000003 0.16796875
92 0.38515625 0.38593749999999993 0.19140625 0.2
92 0.6328125 0.46953125000000007 0.16328124999999993 0.13203125000000004
92 0.69140625 0.58203125 0.22421875000000002 0.07499999999999996
92 0.6125 0.7109375 0.19609375000000007 0.13906249999999998
92 0.41328124999999993 0.7640625 0.17265625 0.15703124999999996
92 0.31328125 0.55546875 0.22890624999999998 0.14999999999999997
92 0.44843750000000004 0.6125 0.21484375000000006 0.125
