92 0.63359375 0.51796875 0.1109375 0.21796875
92 0.49296875 0.49140625 0.1375 0.178125
92 0.40859375 0.6203125 0.1953125 0.12421875
92 0.4953125 0.84453125 0.1109375 0.2046875
92 0.68671875 0.73984375 0.146875 0.18671875
92 0.7375 0.57109375 0.2 0.1109375
92 0.57578125 0.3109375 0.146875 0.10703125
92 0.75078125 0.3109375 0.146875 0.10703125
92 0.90859375 0.4109375 0.09765625 0.16875
92 0.2796875 0.5625 0.115625 0.15078125
92 0.23125 0.46015625 0.09765625 0.26640625
92 0.08203125 0.478125 0.146875 0.15078125
92 0.1734375 0.6640625 0.12421875 0.21328125
92 0.2734375 0.83984375 0.178125 0.16875
