92 0.7050411224275723 0.4844609102919815 0.16161789342727684 0.1525909991940565
92 0.699537915274478 0.4035180541462404 0.1692172804248928 0.16494138315652523
92 0.7740026162235629 0.3306810577836375 0.1531854258512002 0.15603602403011196
92 0.678883682324142 0.57663512674538 0.15449139797999756 0.15971749464133578
92 0.5185403879366255 0.6036733956252611 0.21546194266121155 0.17555356815644785
92 0.5489264361533897 0.5000517054473308 0.1351113050264655 0.14318799986671538
92 0.5355378989263287 0.420248205314695 0.17328368871483163 0.12197292149442124
92 0.36859978957060313 0.6319950961294971 0.23382200656229685 0.18013574085945983
92 0.2045524840674204 0.646255170505458 0.21116350488840135 0.16887963190121125
92 0.27123084954490345 0.5281011707950645 0.1516430079472345 0.14261611371401411
