92 0.57578125 0.46640625 0.22734375 0.13359375
92 0.76328125 0.515625 0.14296875 0.11640625
92 0.61640625 0.578125 0.17890625 0.1296875
92 0.45546875 0.58515625 0.17421875 0.1203125
92 0.35234375 0.35234375 0.125 0.1609375
92 0.47578125 0.265625 0.1609375 0.09375
92 0.70546875 0.29453125 0.13828125 0.07578125
92 0.8640625 0.53984375 0.1203125 0.1875
92 0.86171875 0.7140625 0.1609375 0.10234375
92 0.46171875 0.68984375 0.1515625 0.0984375
92 0.67421875 0.68984375 0.11171875 0.0890625
92 0.19453125 0.57578125 0.1296875 0.1296875
92 0.3484375 0.6046875 0.13828125 0.11171875
92 0.21640625 0.33671875 0.07109375 0.10234375
92 0.49140625 0.35703125 0.20546875 0.08046875
92 0.94375 0.4296875 0.1125 0.146875
92 0.5359375 0.17421875 0.2140625 0.0671875
92 0.703125 0.22578125 0.1296875 0.09375
