92 0.66328125 0.28203125 0.10468750000000004 0.08906250000000002
92 0.7625 0.3609375 0.06640625 0.10468749999999999
92 0.66171875 0.490625 0.109375 0.09687500000000004
92 0.6 0.52578125 0.09765625 0.13125000000000003
92 0.53046875 0.44921875000000006 0.057812500000000044 0.12968750000000007
92 0.51015625 0.33203125 0.07578124999999997 0.15234375
92 0.5703125 0.34453125 0.08359375000000002 0.10781249999999998
92 0.6234375 0.37812500000000004 0.0703125 0.15546875
92 0.69296875 0.38828125 0.07343750000000004 0.14375
92 0.76171875 0.45390624999999996 0.11171874999999998 0.08124999999999999
92 0.8460937500000001 0.3265625 0.08750000000000002 0.08124999999999999
92 0.859375 0.24921875 0.06015625000000002 0.08515625000000002
92 0.90859375 0.2984375 0.042187500000000044 0.12343750000000003
92 0.7203124999999999 0.21796875 0.08828124999999998 0.09765625
92 0.57734375 0.27109375 0.06093749999999998 0.09453124999999998
