92 0.45399412784789134 0.46670499461219694 0.19868555964079293 0.19222003661872966
92 0.4178542737439863 0.8496880692528832 0.29662042974464065 0.3006238614942336
92 0.691315903017738 0.5928197738025551 0.24049233821287463 0.23176388213308918
92 0.624370826873361 0.41746042638891967 0.1982158500393062 0.21276327683894847
92 0.23928663950951834 0.710915169442178 0.2578496498854774 0.25138412686341416
92 0.17438082075872854 0.6083010070038741 0.19942927425414442 0.2411318977464526
92 0.19143233820179895 0.4563451140311477 0.17100682761459662 0.19137322513409594
92 0.27344000374338884 0.348639271773259 0.2377327826876438 0.2302974312122711
92 0.3462026706402912 0.20505571130305597 0.22429462502306619 0.1919670099127498
92 0.4907770378696886 0.11113471934255578 0.19289000540264367 0.2064676037489766
92 0.7843502432988173 0.7590407158270992 0.1790359638686232 0.23722567106719272
92 0.6720377963274183 0.7922514862325225 0.1788989613626908 0.2024981203932218
92 0.5805943039031647 0.9483587871053756 0.23307690683489546 0.10328242578924884
