92 0.55390625 0.48203125 0.08906250000000004 0.11171875000000003
92 0.71875 0.5359375 0.11171874999999998 0.07109374999999996
92 0.91484375 0.5984375 0.07109374999999996 0.08515625000000004
92 0.83046875 0.73203125 0.13359374999999996 0.08906250000000004
92 0.63359375 0.71640625 0.06718749999999996 0.08906250000000004
92 0.6671875 0.80546875 0.13359375000000007 0.08046874999999998
92 0.50234375 0.8484375 0.14296875000000003 0.053906250000000044
92 0.35078125 0.8953125 0.11171874999999998 0.08046874999999998
92 0.49140625 0.66328125 0.13828125000000002 0.04921874999999998
92 0.33046875 0.63359375 0.09843750000000001 0.053906250000000044
92 0.1609375 0.7921875 0.10703125000000001 0.13359375000000007
92 0.078125 0.87265625 0.11640624999999999 0.07109374999999996
92 0.82109375 0.91484375 0.12031250000000004 0.08046874999999998
92 0.9265625 0.8484375 0.12031250000000004 0.0625
