92 0.37411015132892844 0.4958497569710071 0.3362482867593723 0.33823010985862445
92 0.575154635430497 0.5274657725894261 0.3190272111157729 0.3168149434700961
92 0.6235111549350474 0.3492365636262036 0.27473548040169293 0.270587478566049
92 0.7642120088068074 0.6210599660450721 0.22537396966627032 0.22942979368334449
92 0.7626601861690405 0.7509286611925687 0.2617608199168321 0.26148428646112254
92 0.8947494438065156 0.32869981578296065 0.21050111238696878 0.2178091530390166
92 0.4459374205175141 0.7089538469517849 0.35838518734301605 0.370183948119959
92 0.1714520673268648 0.7809829132487801 0.2316988681295289 0.23524771414446888
92 0.14185084779865775 0.5307635152422776 0.2837016955973155 0.2929924359075287
92 0.23995567569345555 0.31884701901168533 0.32418020418228943 0.3204930914394947
92 0.3850399464095047 0.15460866773094117 0.30345637143303517 0.30258068215662137
92 0.5304862048197863 0.0961760115265731 0.2553370200549566 0.1923520230531462
92 0.4881274790268021 0.29437527240795314 0.3115326484491212 0.3066472240649183
92 0.6653584203391993 0.1812408456420629 0.28827840807589367 0.2868496518880608
