92 0.51484375 0.43359375000000006 0.1953125 0.14921875000000007
92 0.54765625 0.6109375 0.15312500000000007 0.26484375000000004
92 0.80390625 0.53984375 0.18125000000000002 0.1875
92 0.7109375 0.678125 0.26093749999999993 0.20703125
92 0.384375 0.72421875 0.23671875000000003 0.14531249999999996
92 0.25859375 0.6546875 0.24531249999999996 0.15703124999999996
92 0.32734374999999993 0.52890625 0.1375 0.21328125000000003
92 0.7890625 0.42890625 0.22343750000000007 0.13906249999999998
92 0.66171875 0.3875 0.15546875000000004 0.1875
92 0.42656250000000007 0.36328125 0.24531250000000004 0.08984375
92 0.1046875 0.58671875 0.165625 0.1875
