92 0.49765625 0.53984375 0.09140624999999997 0.09140624999999997
92 0.54140625 0.4109375 0.12187499999999996 0.07578125000000002
92 0.5859375 0.296875 0.09999999999999998 0.14765625000000002
92 0.490625 0.328125 0.10781250000000003 0.11562500000000003
92 0.40078125 0.30234375 0.08046875000000003 0.12890625
92 0.328125 0.40390625 0.06718750000000001 0.16250000000000003
92 0.353125 0.50625 0.07500000000000001 0.12812500000000004
92 0.44140625 0.4515625 0.08124999999999999 0.15859375000000003
92 0.6859375000000001 0.42109374999999993 0.05625000000000002 0.16484374999999996
92 0.64296875 0.53125 0.12421875000000004 0.07421875
92 0.76640625 0.47421875 0.10234374999999996 0.14453125
92 0.8796875 0.31796875 0.09375 0.16562499999999997
92 0.48984375 0.14453125 0.109375 0.10624999999999998
92 0.5484375 0.2375 0.10546875 0.11093750000000002
92 0.2515625 0.3015625 0.10624999999999998 0.11484375000000002
92 0.2859375 0.16015625 0.11875000000000002 0.12109375
92 0.3078125 0.60625 0.078125 0.12656250000000002
92 0.1953125 0.54765625 0.1 0.09453124999999996
92 0.459375 0.6148437500000001 0.0625 0.16562500000000002
92 0.3890625 0.5835937499999999 0.0703125 0.13515624999999998
92 0.5453125 0.6375 0.09062499999999996 0.11093750000000002
92 0.4125 0.1390625 0.04921874999999998 0.10546875
92 0.32734375 0.10625 0.11484375000000002 0.12421875000000002
