92 0.49703644550427645 0.6759939867165236 0.13465786350055187 0.12912332654158143
92 0.5565954162824032 0.6002564381327777 0.10977276745908415 0.10875725609046583
92 0.5350828057871004 0.48124264571782327 0.12382942040546674 0.12118909084705898
92 0.6565204499688828 0.4883751213323133 0.09281125809727697 0.09260815582355325
92 0.7660072640426688 0.4761489868538808 0.1067289598562231 0.10297156779233496
92 0.7826160709284538 0.5727149105120517 0.12048628389945126 0.11901379241495469
92 0.8645079838086459 0.4655342950473815 0.10060654260436319 0.10136817613082705
92 0.8596924843166909 0.6493556418141347 0.10377865237979866 0.10261081430588748
92 0.6985889861697261 0.7657105331439513 0.11741040075344655 0.11436386664759135
92 0.6669026904615091 0.6659671752029138 0.10099404712652316 0.099876984621043
92 0.8121616132535898 0.3374318043818494 0.11493577341818761 0.11463112000760212
92 0.9063571872163578 0.3895054685709064 0.1339015544815192 0.13319069652348636
92 0.9723461458183763 0.4256010592236312 0.05530770836324739 0.10828157594930021
92 0.6293370778301675 0.3663041457966415 0.1110929322382882 0.10743709131126183
92 0.6008228918973859 0.28742928948359786 0.10836442706087468 0.10795822251342735
92 0.67884793906496 0.2644843140573673 0.11751195189030839 0.11426231551072946
92 0.7264962062886591 0.24238382326917493 0.0999545112251864 0.0965017725718838
92 0.67856990819153 0.07813223987949303 0.14130400995901427 0.14013617188510308
92 0.4694385608105741 0.037429353732876425 0.09396572065333192 0.07485870746575285
92 0.5357640577078695 0.12341288391078323 0.08649378958211862 0.0856813804872239
92 0.5423434550756078 0.1822824232591585 0.11170756356689032 0.11013352094553175
92 0.39977538041325145 0.11252574273539917 0.12013085492043474 0.11936922139397099
92 0.4539201938931141 0.13547331616606675 0.1264616989534495 0.12407524723719615
