92 0.45064728262578396 0.43831406955923213 0.11435475667350403 0.14641373603391078
92 0.5433794257315817 0.4547758098323122 0.11567507934666121 0.12510419092325142
92 0.6886952373567705 0.5855399382258633 0.14418756858050052 0.14293035370362184
92 0.6611955148183082 0.46508044755318906 0.1403307662365193 0.10135710505327966
92 0.6726942596197854 0.3668994545677059 0.10553771509755328 0.10616632253599256
92 0.6902594367808541 0.22790830468177692 0.13796735823201878 0.1373387507935795
92 0.7663101975887696 0.30537804135907365 0.1411927968979272 0.17136595394301596
92 0.8023935384802143 0.3901276111539953 0.19008418030547292 0.1215659695155839
92 0.8293277613765158 0.49004340470553975 0.17841236383767245 0.11052276048622273
92 0.48304138036030414 0.5682054280481299 0.1666198442565815 0.1559335178031127
92 0.39559879666603515 0.48486960735861034 0.1150630093460217 0.1747807159977598
92 0.24220175853374637 0.4318113951049578 0.2517097591895956 0.1253596640632864
92 0.30959448251858024 0.30915576989955196 0.20615349260271543 0.12003427353652474
92 0.2638679005050102 0.22378034890582432 0.1921841321663263 0.1330950329530275
92 0.4009484219189212 0.16545956820640054 0.20307907568606387 0.1194742863736305
92 0.5510514011097563 0.18735362092136626 0.17123698211082566 0.1731228044261438
92 0.4990280054685473 0.2984746702100619 0.1448079073000399 0.1177777874471479
92 0.604620559643479 0.32450551885045575 0.11659746156471429 0.16688605663986217
92 0.42609082036272516 0.7874279487862481 0.13791527539427356 0.19008969278473953
92 0.5292100026631115 0.7257637825472589 0.18597219053674452 0.15202738886101974
92 0.5492212750176803 0.8094702670108372 0.17121217595412586 0.09955092797204013
92 0.6914761652090963 0.762118562585963 0.17848649659248417 0.12316904200982148
92 0.3389530364066031 0.7842410974752061 0.13895560448598365 0.1672429392157544
92 0.243698194828148 0.7452098409749546 0.15286736960536101 0.1905838159117218
