92 0.43359374999999994 0.4359375 0.26874999999999993 0.19296874999999997
92 0.60625 0.40078125 0.20468750000000002 0.2523437499999999
92 0.7453125 0.43828124999999996 0.16484375000000007 0.27734374999999994
92 0.51171875 0.20078125 0.21718750000000003 0.19296874999999997
92 0.29140625 0.1953125 0.20468749999999997 0.18828124999999998
92 0.1265625 0.36171875 0.140625 0.27265625000000004
92 0.11015625000000001 0.5171875 0.15234375 0.2523437499999999
92 0.19296875 0.7453125 0.22890625000000003 0.2578125
92 0.29296875 0.6234375 0.22500000000000003 0.12890625
92 0.43203125 0.73046875 0.24062500000000003 0.19296875000000002
92 0.68046875 0.7671875 0.22109374999999998 0.22265625
92 0.67890625 0.58671875 0.18046875000000007 0.19296874999999997
92 0.90390625 0.6015625 0.10078125000000004 0.20781250000000007
92 0.871875 0.3859375 0.14453125 0.3265625
