92 0.5445312499999999 0.41640625 0.06484374999999998 0.13203125
92 0.56484375 0.59375 0.05859375 0.10781249999999998
92 0.63671875 0.57890625 0.0625 0.14140625000000007
92 0.63671875 0.70546875 0.042187500000000044 0.13984375000000004
92 0.7515625 0.83203125 0.055468749999999956 0.12968750000000007
92 0.703125 0.75 0.08359375000000002 0.11406249999999996
92 0.5703125 0.71953125 0.05312499999999998 0.13203124999999993
92 0.83984375 0.75703125 0.07343750000000004 0.07578125000000002
92 0.8578125 0.6312499999999999 0.055468749999999956 0.12343749999999998
92 0.7679687499999999 0.5859375 0.05703124999999998 0.11171874999999998
92 0.6421875 0.4359375 0.05078125 0.11562500000000003
92 0.40078125 0.5265625 0.07578124999999997 0.14921875000000007
92 0.31328125000000007 0.52265625 0.10234375000000001 0.078125
92 0.4453125 0.07343750000000002 0.06093749999999998 0.128125
92 0.51171875 0.23593750000000002 0.09296875000000004 0.08203125000000003
92 0.54296875 0.3046875 0.07343750000000004 0.11562500000000003
92 0.46875 0.3296875 0.05703124999999998 0.11406250000000001
92 0.19687500000000002 0.26796875 0.071875 0.11406249999999998
92 0.1578125 0.2515625 0.08906249999999999 0.06562500000000002
92 0.10078125 0.24375 0.046875 0.12578125
92 0.28359375 0.2875 0.05078125 0.109375
92 0.31796875 0.20859375000000002 0.06406249999999997 0.0796875
