92 0.41457457315252194 0.551192864137018 0.15720567489255088 0.22841118868785082
92 0.3365883020699609 0.4892545527840087 0.1316954320686995 0.27043607235026335
92 0.416008672277843 0.362502582295951 0.1566116017634464 0.19184731993019283
92 0.5248829547172941 0.21758534770631663 0.15945457538887348 0.2137763075626074
92 0.35968315165405806 0.1897278232392978 0.13509505974157554 0.19602348907157446
92 0.6319481115025357 0.38816123766091026 0.13683649676387155 0.2256598696425447
92 0.7059789416856121 0.6091992775740764 0.14270827563748878 0.23299980343977633
92 0.5516351614416526 0.8460044277305485 0.13490922811881234 0.23254153053917204
92 0.7593172802470647 0.8643223084774356 0.12628865266241052 0.16519475813819284
92 0.855203941540926 0.7913846066890853 0.125094620658318 0.18455489506470257
92 0.30573602815304524 0.8565405003402426 0.14376230330887835 0.2509376127327321
92 0.4100624782055883 0.8073674002492452 0.16945501447213096 0.22524490156947952
