92 0.3851478422704399 0.5742345208877024 0.1623155193481992 0.18808497467709318
92 0.4769808293912029 0.6193775589193613 0.1515051334002469 0.14698417632500227
92 0.4561977591887478 0.7467532164587233 0.18585107482843555 0.2034828074218893
92 0.6693340916016262 0.48661662092315283 0.13036523645851572 0.14324996412296276
92 0.5373687867077359 0.5113777276396363 0.1422792829863147 0.14431371367017465
92 0.5071581533696788 0.350640099153216 0.17100285031628437 0.17507171168400448
92 0.6350678862403312 0.2578740983715674 0.13786912778067284 0.1638646309633291
92 0.45270724230113407 0.2683365888085445 0.15157826779408723 0.14366659291240924
92 0.3500749580192166 0.352432992081147 0.17565234272017066 0.17474815130512172
92 0.2652228756761182 0.43789232714856385 0.12535451619998428 0.1298754732752288
92 0.18261798252615963 0.5827046922311387 0.15883173313120202 0.16561316874406884
92 0.12023546255921339 0.535356576596659 0.20652558671816007 0.18821571056341957
92 0.08148977060792012 0.6325969787486765 0.16297954121584024 0.17147932415508893
92 0.3327624276884642 0.755622283132567 0.16856508018746014 0.175346515800327
92 0.6676697770015245 0.5947582768760018 0.15254006070162207 0.19029005227991413
92 0.7023304335786702 0.668782239812109 0.1403800323033374 0.1602722434344136
92 0.53239357636647 0.8628885269170166 0.16769191157593255 0.18487154846186182
92 0.618320497043578 0.8014722439721618 0.16256594533324165 0.18675306568579997
