92 0.528125 0.46171875 0.08125 0.04765625
92 0.60546875 0.5109375 0.06875 0.0703125
92 0.634375 0.39921875 0.0734375 0.04765625
92 0.5734375 0.33671875 0.08828125 0.05859375
92 0.51484375 0.31015625 0.059375 0.08515625
92 0.47421875 0.60859375 0.10546875 0.04765625
92 0.59296875 0.58359375 0.0734375 0.0390625
92 0.73046875 0.55390625 0.05390625 0.08203125
92 0.61796875 0.64140625 0.12734375 0.040625
92 0.54921875 0.68359375 0.078125 0.04765625
92 0.346875 0.72421875 0.0859375 0.071875
92 0.271875 0.534375 0.09296875 0.065625
92 0.3578125 0.29921875 0.0734375 0.06875
92 0.465625 0.40625 0.0390625 0.05078125
