92 0.4507924640253731 0.5717849656538944 0.08626367143153746 0.13342903898149627
92 0.5225397859572108 0.5204416576949039 0.09181226221357286 0.09918185089325388
92 0.5379774497961644 0.4756811860233725 0.10038130708806131 0.15196842784582865
92 0.4069769604557425 0.4538172442739987 0.12157741110019549 0.1505644599069409
92 0.4762021291868105 0.29698904832248896 0.09932175048735065 0.13125663476596855
92 0.603661221271341 0.37692069124504896 0.10333613753963866 0.15099281100157602
92 0.6562809302018924 0.5504506193803035 0.1361164028716496 0.14889035658309685
92 0.8189418422798036 0.5855658307936933 0.09551454400267556 0.1004276031224628
92 0.6118518914000208 0.7393256192857085 0.1080673271871001 0.09480206756367426
92 0.5419901795158125 0.6713365389806122 0.11250307035431845 0.0943247516111052
92 0.4061885507308806 0.6988969775767154 0.08016514607635228 0.08213036972426724
