92 0.4377973775227858 0.34563884245030374 0.16494963651185923 0.22057902061511664
92 0.5819632234087567 0.39445813308213307 0.12455342709323136 0.15257725216780454
92 0.49166559174546687 0.6356570222218859 0.13524750059957974 0.19505954516172852
92 0.646914613405142 0.644245774421056 0.13435963648960103 0.14481628763682997
92 0.5918277603621931 0.5512862993125467 0.17386623291353365 0.1441693436554039
92 0.7395479931958635 0.5782822553002727 0.17679584411947447 0.15964693623801918
92 0.7605243024398891 0.4263093595192766 0.1607891442926349 0.2134906660746681
92 0.40367922382357685 0.6844220503277303 0.19985530643101146 0.22453300313847147
92 0.4484033453321148 0.8173098856754947 0.1924116927942417 0.15016682215943722
92 0.3050944508928726 0.7240773961521145 0.1722719156419944 0.24086754716781544
92 0.3694135023469843 0.5522307420948757 0.19336606162322156 0.16659703468631576
92 0.34948841205254105 0.4360513803430103 0.16829226710953937 0.1804219824403248
92 0.32247321833293274 0.2948886459208476 0.17345321352179444 0.19980397441281111
92 0.41753919637168846 0.11353446289120997 0.16914921855626813 0.1499089804453671
92 0.6090787650184007 0.2975190094411687 0.15987911194298898 0.17451842354910946
92 0.5386018107284367 0.48296193331687987 0.13456614618547075 0.11699897225812633
92 0.18589798659946655 0.4580712986363324 0.21360850281186972 0.17805588891129165
92 0.17563267244730676 0.5648866341621008 0.15843822346440245 0.17391406716230107
92 0.159813811846103 0.6867391279849282 0.13271048943042807 0.15362379172488572
92 0.04852820805778213 0.5432359660428325 0.09705641611556426 0.144700199784345
92 0.12731975355838623 0.28609338402580786 0.16876011628891235 0.2126780511072734
92 0.2253666748212831 0.19667955144141513 0.18011805536220404 0.1491663679664067
92 0.22239797379015808 0.2885738165226094 0.14481628763682985 0.1343596364896011
92 0.06892072208536193 0.33906498971492727 0.13784144417072386 0.1763810758430185
92 0.2508324550103347 0.8027510698661082 0.15176638608512644 0.15092985399334813
92 0.09299858793274057 0.7173052108828029 0.150470749237558 0.21153759193737431
92 0.15743254561626904 0.8749664114355616 0.14094105202549229 0.19447910589930384
92 0.3340457971642574 0.9343908422587133 0.2018988024116899 0.13121831548257346
92 0.3249291193439311 0.8784181343468604 0.14625717611541655 0.13496399287640948
92 0.42691310154466544 0.9167364606265931 0.18697773196711576 0.16652707874681394
92 0.6472803658097627 0.9016374537285679 0.17895717683735457 0.1605534708182318
92 0.7669201948965096 0.8455262293682049 0.1931578030426353 0.17600889516118012
92 0.6105272162975022 0.7594760139980912 0.16768791072273093 0.1789810939617381
92 0.8064402151365264 0.656971101715067 0.15257900105252098 0.14295888199707052
92 0.9056602571172889 0.7339612179372044 0.16020345837606043 0.16396785278906278
92 0.8402906010750144 0.48519619903097894 0.14963246826106313 0.1939686691253134
92 0.9332279079438567 0.44621521208183734 0.12222992115881559 0.1569460029676153
92 0.816783708939055 0.3281597742199789 0.14530805394058655 0.1737501450610489
92 0.5285459367799313 0.24488399237813652 0.15971693872645348 0.17979370892913282
92 0.7556427987197227 0.0676859060814658 0.14305105272517193 0.1353718121629316
92 0.6840918899788607 0.1754069250195546 0.18414029148927646 0.16866444779137796
92 0.8772106031963117 0.34093818241690677 0.12137122082737029 0.16905355005873357
92 0.13644460854064697 0.1543407611937928 0.15822471822966627 0.12810956292564735
