92 0.4984375 0.45625000000000004 0.07421875 0.11406250000000001
92 0.59375 0.58046875 0.12890625 0.08984375
92 0.6234375 0.65859375 0.13593750000000004 0.0859375
92 0.45703125 0.5609375000000001 0.11093749999999997 0.08359375000000002
92 0.44218749999999996 0.70625 0.12109374999999994 0.08125000000000004
92 0.4859375 0.7859375 0.11874999999999997 0.0859375
92 0.25546875 0.72265625 0.10078125000000002 0.10781249999999998
92 0.35390625 0.64765625 0.14609374999999997 0.06874999999999998
92 0.1609375 0.5 0.06171875000000002 0.11015624999999996
92 0.29140625 0.5703125 0.11406249999999998 0.12578125000000007
92 0.35859375 0.49687499999999996 0.11093750000000002 0.10078124999999999
92 0.290625 0.46015624999999993 0.13749999999999998 0.04218749999999999
92 0.64453125 0.4875 0.08125000000000004 0.12343749999999998
92 0.72109375 0.47890625 0.10468750000000004 0.07968749999999997
92 0.73671875 0.684375 0.08203125 0.10624999999999996
92 0.7914062499999999 0.57734375 0.11171874999999998 0.08984375
92 0.79609375 0.46953124999999996 0.06953125000000004 0.11718749999999994
92 0.575 0.44296875 0.07187500000000002 0.09062500000000001
92 0.43984375 0.4609375 0.07734374999999999 0.07734374999999999
92 0.34453125 0.41171875 0.11171874999999998 0.06640625
