92 0.4396348718872016 0.7627321267918151 0.14126726694586045 0.15649645366386533
92 0.46436323307998784 0.867577308173551 0.1537323097259371 0.1670205216661571
92 0.2934872550977883 0.8531926730807904 0.16985505950146518 0.177171041356193
92 0.5190023239963388 0.7612909200218467 0.1370884094774914 0.1409703590330612
92 0.5912059393220115 0.6897375141837786 0.17627577470719447 0.16418200878407285
92 0.6279362900754384 0.37137300696205605 0.22867016856705924 0.24972227961841909
92 0.7495003085136012 0.3712265405290446 0.17933569083027134 0.17097456871058236
92 0.7331815130089576 0.261952901606944 0.1663737193615038 0.15218967290846008
92 0.6072143945423073 0.23306422609176392 0.1582120501538813 0.15597246387182184
92 0.5417796852227427 0.23863584676164742 0.17306541710432982 0.17067652507013292
92 0.530232995148241 0.3396486578839175 0.139476733647863 0.14515035222908051
92 0.5301067754526803 0.4182447915843162 0.13452542204310525 0.14243862690638232
