92 0.5061352057053121 0.521127423884989 0.16207378941705752 0.1620737894170574
92 0.3972564031512259 0.5953561804926093 0.15477278484468004 0.17651011805182093
92 0.4347975575550122 0.4110624017525739 0.16783679267985996 0.15121412610969337
92 0.45831059895137016 0.2646135746674598 0.20946010335699722 0.14424810373557467
92 0.4138645850082872 0.160404002878762 0.1791226782069718 0.14502490062714302
92 0.5330135622588494 0.16471783073462795 0.11726160832859212 0.14368738595295943
92 0.2912578455196312 0.3720000455722001 0.1711721299493409 0.1417627967867386
92 0.38090021428897447 0.32086414343831715 0.13601659305692332 0.14837703742961134
92 0.33186906654440873 0.5183167912132978 0.13104839327810197 0.11868794890541412
92 0.20664373160347468 0.5815189969441373 0.1438951149449033 0.19248444799615932
92 0.27440350736694963 0.6643406031380894 0.1483038040005349 0.15341847063750913
