92 0.39375000000000004 0.490625 0.07500000000000001 0.14609374999999997
92 0.4703125 0.56640625 0.10078125000000004 0.12343749999999998
92 0.5390625 0.4640625 0.09765625 0.10390624999999998
92 0.575 0.5453125 0.11953124999999998 0.08125000000000004
92 0.6640625 0.56328125 0.08984375 0.14609374999999997
92 0.71875 0.63984375 0.09609374999999998 0.12343749999999998
92 0.84453125 0.5828125 0.059374999999999956 0.14453125
92 0.61328125 0.8046875 0.09296875000000004 0.14296874999999998
92 0.53125 0.809375 0.07343750000000004 0.15625
92 0.515625 0.6984375 0.08281249999999996 0.15234375
92 0.4421875 0.70546875 0.14218750000000002 0.09062499999999996
92 0.31953125 0.759375 0.12656250000000002 0.125
92 0.32421875 0.628125 0.08281250000000001 0.14453125
92 0.21953125 0.575 0.0703125 0.140625
92 0.31718749999999996 0.50859375 0.10078124999999999 0.15625
92 0.19453125 0.36328125 0.14374999999999996 0.07343749999999999
92 0.33125 0.2265625 0.13124999999999998 0.10624999999999998
92 0.4203125 0.24765625000000002 0.09453125000000001 0.16796875000000003
92 0.50390625 0.32500000000000007 0.15937499999999993 0.10625000000000001
92 0.64609375 0.33359375 0.12812500000000004 0.09453125000000001
92 0.7132812499999999 0.38046875 0.14687499999999998 0.12734375000000003
