92 0.52734375 0.46484375 0.13437499999999997 0.12031250000000004
92 0.43671874999999993 0.5296875 0.11249999999999999 0.14765625000000004
92 0.34765625 0.53515625 0.07265625000000003 0.19140625
92 0.38515625 0.72109375 0.12031249999999999 0.12578124999999996
92 0.5492187500000001 0.60625 0.08750000000000002 0.15312500000000007
92 0.66875 0.81953125 0.12734374999999998 0.1640625
92 0.71484375 0.653125 0.13437500000000002 0.12578125000000007
92 0.6015625 0.459375 0.06562500000000004 0.20234375000000004
92 0.4578125 0.37734375 0.13124999999999998 0.109375
92 0.32734375 0.33046875 0.07656249999999998 0.21875
92 0.43984375 0.128125 0.13125000000000003 0.109375
92 0.56015625 0.128125 0.12734375000000003 0.12578125
92 0.53671875 0.240625 0.12734375000000003 0.14765625
92 0.71796875 0.36875 0.109375 0.20234375
