92 0.38984375 0.4265625 0.09921875 0.103125
92 0.49296875 0.43203125 0.065625 0.125
92 0.5328125 0.43203125 0.09921875 0.125
92 0.6046875 0.4890625 0.0625 0.13046875
92 0.509375 0.64140625 0.0765625 0.0921875
92 0.5421875 0.89921875 0.08828125 0.08671875
92 0.3921875 0.8234375 0.09921875 0.08671875
92 0.37578125 0.92109375 0.10234375 0.08671875
92 0.33359375 0.76640625 0.0625 0.1140625
92 0.26015625 0.83125 0.08828125 0.0921875
92 0.15 0.5625 0.0953125 0.08125
92 0.73828125 0.75234375 0.06953125 0.125
92 0.7859375 0.23671875 0.08828125 0.06484375
92 0.3921875 0.1578125 0.10234375 0.1140625
92 0.2984375 0.1578125 0.08046875 0.146875
92 0.190625 0.2828125 0.09921875 0.0921875
