92 0.2953125 0.78203125 0.14687500000000003 0.15937499999999993
92 0.29453125 0.89453125 0.15625 0.15468749999999998
92 0.20078125000000002 0.6781249999999999 0.10156250000000003 0.13124999999999998
92 0.0671875 0.57265625 0.0703125 0.12421875000000004
92 0.10390625 0.49921874999999993 0.09687499999999999 0.12421874999999999
92 0.16328125 0.44765625 0.09062499999999998 0.12187499999999996
92 0.06796875 0.3171875 0.08281250000000001 0.18281249999999996
92 0.159375 0.2796875 0.1296875 0.12187499999999998
92 0.2375 0.33125 0.0546875 0.16640624999999998
92 0.67578125 0.5890625 0.0625 0.17109374999999993
92 0.63828125 0.3796875 0.09687500000000004 0.16171875000000002
92 0.58984375 0.30546875 0.029687499999999978 0.18281249999999996
92 0.53359375 0.34921875 0.08281249999999996 0.07968749999999997
92 0.5492187500000001 0.48984375 0.05625000000000002 0.17812500000000003
92 0.575 0.64375 0.1015625 0.1171875
92 0.6546875 0.71796875 0.0625 0.17109374999999993
92 0.59609375 0.84921875 0.10624999999999996 0.08203125
92 0.51015625 0.7906249999999999 0.07968749999999997 0.09609374999999998
92 0.4390625 0.659375 0.06562499999999999 0.13593749999999993
92 0.43984375 0.53046875 0.06406249999999997 0.17343749999999997
92 0.47968749999999993 0.3796875 0.08906249999999999 0.140625
92 0.50703125 0.5359375 0.07187499999999997 0.16875000000000007
92 0.60078125 0.528125 0.08750000000000002 0.09843749999999996
92 0.7734375 0.50703125 0.09687500000000004 0.13359375000000007
92 0.71171875 0.44999999999999996 0.04062500000000002 0.14062499999999994
92 0.82421875 0.38046875 0.11250000000000004 0.08671875000000001
92 0.8804687500000001 0.490625 0.04843750000000002 0.18515624999999997
92 0.8609375000000001 0.65703125 0.06406250000000002 0.15000000000000002
92 0.79609375 0.72578125 0.07187500000000002 0.17109374999999993
92 0.72734375 0.7765625 0.07343750000000004 0.14765624999999993
92 0.65703125 0.2765625 0.06406250000000002 0.15000000000000002
92 0.6671875 0.18515625000000002 0.11875000000000002 0.0796875
