92 0.20078125 0.4578125 0.18593750000000003 0.11953124999999998
92 0.33203125 0.6171875 0.11562500000000003 0.19765624999999998
92 0.50078125 0.6421875 0.1796875 0.12812500000000004
92 0.48750000000000004 0.42968749999999994 0.12890625000000006 0.18671874999999993
92 0.65703125 0.44140625 0.15156249999999993 0.09687499999999999
92 0.6546875000000001 0.3 0.11093750000000002 0.18984374999999998
92 0.8148437500000001 0.29296875 0.10703125000000002 0.16484374999999998
92 0.42734375 0.253125 0.1328125 0.18671874999999996
92 0.2609375 0.25390625 0.12031250000000002 0.19453125000000002
92 0.3609375 0.346875 0.15781249999999997 0.15859374999999998
