92 0.5702607783744154 0.5384634715960648 0.14594890098774094 0.14603085794628506
92 0.494299382851911 0.5915322210775031 0.15109375525892504 0.14970048696367522
92 0.3984142259130231 0.6741403507322461 0.2121031126605944 0.20989027477990352
92 0.3674902962188253 0.7770912436546404 0.23946652318739703 0.22659928069597246
92 0.4775891312253655 0.8534170861034149 0.18077886437431867 0.18061495045723042
92 0.6159989885954299 0.6980805014014815 0.18756285781638482 0.18264544030373864
92 0.27738821167076094 0.6330086694542243 0.216383059479887 0.20671213837168267
92 0.17517518051735875 0.5251401098770881 0.17628069785503542 0.17078958163258035
92 0.21916613828587705 0.39546352626333997 0.17982278290533582 0.1782656006929978
92 0.33504754739905035 0.3791553372235395 0.15619302252156353 0.1556193238117548
