92 0.42421875 0.65390625 0.09843750000000001 0.11640625000000004
92 0.60234375 0.55546875 0.10234374999999996 0.09843749999999996
92 0.6921875 0.421875 0.12031250000000004 0.09375
92 0.79453125 0.50234375 0.12968749999999996 0.07109374999999996
92 0.88828125 0.37734375 0.08906250000000004 0.125
92 0.875 0.1609375 0.09375 0.11640625000000002
92 0.72578125 0.1203125 0.11171874999999998 0.08906250000000002
92 0.46015624999999993 0.11406249999999998 0.08515624999999999 0.13359375
92 0.35078125000000004 0.18046875 0.09843750000000001 0.08515625000000002
92 0.35703125 0.27890625 0.1515625 0.06718749999999998
92 0.19453125 0.2859375 0.08906250000000002 0.12031250000000002
