92 0.52109375 0.47421875 0.11171875000000003 0.23203124999999997
92 0.525 0.7320312500000001 0.13515625000000003 0.25234375
92 0.6039062499999999 0.86328125 0.12734374999999998 0.18046875000000007
92 0.21796875 0.7734375 0.16249999999999998 0.23749999999999993
92 0.3203125 0.6859375 0.21640624999999997 0.14921874999999996
92 0.2453125 0.47656250000000006 0.13124999999999998 0.19609375000000007
92 0.3109375 0.38125 0.17734374999999997 0.18046875
92 0.425 0.1828125 0.19296875000000002 0.103125
92 0.26640625 0.21171875 0.17734375000000002 0.19062499999999996
92 0.146875 0.29609375 0.12343750000000002 0.14453125
92 0.08515625 0.50234375 0.1546875 0.19062500000000004
92 0.09296875 0.6929687500000001 0.13125 0.28359375
92 0.6468750000000001 0.384375 0.16953125000000002 0.175
92 0.6929687500000001 0.54375 0.17734375000000002 0.16484375000000007
92 0.7835937500000001 0.6625 0.18125000000000002 0.14921874999999996
92 0.8882812499999999 0.52578125 0.15078124999999998 0.13437499999999997
92 0.8335937499999999 0.41718749999999993 0.13515624999999998 0.10859374999999999
92 0.91484375 0.25 0.13515624999999998 0.17031250000000003
92 0.753125 0.28828125 0.17734375000000002 0.14453125
92 0.65625 0.1984375 0.09296875000000004 0.16015625
92 0.459375 0.28359375 0.16953124999999997 0.14921874999999998
92 0.8148437499999999 0.89453125 0.14296874999999998 0.17031249999999998
