92 0.5752116536809866 0.5348503234016034 0.2503118542820779 0.25902689401330403
92 0.6617770528691043 0.7083010859106345 0.18177453001433908 0.1842437912715198
92 0.5179685344460323 0.6390361910939892 0.21544910464271327 0.22002450050160693
92 0.40660716107010286 0.5226361829211399 0.205309045241081 0.21032019308653604
92 0.5137261875766812 0.29163414842461644 0.2034214452516342 0.20008068002133084
92 0.6603010110096815 0.32731017880072816 0.17657887693645624 0.18282465541050164
92 0.7899482484884968 0.5191004620776039 0.14813266752783227 0.15394269401531635
92 0.7099878027159789 0.8000569129862326 0.22030845939760768 0.2140626809235624
92 0.5774204912797183 0.9094384974053873 0.18304187278479672 0.18112300518922553
92 0.3319954787039997 0.5963357895059088 0.17392511044684766 0.17886363296120922
92 0.4720536496237009 0.7561480504830558 0.14061366247394136 0.1427197970756544
92 0.24167450682210861 0.32021709021009753 0.1830091606429295 0.1830091606429295
92 0.3213745289361774 0.4550155010061523 0.17515974107543808 0.17762900233261875
92 0.4358810533101918 0.1791029100848458 0.1238261019915407 0.12092108874779872
92 0.6018566319069896 0.3993066906284781 0.1959410361489985 0.20756108912396654
92 0.8453534726850498 0.7873828266626707 0.1846069179269877 0.1814114033588714
92 0.7686926054771197 0.312305539453799 0.19161688704423818 0.20527044928982568
92 0.8401074560371358 0.4720248891957467 0.1559820870953238 0.1593228523256271
