92 0.5061196002473551 0.7249873080288365 0.14272949059974194 0.15069519230689588
92 0.670199038160423 0.6706138025947178 0.1637737789760918 0.16053771265756045
92 0.7869684814944422 0.8271472318878749 0.181287917301864 0.17170418243544439
92 0.6133516095346745 0.854424009395824 0.1682423383484246 0.17371875827209293
92 0.6062820247606342 0.558006687063044 0.1612277664339784 0.16639302613471108
92 0.6642771366187483 0.5009682062835972 0.16463345239538174 0.16519354079666604
92 0.7953252245930196 0.5515191958341256 0.16364931488691736 0.16066217674673466
92 0.7550981078919746 0.6859162390111726 0.12504630526410865 0.12535746548704452
92 0.335218933105584 0.5864256465173994 0.12502372748725998 0.12427694295221425
92 0.20784860968092453 0.3922226882702408 0.15949684439046846 0.16260844661982554
92 0.07373196217084088 0.3346174725375278 0.14746392434168176 0.1605663643533799
92 0.08068966016840662 0.43231262041115903 0.16137932033681324 0.18245324965813037
92 0.06556841859975387 0.5661837281687006 0.13113683719950775 0.1362585032287017
92 0.25809222239544305 0.6196992780825629 0.13888875295923975 0.14019562589556966
92 0.316692005575528 0.6794423884750762 0.14483987882974525 0.14527550314185522
92 0.35294234534196656 0.5370747149379274 0.14642926029319142 0.15140782386016272
92 0.3527197783273926 0.9039037610844074 0.17855463599297805 0.18988086810783766
92 0.3970707138290671 0.7846786163156704 0.19207492089325456 0.19842258944114288
92 0.4268434196724837 0.7277078688667702 0.16984879630276029 0.1776278018761529
92 0.2772116734095286 0.8006022279119742 0.15949684439046852 0.16260844661982554
92 0.5290059816524255 0.9644767390455916 0.16855349857136043 0.07104652190881677
92 0.5628744272336634 0.9351254530772288 0.12005673912521864 0.12372842975585996
