92 0.5522629784393139 0.4255642840350528 0.15466369042592393 0.1583542472724001
92 0.658866891890399 0.4850552084692771 0.13226150410517445 0.1388737517884444
92 0.6256486509180103 0.5802014036990406 0.12431581527813962 0.13469550640885408
92 0.6046578015151511 0.7858469656058601 0.15386906099283115 0.1569445250315613
92 0.3438243409781213 0.5001807476331352 0.12969828101518027 0.13592609569360892
92 0.2870236402392604 0.4729600652055333 0.1359264993628717 0.13631093236771308
92 0.9403053226298905 0.6823933844481593 0.11938935474021894 0.13854064379579245
92 0.8328822606832269 0.46729077062224467 0.11980405823663431 0.12157245005890421
92 0.8362380948599999 0.23660291270371334 0.13067244707362002 0.13936063298303286
92 0.5885814377006863 0.18277785166404373 0.1213419920906309 0.12334104371580551
92 0.5808416544263029 0.30960495951609396 0.1142422577088783 0.12162337140183077
92 0.6984679317509414 0.4413010811486604 0.11249902380612453 0.11565137444582302
92 0.4389950886235069 0.40603367454669614 0.09729881822224346 0.09337760157286246
92 0.3615857513056825 0.31701446048266513 0.11542091647754965 0.11603600928529567
92 0.5232489481045574 0.5874561222905184 0.1531261602411902 0.16319830496803167
