92 0.61796875 0.5453125 0.20078125 0.053125
92 0.56015625 0.6265625 0.11015625 0.1203125
92 0.44765625 0.59609375 0.215625 0.06015625
92 0.43359375 0.51640625 0.16796875 0.08828125
92 0.378125 0.446875 0.178125 0.06640625
92 0.809375 0.659375 0.14765625 0.10703125
92 0.6390625 0.71796875 0.14296875 0.09296875
92 0.41875 0.7234375 0.203125 0.0484375
92 0.2671875 0.646875 0.18828125 0.075
92 0.22421875 0.6203125 0.190625 0.0796875
92 0.5765625 0.50546875 0.12265625 0.06171875
92 0.57890625 0.44453125 0.1 0.05703125
92 0.6953125 0.5140625 0.140625 0.08203125
92 0.83359375 0.51484375 0.0953125 0.08359375
92 0.55859375 0.38046875 0.17265625 0.06171875
