92 0.4203125 0.63984375 0.26640624999999996 0.18203124999999998
92 0.65546875 0.69140625 0.25312499999999993 0.24921874999999993
92 0.178125 0.721875 0.16875 0.26250000000000007
92 0.30234375 0.46875 0.30234375 0.15078125000000003
92 0.8796875 0.67109375 0.23593750000000002 0.16875000000000007
92 0.73359375 0.93984375 0.4 0.12031250000000004
92 0.453125 0.9265625 0.14687500000000003 0.14687499999999998
92 0.1953125 0.9265625 0.36406249999999996 0.14687499999999998
92 0.59140625 0.50859375 0.35078125000000004 0.14218749999999997
92 0.13359375 0.47343749999999996 0.24453124999999998 0.25781249999999994
