92 0.1028689410337543 0.5931270185257316 0.2057378820675086 0.281928952844396
92 0.23066611412442278 0.7485286882750644 0.30377629316832 0.19917785505623276
92 0.29220107310896615 0.6221082564589093 0.2556455059777643 0.17838529600860886
92 0.2787456615953174 0.4983217374367503 0.30045003298121165 0.2136808740927757
92 0.4188803664090899 0.4796772725944207 0.2351288883206631 0.23988336278030348
92 0.46298482578607014 0.37420858378435584 0.2604264200171577 0.1540450539827053
92 0.778761876615754 0.4079718287168235 0.2374884991639813 0.2505633039279921
92 0.8946367736858757 0.3251056129364489 0.21072645262824863 0.19586867477567804
92 0.6335449697522093 0.3590859088205016 0.2380381960252329 0.22020891680158167
92 0.588304770919825 0.5059083867814947 0.2606395760950265 0.1845679847407813
