92 0.3909577149432645 0.6676487934947062 0.42105045696719884 0.4493237822873097
92 0.6589580235156836 0.5425797514852997 0.27461362397061173 0.2769543349992919
92 0.6068757322700258 0.7988937362124846 0.32674651265602705 0.33734130994373723
92 0.6576649599972635 0.8894163795086697 0.3341100001769056 0.2211672409826606
92 0.784928420825524 0.6384572470609087 0.3395137283248073 0.3543587640593317
92 0.49090041233312953 0.3964900166896065 0.33118142225048475 0.34504089544661737
92 0.2622827644189024 0.6521490367509548 0.31171130566441274 0.33031379857655535
92 0.3176128657597301 0.394547123129882 0.35494076536271224 0.37643834823138034
92 0.13554118515004254 0.45001215097672914 0.2710823703000851 0.3571025490098042
92 0.676843223133512 0.39717296921589207 0.3350788187303496 0.3466591785564516
92 0.8622036671455999 0.3973351526125326 0.27473669745960605 0.28896575660763574
92 0.5895440587819095 0.19124501646584807 0.3314054469623841 0.3415074629808986
92 0.44674112216072764 0.17624394855880895 0.34633970273109316 0.3524878971176179
92 0.2841097268770786 0.16028495942990967 0.34315911223232354 0.32056991885981934
