92 0.43224357154960213 0.5428636099727508 0.1928709729034102 0.17477990104212282
92 0.5983423279758469 0.6773827804103417 0.17078404639994937 0.19272428248704254
92 0.656760423344404 0.5554810527292495 0.17351484212133605 0.16928076147294968
92 0.5550673915303308 0.48483716742795885 0.13645695757558574 0.1680201042271937
92 0.49196310660226883 0.41812077691722704 0.14498027369888117 0.1719244232795219
92 0.3150635146055374 0.28466922183256355 0.24659057327317058 0.18423411281511604
92 0.46541501152042375 0.12152628210882649 0.18145139657916065 0.1572016619565838
92 0.39191654804233234 0.7134402420917024 0.15161979014762705 0.14353654527343473
92 0.27597603955467004 0.7170456112731878 0.13287799844428483 0.16020706444750632
92 0.20718954387774446 0.6477263413942371 0.14787653389983535 0.1855983433127325
92 0.15103252861933278 0.5489603815063333 0.13740105825037602 0.17743236619875669
92 0.5174699963813708 0.8276679844224903 0.19489149228118902 0.1510110201070025
