92 0.4625 0.43515625 0.09609375 0.22578125
92 0.55078125 0.43828125 0.1234375 0.21796875
92 0.7203125 0.52265625 0.1078125 0.23125
92 0.82265625 0.4921875 0.1234375 0.23515625
92 0.5453125 0.846875 0.1421875 0.21640625
92 0.41875 0.7078125 0.13125 0.2421875
92 0.3125 0.4578125 0.07734375 0.22734375
92 0.34765625 0.72578125 0.09140625 0.184375
92 0.3203125 0.86171875 0.1625 0.16015625
92 0.55 0.2515625 0.15 0.12421875
92 0.4421875 0.33359375 0.0984375 0.1578125
92 0.6921875 0.36015625 0.17734375 0.11484375
92 0.31640625 0.30625 0.12890625 0.1
