92 0.537487877431128 0.4959038815527718 0.11798670606162448 0.11840085121906896
92 0.5985868098463105 0.5112076593208577 0.1568092788894253 0.1569013111466352
92 0.5411926311180846 0.5676578244112934 0.12138073704693297 0.1183206644947048
92 0.5374527961668502 0.626858250020828 0.1173882687226307 0.11679005905076656
92 0.5689567555422992 0.7599184255403839 0.14404868906171597 0.14425576164043807
92 0.22954228733917845 0.4343548120473482 0.15983540851302397 0.15939825529127705
92 0.3413619214992231 0.33809272736410556 0.11863093186209361 0.11775662541859983
92 0.7535893865201679 0.5516303171197634 0.14707481868531458 0.14675270578508004
92 0.6903267853920348 0.6446708174664013 0.12036860988475406 0.12154202116417989
92 0.4426413578703113 0.3194067641435572 0.14409447752319127 0.14200074367166682
92 0.47216639604861854 0.4105145870887878 0.13128809923400664 0.13161021213424118
92 0.44463121393178023 0.4945227146932347 0.1367995551365312 0.13604028901454973
92 0.3993647894293808 0.5496151763226953 0.12371685240858726 0.12371685240858721
