92 0.5446713617858414 0.6699223648058092 0.17080082299975013 0.14918661652526766
92 0.7178102666172721 0.6456840721867882 0.14378951707982612 0.14519913924120542
92 0.4753353711672525 0.7655207623240936 0.19577618756535664 0.1422105454329433
92 0.28096826712691725 0.7907708427652728 0.16078884980459274 0.16219847196597192
92 0.18782676081309876 0.8019381445753754 0.13317541747537393 0.13881390612089128
92 0.2049959816597267 0.6952552347624876 0.15942761321050025 0.14956025808084517
92 0.37379796043516117 0.6451744078212043 0.12334462083936282 0.11864588030143175
92 0.6153836478903126 0.3064054491271788 0.12456123936795316 0.1344285944976082
92 0.7280550337570094 0.2549746740290878 0.15316280537204485 0.14282557618859665
92 0.5486040127925522 0.1926255043037502 0.1634027247845617 0.19958302692663032
92 0.5154348813333157 0.3424513443683144 0.15833141996376893 0.13765696159687257
92 0.6457813819577195 0.19495175906178797 0.13951226502840153 0.1634758417718496
