92 0.31171875 0.41015625 0.11875000000000002 0.19687499999999997
92 0.4546875 0.4515625 0.07734374999999999 0.18281250000000004
92 0.56796875 0.3828125 0.15703124999999996 0.19140625
92 0.5703125 0.55859375 0.10312500000000002 0.20000000000000007
92 0.35625 0.64453125 0.14609375000000002 0.22890624999999998
92 0.25078125 0.77578125 0.12265625000000002 0.18281250000000004
92 0.1546875 0.8617187500000001 0.12578125 0.20859375000000002
92 0.57890625 0.8859375 0.13750000000000007 0.12031250000000004
92 0.690625 0.76015625 0.07968750000000002 0.24296874999999996
92 0.7484375 0.87109375 0.12421875000000004 0.16249999999999998
92 0.7890625 0.6859375 0.13984374999999993 0.17109375000000004
92 0.859375 0.7796875 0.13437500000000002 0.13749999999999996
92 0.94453125 0.63984375 0.11015624999999996 0.1484375
92 0.83984375 0.40703125 0.0625 0.23984375000000002
92 0.840625 0.20703125 0.08984375 0.19453125000000002
92 0.74375 0.15390625 0.12578124999999996 0.13984375
92 0.5015625 0.24609375000000003 0.14687500000000003 0.14296875000000003
92 0.55234375 0.13125 0.10703124999999997 0.12031249999999999
92 0.38828125 0.146875 0.13125000000000003 0.1484375
92 0.1328125 0.284375 0.14687499999999998 0.12890625
92 0.0921875 0.384375 0.12734375000000003 0.16250000000000003
92 0.1390625 0.134375 0.11015625000000001 0.19687499999999997
92 0.16484375 0.6296875 0.10859375000000002 0.10859375000000004
92 0.51953125 0.71171875 0.07890624999999996 0.19453124999999993
92 0.45859375 0.7515625 0.08281249999999996 0.21171874999999996
92 0.66328125 0.515625 0.10546875 0.18828125000000007
92 0.40703124999999996 0.9328125 0.12578125 0.1343749999999999
92 0.7671875000000001 0.45859375 0.13437500000000002 0.17421875000000003
92 0.91015625 0.47421875 0.09687500000000004 0.22031249999999997
92 0.24765624999999997 0.32421875 0.08437499999999998 0.21171874999999998
92 0.060937500000000006 0.66875 0.12109375 0.13437500000000002
92 0.6984375 0.26015625 0.061718750000000044 0.1796875
92 0.60390625 0.66015625 0.13593750000000004 0.1171875
