92 0.60390625 0.49296874999999996 0.26093750000000004 0.18359374999999994
92 0.76953125 0.6109374999999999 0.275 0.22109374999999998
92 0.69609375 0.846875 0.303125 0.17499999999999993
92 0.35625 0.85234375 0.13124999999999998 0.23671874999999998
92 0.39453125 0.6328125 0.18124999999999997 0.29062499999999997
92 0.2453125 0.584375 0.22890624999999998 0.23281250000000003
92 0.16953125 0.41640625 0.15546875 0.28125
92 0.3765625 0.32734375 0.14921875 0.28671875
92 0.24140625 0.203125 0.25859375000000007 0.26484375000000004
92 0.47109375 0.2109375 0.22500000000000003 0.20546874999999998
92 0.5640625 0.128125 0.3070312499999999 0.17890625
92 0.72890625 0.3375 0.28515625 0.19921875
92 0.85625 0.4453125 0.1953125 0.1171875
