92 0.5920844668463192 0.407182019370549 0.26121506494145486 0.313577252780431
92 0.6185574123064632 0.5401708308509766 0.24506700452934366 0.31263111786995806
92 0.7864138916677542 0.6958901897717047 0.27179390872377573 0.3126138938670636
92 0.23536883658514643 0.542879289668948 0.2574270804989845 0.25433039197087304
92 0.3945585305267095 0.5009332359699834 0.23138890768015846 0.2333595276525931
92 0.3907705460842392 0.6144741315227581 0.23476366854661035 0.23532670282444884
92 0.14701555309510828 0.6975552552478929 0.23333541404854063 0.26880657355236326
92 0.6401714215777228 0.9135293160562155 0.2515729019296963 0.1729413678875692
92 0.41410033633181914 0.9253907086317343 0.20097904733755023 0.14921858273653132
92 0.4955715113900284 0.7216821737192265 0.1852209771592313 0.19085131993761584
92 0.8449229136317754 0.4171117088605586 0.1839356437618238 0.17717923242776235
92 0.700299770101855 0.28669099963619304 0.2134131483962748 0.18723205447678676
92 0.802566200895545 0.20432961049187431 0.21587878689679585 0.20292899850651136
92 0.588392860573333 0.11565779731837497 0.18673703594870056 0.19574558439411577
92 0.4101994774853455 0.1700379520760644 0.1855567308455871 0.1937207278742447
92 0.45342397498056003 0.2820455648364755 0.1512899900489303 0.1937990780257336
92 0.5460043406167915 0.3342028251643692 0.20982745067940883 0.2506474358226968
92 0.3776872907332034 0.32199688495895334 0.19786169000596526 0.2209460953973419
92 0.28053207058575913 0.38473042453041517 0.1739775156053569 0.175385101299953
92 0.21779164141313964 0.2658682617428063 0.20410585880904591 0.22324902425555337
92 0.2846583732533381 0.09948568441793051 0.2135147318899901 0.19897136883586103
92 0.3993589051057527 0.06588378145828383 0.18808694029528128 0.13176756291656766
92 0.49258666451064337 0.0378917725390048 0.15030339779333657 0.0757835450780096
92 0.13314542767533005 0.40642791303066905 0.21659075161462815 0.23320026281086254
