92 0.6078125 0.61015625 0.12734375 0.18359375
92 0.61171875 0.8671875 0.109375 0.23203125
92 0.70703125 0.88203125 0.1078125 0.2140625
92 0.85390625 0.88203125 0.13046875 0.13359375
92 0.753125 0.621875 0.10234375 0.2234375
92 0.87578125 0.61328125 0.134375 0.209375
92 0.915625 0.4046875 0.1234375 0.19140625
92 0.93515625 0.14375 0.09921875 0.18984375
92 0.7828125 0.13828125 0.10234375 0.2296875
92 0.77109375 0.37265625 0.10625 0.19609375
92 0.63125 0.3609375 0.11015625 0.16953125
92 0.6234375 0.11171875 0.08828125 0.22109375
92 0.496875 0.16171875 0.13125 0.18515625
92 0.475 0.4140625 0.10625 0.19609375
92 0.46875 0.60703125 0.1234375 0.19765625
92 0.49765625 0.87421875 0.096875 0.2140625
92 0.34140625 0.86640625 0.14375 0.16953125
92 0.38046875 0.61328125 0.11171875 0.20546875
92 0.31328125 0.3953125 0.1078125 0.18984375
92 0.36484375 0.1296875 0.09921875 0.2140625
92 0.246875 0.14296875 0.071875 0.2078125
92 0.140625 0.1203125 0.15546875 0.178125
92 0.09765625 0.3765625 0.13671875 0.23203125
92 0.2015625 0.44375 0.11328125 0.2359375
92 0.2171875 0.634375 0.11328125 0.2171875
92 0.18515625 0.871875 0.08671875 0.24140625
92 0.06171875 0.89296875 0.1234375 0.203125
92 0.059375 0.6515625 0.10234375 0.22734375
