92 0.6407607538851615 0.5190313272180634 0.23963676073846085 0.24388450993408495
92 0.596403296568474 0.4005558263720626 0.22320687678869816 0.22388470910714886
92 0.548927590125224 0.16916315992220118 0.18766818332292845 0.19539547175326616
92 0.39606284516893575 0.5808904150803627 0.24377484439027236 0.24526607549086388
92 0.5502323347691274 0.7585971084462612 0.21467247190221095 0.22027588573473644
92 0.565648886981321 0.944635362719245 0.20301331510148068 0.11072927456150994
92 0.37508200608114434 0.8233030920460531 0.2046208247644098 0.2049371465130202
92 0.2854892159430461 0.675331414665437 0.24397499780738974 0.24727378175718295
92 0.20827199072683353 0.4681542252231115 0.18712580723732336 0.18821033894684447
92 0.3143331303865546 0.4299232699232024 0.2009733153584482 0.19975321718523698
92 0.31861956561572824 0.2846887125054218 0.20418833468430664 0.20757749627655997
92 0.4549905010538948 0.3704400119155877 0.19467906363211074 0.19942388986126547
92 0.5480049667226493 0.6374230634401294 0.2023806716042602 0.2016576504645794
92 0.49589387913236793 0.26264218868608324 0.16216151840107362 0.16460171474749602
92 0.4051584731190021 0.15609047478051227 0.1935621282150315 0.19170938654459962
92 0.27745772949270214 0.19620007267073092 0.20706113134167703 0.21022434882778018
92 0.20508915464684402 0.3298014844385036 0.198875231449669 0.19964344141057966
92 0.07074523125672752 0.29256501389818934 0.14149046251345504 0.1749890817661044
92 0.07721883303275423 0.4575928261689528 0.15443766606550846 0.1941366875465056
92 0.10482563060330849 0.6856285142724299 0.2087267251703528 0.21297447436597705
92 0.16027374725355412 0.5601807089199518 0.1779587588536155 0.18523415907165275
92 0.06469637688415969 0.5548032391935763 0.12939275376831938 0.19975321718523698
92 0.25856263012339664 0.9009140110779751 0.1525101780975071 0.15327838805841787
92 0.4712078873962468 0.8792095996962799 0.24006925081856412 0.24124416017054529
