92 0.4077330537512103 0.5562390969037372 0.10717494741527317 0.1261704927801669
92 0.3206668038453844 0.5228361450905177 0.09087822195016759 0.08386448212312991
92 0.3765578570963756 0.4404857615194172 0.09971641736336412 0.11871196272825779
92 0.2613127244982697 0.4881336074827445 0.10386592325383909 0.12841401264847097
92 0.3373267890993492 0.38307915884711835 0.10045870165100163 0.09665959257802292
92 0.350345471249053 0.2718166672334349 0.08425111468996488 0.09155709367646248
92 0.47333231412119325 0.21689001909561406 0.11332102870126581 0.11682789861478471
92 0.5403389652382735 0.31708746243318814 0.10601504971476816 0.12413387760128225
92 0.7075202354887582 0.7386624518544767 0.11937271657988335 0.10651419356364766
92 0.6777600376490776 0.9299101548358953 0.11683170264881282 0.14017969032820932
92 0.8230085085256225 0.7253176479607244 0.10399655241055283 0.11656283626732877
92 0.7388889252878434 0.4499455732963443 0.09767074324714464 0.12075763684447716
92 0.8000855780957864 0.418267428758602 0.08816273504498806 0.08231795185579
92 0.696175811024552 0.599139547112501 0.10245002214321297 0.11384734936214924
92 0.8218237871778638 0.5079676351335953 0.11271843250767666 0.12382352056715296
92 0.9042580543497264 0.4200556485954221 0.12342782906298333 0.11524513259810604
92 0.8114542776334406 0.30516616771811866 0.0901902912865381 0.08668342137301926
92 0.7923733977985064 0.2439513970355064 0.10192895638563593 0.09199282496399919
92 0.7421383409219631 0.35110061850805363 0.09168246792987 0.10863233917854426
92 0.6467745301044652 0.47750138875561576 0.0876182965094352 0.1031069719608102
92 0.6220066730490508 0.4373225826508101 0.08005631411281644 0.09788290283987056
