92 0.4390625 0.44921875 0.21562499999999996 0.21249999999999997
92 0.7046875 0.440625 0.23906249999999996 0.21406249999999993
92 0.82890625 0.15859375 0.15859374999999998 0.1671875
92 0.64921875 0.14453125 0.20390625000000007 0.17109375
92 0.3328125 0.23515625 0.27031250000000007 0.13046875000000002
92 0.165625 0.18125 0.22031249999999997 0.15078125000000003
92 0.325 0.11796875 0.15000000000000002 0.1109375
92 0.15546875 0.46484375 0.22187499999999996 0.15234375
92 0.2859375 0.48828125 0.20546874999999998 0.14687500000000003
92 0.3171875 0.740625 0.2421875 0.21875
92 0.140625 0.7390625 0.1671875 0.16875000000000007
92 0.63515625 0.74296875 0.24921875000000004 0.13750000000000007
92 0.83828125 0.765625 0.24531250000000004 0.1875
