92 0.48359375 0.5375 0.15000000000000002 0.10781250000000003
92 0.08906249999999999 0.74921875 0.17578125 0.12578125000000007
92 0.48984375 0.7445312500000001 0.2601562499999999 0.10312500000000002
92 0.65078125 0.75078125 0.12968749999999996 0.109375
92 0.73828125 0.72265625 0.15000000000000002 0.12421875000000004
92 0.6359375 0.52109375 0.19843749999999993 0.059374999999999956
92 0.28984375 0.55625 0.18046875000000004 0.11250000000000004
92 0.26015625 0.47265625 0.14218749999999997 0.06015624999999997
92 0.37578125000000007 0.47890625 0.11015625000000001 0.11406249999999996
92 0.446875 0.43984375 0.12968749999999996 0.07578124999999997
92 0.5203125 0.41875 0.125 0.09765625
92 0.84609375 0.44921875 0.20781249999999996 0.06562499999999999
92 0.8640625 0.51875 0.21875 0.06718749999999996
92 0.44609374999999996 0.6828125 0.11328124999999994 0.12734374999999998
