92 0.14618079695127467 0.38256033850088217 0.2527923051580635 0.25321895414848383
92 0.1907699821561706 0.5999143391404229 0.1515291146350975 0.15229860656424865
92 0.22457759817978323 0.7759096648428758 0.1412427630319807 0.1415932247026832
92 0.4333976115403088 0.9092190335026429 0.23486358179898847 0.18156193299471435
92 0.5789456297834241 0.5723777231178458 0.14583730617568613 0.1458373061756862
92 0.7004233871393599 0.5638058660613289 0.1405113087920994 0.14121985086547612
92 0.7900820734869104 0.5874949664675613 0.16073343838645182 0.16077153204631078
92 0.8651646703370999 0.5803479242309482 0.14672880975756442 0.14715545874798475
92 0.7964595118531939 0.7111976174416179 0.1596972348676987 0.16070290748797555
92 0.787704637317586 0.8035155211002705 0.17231508636595183 0.17239127368566987
92 0.681839284918943 0.7528686044189601 0.12318452122938528 0.12319213996135714
92 0.6954021950052341 0.476554922899222 0.14374198697167517 0.1446181411484314
92 0.7554439597077831 0.37117722531736297 0.12455606089607585 0.1251350845259322
92 0.9440189872780409 0.4792600205139228 0.0930722700650386 0.09364367496292308
92 0.926714999940653 0.613622340957714 0.1345909383735342 0.13498711243606742
