92 0.43046875 0.7367187499999999 0.30937500000000007 0.17031249999999998
92 0.321875 0.6328125 0.28125 0.17578125
92 0.309375 0.38515625 0.19296875000000002 0.14218749999999997
92 0.55078125 0.365625 0.26484374999999993 0.14999999999999997
92 0.67421875 0.47187500000000004 0.25703125000000004 0.21093750000000006
92 0.825 0.53515625 0.18984374999999998 0.16796875
92 0.78203125 0.315625 0.27578125 0.09999999999999998
92 0.83125 0.19531249999999997 0.32734374999999993 0.12265624999999997
92 0.55 0.2375 0.33515624999999993 0.11875000000000002
92 0.6171875 0.13515625 0.29609374999999993 0.11328125
92 0.9203125 0.45859375 0.15703124999999996 0.24687499999999996
