92 0.4625 0.43046875 0.0921875 0.13203125
92 0.55078125 0.46328125 0.09765625 0.109375
92 0.6703125 0.61796875 0.12421875 0.12265625
92 0.66484375 0.49453125 0.128125 0.0796875
92 0.69375 0.4 0.090625 0.09140625
92 0.7359375 0.26640625 0.11875 0.11796875
92 0.796875 0.35625 0.115625 0.153125
92 0.8171875 0.44609375 0.1765625 0.09140625
92 0.82578125 0.54921875 0.16640625 0.08203125
92 0.47109375 0.5640625 0.1453125 0.13203125
92 0.4 0.46640625 0.0875 0.16171875
92 0.25859375 0.38671875 0.240625 0.08359375
92 0.346875 0.278125 0.19375 0.08671875
92 0.3171875 0.1859375 0.1765625 0.103125
92 0.4625 0.153125 0.190625 0.08671875
92 0.60625 0.2015625 0.146875 0.14921875
92 0.53515625 0.3015625 0.1296875 0.09609375
92 0.634375 0.34609375 0.090625 0.153125
92 0.37578125 0.76953125 0.10859375 0.1734375
92 0.48828125 0.72734375 0.16640625 0.12421875
92 0.49296875 0.81328125 0.1609375 0.071875
92 0.64140625 0.7921875 0.1640625 0.0953125
92 0.290625 0.75078125 0.1140625 0.14921875
92 0.20390625 0.6953125 0.12421875 0.17109375
