92 0.3960894983487665 0.6085615745053884 0.19259717696203899 0.23471736529886006
92 0.5793769300280569 0.4900582138358618 0.27397187281670654 0.1573892086701481
92 0.7506057779369429 0.5760391290241064 0.2819701637345604 0.18419115509551132
92 0.672223022292317 0.7626252902758988 0.27274434340383835 0.1877518205098957
92 0.37794609257206496 0.7749617106332907 0.169688375081401 0.18397915326710823
92 0.35811389977954977 0.36134786815272235 0.15020927069420625 0.2269281851648447
92 0.5293369655993067 0.19090734685102093 0.2602331751641822 0.16546275140633465
92 0.6972352401156534 0.3567510658788936 0.28328343558476465 0.15617072435400092
92 0.17674898210853723 0.44694637019714667 0.15717865236402728 0.2256239584113615
92 0.2337000930229628 0.2728713771850104 0.22670098418756413 0.20789732868005473
92 0.24094297471292442 0.5774978240180746 0.21710361329505246 0.20130854266874454
