92 0.45078125 0.4796875 0.2265625 0.3109375
92 0.678125 0.36640625 0.28437500000000004 0.19140625
92 0.59765625 0.678125 0.39140625000000007 0.19999999999999996
92 0.5421875 0.8796875 0.34687499999999993 0.20468750000000002
92 0.19765624999999998 0.8375 0.38671875 0.24921875000000004
92 0.31328125 0.6468750000000001 0.30703125 0.17343750000000002
92 0.05546875 0.42656249999999996 0.1109375 0.19531249999999994
92 0.28203125 0.21796875 0.30234375 0.13750000000000004
92 0.58203125 0.2625 0.34218750000000003 0.09765625
92 0.7757812499999999 0.2203125 0.17812499999999998 0.10234375000000001
92 0.20234375 0.421875 0.14218750000000002 0.15546875
92 0.63984375 0.515625 0.23984375000000002 0.12890625
92 0.8734375 0.584375 0.24921875000000004 0.17812500000000003
92 0.9 0.76875 0.19999999999999996 0.20468750000000002
