92 0.29375 0.6171875 0.11250000000000002 0.09843749999999996
92 0.49140625 0.57578125 0.12734374999999998 0.10234374999999996
92 0.5171875 0.85078125 0.13593750000000004 0.06953125000000004
92 0.315625 0.75 0.15234375 0.07265624999999998
92 0.640625 0.3453125 0.08984375 0.12656249999999997
92 0.7015625 0.31796875 0.07890624999999996 0.125
92 0.67890625 0.2 0.11328125 0.08984375
92 0.7859375 0.20625 0.07109374999999996 0.13671875
92 0.83828125 0.31171875 0.08125000000000004 0.05312499999999998
92 0.790625 0.33671875 0.08125000000000004 0.05625000000000002
92 0.58203125 0.38359375 0.08437499999999998 0.08359375000000002
