92 0.3796875 0.6203125 0.33906249999999993 0.14531250000000007
92 0.40156250000000004 0.75078125 0.41015625000000006 0.13124999999999998
92 0.7375 0.665625 0.31171874999999993 0.109375
92 0.86328125 0.75078125 0.2734375 0.17812499999999998
92 0.521875 0.5109375 0.24062500000000003 0.14218749999999997
92 0.8609374999999999 0.52578125 0.18593749999999998 0.14218749999999997
92 0.7265625 0.390625 0.16953125000000002 0.17421875000000003
92 0.39609375 0.37968750000000007 0.2679687499999999 0.09062500000000001
92 0.31171875 0.27421875 0.19140625 0.09843749999999998
92 0.51640625 0.3203125 0.20234374999999993 0.14531249999999998
92 0.865625 0.259375 0.26875000000000004 0.11250000000000002
