92 0.5046875 0.40390625 0.12890625 0.22734374999999996
92 0.478125 0.1671875 0.07578124999999997 0.19609375000000004
92 0.33359375 0.26796875 0.23124999999999998 0.125
92 0.6976562499999999 0.4171875 0.15078124999999998 0.20078125000000002
92 0.87578125 0.50703125 0.2265625 0.12968750000000007
92 0.81328125 0.38593749999999993 0.1640625 0.16484375
92 0.521875 0.79921875 0.17343749999999997 0.1875
92 0.5046875 0.58515625 0.08437500000000003 0.22343750000000007
92 0.26640625 0.63203125 0.23593750000000002 0.125
92 0.22031249999999997 0.47109375 0.15078124999999998 0.18281250000000004
92 0.384375 0.52421875 0.14218749999999997 0.21406249999999993
92 0.384375 0.7054687499999999 0.10234375000000001 0.20546874999999998
92 0.27578125 0.84140625 0.17343749999999997 0.15625
92 0.13359375 0.69609375 0.16015625 0.21406249999999993
92 0.0625 0.3859375 0.12421874999999999 0.20078125000000002
92 0.16875 0.234375 0.12031250000000002 0.21406250000000002
92 0.7398437499999999 0.7367187499999999 0.11562499999999998 0.20546874999999998
92 0.83359375 0.6296875 0.16015625 0.17890624999999993
