92 0.51484375 0.525 0.06953125000000004 0.12578124999999996
92 0.50390625 0.64921875 0.1015625 0.12734374999999998
92 0.40390625 0.56875 0.11562500000000003 0.09765625
92 0.36249999999999993 0.35234375000000007 0.08124999999999999 0.17109375
92 0.246875 0.37578125 0.08671874999999998 0.16953125000000002
92 0.24999999999999997 0.54765625 0.06406249999999997 0.16328124999999993
92 0.2796875 0.7453125 0.10000000000000003 0.15546874999999993
92 0.115625 0.75390625 0.07656250000000002 0.15546874999999993
92 0.14921875 0.67890625 0.06406250000000001 0.15390625000000002
92 0.13984375 0.44609374999999996 0.0625 0.15234374999999994
92 0.16875 0.22265625 0.11406249999999998 0.14765625000000002
92 0.2171875 0.0921875 0.10781250000000003 0.12109375
92 0.33203125 0.1578125 0.09609375000000003 0.1296875
