92 0.49380672599278186 0.5033289388150004 0.23440764195358849 0.19303391139933213
92 0.6478386656500902 0.42851803499054236 0.19844432231796572 0.22899723103495495
92 0.5607875579681765 0.2979174834395846 0.15555552756914892 0.17560587391467314
92 0.455906357126217 0.3800137797872948 0.2561189163295813 0.23797812677886898
92 0.32089375228257755 0.5661146529982977 0.2741053183271053 0.25596452877639286
92 0.437526903491659 0.7633015439243986 0.18808762378240895 0.20972926745694298
92 0.6995544489107048 0.6880942262153995 0.2052906823702757 0.17982992510611806
92 0.9085420462142182 0.5344558185161977 0.18291590757156362 0.21261161072586598
92 0.4059770781119352 0.9435751083973685 0.2263739615319449 0.11284978320526295
92 0.3195454419270651 0.887030644592278 0.1943756193218541 0.22142767391502172
92 0.05798149366117997 0.29239014208439024 0.11596298732235993 0.21260212636644082
