92 0.5002255713852162 0.45249822272680035 0.09373904957317036 0.08633359733928225
92 0.5917248275276714 0.4468037393435269 0.09695787457580884 0.0973023142145944
92 0.5493830943859883 0.3394546451452828 0.08742120360007166 0.0817379495601111
92 0.46333871356244916 0.324757930038029 0.10585901783979867 0.09931466470287442
92 0.40032966631502725 0.33774461207327755 0.0981081901885158 0.10379144422847641
92 0.5430306124192542 0.6029836966973361 0.11332437208977608 0.10058010545471296
92 0.6243557983170058 0.5129127433400182 0.08236599104298337 0.07478831898970256
92 0.7180864258826913 0.4080215277288302 0.09184743889567837 0.09804735239381712
92 0.6785806989967883 0.5449587306476005 0.12687825781319817 0.10776185786060355
92 0.6478001524410447 0.6195167993590396 0.09121191118393068 0.08449533822761379
92 0.5080653101894801 0.7713968758996868 0.1117762652724602 0.10867630852339083
92 0.3357397478138728 0.6619914374334332 0.11378580842491204 0.10775811474616603
92 0.26690705536490467 0.42127214807228064 0.09982945260383391 0.09879613368747742
92 0.4170537043683116 0.4444066985511695 0.061460940430106026 0.06404423772099721
