92 0.3640625 0.6734375 0.1375 0.1203125
92 0.30234375 0.79765625 0.15546875 0.1375
92 0.4625 0.7578125 0.16875 0.115625
92 0.6046875 0.69765625 0.15546875 0.12421875
92 0.62890625 0.79140625 0.10234375 0.1375
92 0.746875 0.79140625 0.06640625 0.1109375
92 0.22421875 0.721875 0.13359375 0.13359375
92 0.28671875 0.57109375 0.2046875 0.10703125
92 0.1734375 0.53125 0.19140625 0.084375
92 0.51328125 0.546875 0.18203125 0.09296875
92 0.66875 0.5734375 0.178125 0.09296875
92 0.8046875 0.5359375 0.1640625 0.084375
92 0.89296875 0.7203125 0.20859375 0.12890625
