92 0.3914208214046171 0.3886857608968446 0.25931256906522865 0.2307994141208099
92 0.7269344977956185 0.33096703030750807 0.12553796288834373 0.15437513095713085
92 0.8666935602633024 0.2860074981004327 0.19063838753286422 0.17800187568249676
92 0.5112237171935954 0.5161552178253094 0.1702839317773045 0.18356846987640868
92 0.4319930697559557 0.621863716694487 0.20251974349498802 0.22844079344445967
92 0.47092602744586887 0.7435947863568392 0.15648436244204783 0.15194817870089028
92 0.7867853530566519 0.595483382382664 0.20894495506945376 0.21250909943750607
92 0.890352114734341 0.6873472215039239 0.19687223301509638 0.22246926984019955
92 0.9505159815662044 0.49772631173727544 0.09896803686759115 0.1705011632426156
92 0.904858834508848 0.3918523121489418 0.19028233098230418 0.19952270908969272
92 0.7961074577108497 0.43134905963486503 0.2004008994902795 0.16929563955091353
92 0.6816894025433418 0.4257207741945567 0.15417415234510568 0.15320211297200054
92 0.6021410343343783 0.6341861759207272 0.18870392130644553 0.2126808925097068
92 0.6532826812775308 0.7839312741641822 0.18452757656297525 0.16087461848408224
92 0.7151588795512036 0.9005656904561138 0.21638764441013514 0.1723218594960334
92 0.2509384127943626 0.8673763684440097 0.22933488871788277 0.2565519911648281
92 0.33181167106017473 0.8297782613111864 0.22516815649420407 0.23748065522020312
92 0.2619552070033375 0.6430893745366899 0.22504512198186105 0.21014051826091473
92 0.2113285912963375 0.572665452536646 0.18223361931931875 0.14626816251442687
92 0.5822505750297149 0.31663250873561655 0.1889211527717567 0.16915635218528458
92 0.7340823595517562 0.23608361157462227 0.1943255664132597 0.20177786827373267
92 0.5284196539523497 0.15681713826366392 0.2004008994902795 0.16929563955091348
92 0.4229505837743641 0.2614109902273604 0.20833275469403567 0.15713868104382922
92 0.12000966491195353 0.36552494086732423 0.18201638785400764 0.18979270283884914
92 0.7705306898666782 0.08401579545895851 0.18122575407289487 0.16803159091791703
92 0.6843568274321228 0.03135413722441488 0.19234600977417993 0.06270827444882976
92 0.5410661263029583 0.03180035481943966 0.16407595166814976 0.06360070963887932
92 0.3910908639076536 0.09966779386248314 0.18223361931931875 0.14626816251442687
92 0.26366352520555225 0.22121710995239344 0.20476861032598342 0.16070282541188158
92 0.0650203085550804 0.5530624845221334 0.1300406171101608 0.180176118580557
