92 0.37112129391133986 0.6787452081299321 0.14221047838866746 0.12572548307406706
92 0.3144295418566353 0.8053372584415252 0.1608534983819131 0.14361918509846716
92 0.4728606328768277 0.7591080660813238 0.17324755332322395 0.12229393144173151
92 0.6125234855295703 0.6933026927504868 0.16032132029154422 0.1303486015377252
92 0.6404793361899963 0.786006957837992 0.10777116413894561 0.141490472736992
92 0.7583533431118797 0.7812799642117758 0.07079817008796563 0.11350929431215784
92 0.23333074004252058 0.7327473292441673 0.1388395436670533 0.13883954366705342
92 0.28973875847888425 0.5795828072175394 0.2088118406644045 0.11514709455871985
92 0.17495195266027422 0.5443102226002237 0.19463342389068078 0.09197686215885043
92 0.5151488591738079 0.546305175653426 0.1856103036709839 0.10018805522259949
92 0.6715571052714644 0.5666167286582404 0.181707190859001 0.10003153225484407
92 0.8058828106380164 0.523699846385313 0.1673116342068004 0.09088120138456185
92 0.8973426516094902 0.7043893520396312 0.20531469678101943 0.13716104927357964
