92 0.5180485769384884 0.5618091177299754 0.2049985342640625 0.19734369054895406
92 0.4535111993285329 0.7055802273777589 0.26114991628521905 0.1989543110999633
92 0.40425902150695503 0.8670344277081165 0.24077734879713075 0.2659311445837671
92 0.584404496815051 0.8657825876462828 0.2409487622900045 0.18927856721302305
92 0.6255677591351552 0.7626579669310226 0.17132332150404184 0.19715841904253262
92 0.7059812683228834 0.6774495507930602 0.21772087737489154 0.17466238147740687
92 0.5304625148574038 0.448593854169103 0.23459752488658503 0.1767077692910779
92 0.2358226573185857 0.42466461983628406 0.22910057304234843 0.17025396198245268
92 0.20958329044971458 0.5371672088748627 0.22840245200989862 0.17194797961097436
92 0.2098036792262667 0.6639246793119129 0.16549948711649487 0.16215049299113504
92 0.33135526761596334 0.3364830673999504 0.13923493712948803 0.16650531786456169
92 0.598046491691248 0.3621943357766524 0.19411713463278968 0.1534507773962765
92 0.7298278010544865 0.4349430670972771 0.23191754481398663 0.15249854126973716
92 0.8101348164754563 0.5128082730973007 0.16009517102546889 0.17253429206252008
92 0.38826899491938865 0.518742078633089 0.12819737297148226 0.1148013964700425
92 0.34329286423157424 0.5973451422735423 0.13305973255679154 0.11392262326902058
92 0.3705327470343664 0.43717119350841027 0.16968359397334432 0.11514283250319707
