92 0.5484026933414283 0.5024108276163296 0.10498522959504353 0.11827468250110029
92 0.5811852344813503 0.4255093946840732 0.11142860070101035 0.1118313113951333
92 0.4708724053079105 0.4437719554574556 0.1434097978639926 0.1611290684054017
92 0.4214035185590657 0.5159332206150349 0.1126808743551253 0.11469442782573996
92 0.36092630007945947 0.550876690448932 0.12163015190642412 0.10471630275326094
92 0.3080095833704927 0.5899796919392966 0.12560496245329533 0.15218386826540897
92 0.23737359612011694 0.5838134024977242 0.11634941217397787 0.11514128009160907
92 0.19912151672684622 0.5406486664540983 0.08436549673679167 0.08436549673679172
92 0.23575459852101313 0.4978343447102369 0.10932812322400559 0.09644138101207173
92 0.2005836251428756 0.39888569811573144 0.13643129134866439 0.1557614046665653
92 0.2645100327197059 0.41064443656617666 0.109948823502655 0.13491688653827694
92 0.3579986550205767 0.3509149065320502 0.1032847445379575 0.12100401507936664
92 0.4794468040916084 0.2974453856313962 0.0986810788898248 0.09062686500736611
92 0.5228308888568631 0.21580106665025892 0.10122569035849482 0.1282073068647313
92 0.6821807030214004 0.2803814429806687 0.08762996472441931 0.09447604652450914
92 0.7043624104886098 0.6644227274566533 0.11702104970988336 0.11138309999216234
92 0.6877738619828934 0.7432908540135743 0.13048027321741462 0.16068357527663457
92 0.5599957386017052 0.5714346129531116 0.13366461288416204 0.10708570707204845
