92 0.5752164534050801 0.5664555315697941 0.1077620124058678 0.09769554954990334
92 0.581845767360553 0.4945423457271251 0.10911408125103894 0.10180777756525822
92 0.43455661687637376 0.47677175640202696 0.13108046058512735 0.11809147625485056
92 0.3470120326283245 0.5528873748413374 0.15144505525632812 0.13488410023522535
92 0.575424403081447 0.8272396944487823 0.13936758068332955 0.13384726234296196
92 0.49428789793720207 0.7359731219288262 0.15892036383388813 0.15145169784397905
92 0.2847247505537268 0.6749562573212085 0.1342185147757114 0.12041771892479236
92 0.3236831503414618 0.7680211599096252 0.16720084134443952 0.14317122033342766
92 0.1336699350408467 0.6543941767921803 0.15892036383388813 0.15145169784397905
92 0.08501632482989685 0.5599772053585923 0.14689891074073125 0.13943024475082216
92 0.1868117576721073 0.4895632548744765 0.1686155742571031 0.16033509674655172
92 0.3248339120979167 0.4148842077262267 0.11943690251237077 0.11115642500181927
92 0.39834603153577497 0.37212881087604466 0.10914541328478516 0.10833360176414292
92 0.45051938247766166 0.31355496387025866 0.12866686440159736 0.11941221306627525
92 0.5572977274034094 0.35186485489373365 0.10045570872008724 0.105001853235684
92 0.592943365973384 0.41135400317675025 0.14410741953680128 0.13566457972212131
92 0.7415713001274327 0.5847445398410238 0.13802215442580945 0.15377129792626987
92 0.665280034208692 0.66142225398326 0.15935428033413013 0.14555348448321115
92 0.28834227890585507 0.31586792136489866 0.1087428288182895 0.12075763932379535
92 0.20510076594333695 0.32320840815212404 0.08742874976841325 0.08742874976841325
92 0.5178398959802415 0.22536472192564797 0.11112509296807299 0.11291107831348607
