92 0.43046875 0.57890625 0.12265625000000002 0.06015625000000002
92 0.575 0.5234375 0.09531250000000002 0.06015624999999997
92 0.5203125 0.36796875 0.07734375000000004 0.09531250000000002
92 0.578125 0.6078125 0.06874999999999998 0.08515625000000004
92 0.5609375000000001 0.74921875 0.08359375000000002 0.08671874999999996
92 0.76328125 0.67109375 0.061718750000000044 0.0703125
92 0.74296875 0.60390625 0.09296875000000004 0.053906250000000044
92 0.76171875 0.55703125 0.1015625 0.061718750000000044
92 0.8101562499999999 0.51796875 0.08828124999999998 0.059374999999999956
92 0.90703125 0.50703125 0.10781249999999998 0.05703125000000003
92 0.853125 0.603125 0.078125 0.07499999999999996
92 0.80859375 0.7093750000000001 0.05234375000000002 0.09140625000000002
92 0.8109375000000001 0.78359375 0.08359375000000002 0.047656249999999956
92 0.92578125 0.77109375 0.07734375000000004 0.059374999999999956
92 0.9000000000000001 0.7140625 0.09531250000000002 0.059374999999999956
92 0.9046875 0.6578124999999999 0.109375 0.05703124999999998
92 0.94609375 0.56640625 0.06874999999999998 0.0703125
92 0.9664062499999999 0.621875 0.05703124999999998 0.053906250000000044
92 0.97421875 0.7210937499999999 0.051562499999999956 0.09218749999999998
