92 0.4046875 0.48203125 0.17109375 0.16015625
92 0.24765625 0.57734375 0.175 0.171875
92 0.4234375 0.6609375 0.14453125 0.22812500000000002
92 0.578125 0.690625 0.10390624999999998 0.17343750000000002
92 0.71953125 0.5984375 0.12968750000000007 0.24062500000000003
92 0.6976562499999999 0.24062500000000003 0.18984374999999998 0.16171875000000002
92 0.54921875 0.24609375 0.12265624999999997 0.31171875000000004
92 0.42578125 0.30234375 0.15390624999999997 0.21328125000000003
92 0.34921875 0.18671875 0.16875 0.20234374999999996
92 0.24296875 0.3625 0.140625 0.21328124999999998
