92 0.57265625 0.56015625 0.14609374999999997 0.08203125
92 0.6812500000000001 0.6500000000000001 0.06796875000000002 0.06406250000000002
92 0.6796875 0.725 0.078125 0.07421875
92 0.92890625 0.74375 0.1421874999999999 0.057812500000000044
92 0.815625 0.83671875 0.13828125000000002 0.06406250000000002
92 0.5601562499999999 0.81171875 0.11171874999999998 0.09218749999999998
92 0.475 0.7476562500000001 0.11796874999999996 0.07578125000000002
92 0.44218750000000007 0.8382812500000001 0.13593750000000004 0.05625000000000002
92 0.275 0.8140625 0.0859375 0.06562500000000004
92 0.3296875 0.66796875 0.09218750000000003 0.08203125
92 0.37968750000000007 0.5359375 0.13203125 0.061718750000000044
92 0.62578125 0.47734375 0.07187500000000002 0.05625000000000002
92 0.359375 0.453125 0.12031249999999999 0.05390624999999999
92 0.25234375 0.53828125 0.06406249999999997 0.07578125000000002
92 0.16328125 0.6140625 0.06562500000000002 0.0703125
