92 0.653125 0.3984375 0.16484375000000007 0.15390624999999997
92 0.48046875 0.53125 0.10781250000000003 0.19218750000000007
92 0.49296874999999996 0.35703125 0.12109374999999994 0.12109375
92 0.25625 0.8960937500000001 0.17031250000000003 0.12265625000000002
92 0.33046875 0.8234375 0.171875 0.14218750000000002
92 0.21328124999999998 0.72734375 0.12499999999999997 0.18359375
92 0.36015625 0.5265625 0.08437499999999998 0.14765624999999993
92 0.39765625 0.60390625 0.09531250000000002 0.08281249999999996
92 0.64453125 0.546875 0.07578125000000002 0.21484375
92 0.71328125 0.55625 0.06718749999999996 0.18515624999999997
92 0.51953125 0.25078125 0.15234375 0.16093750000000004
92 0.55 0.62578125 0.09296875000000004 0.14218750000000002
92 0.3375 0.3859375 0.06328125000000001 0.10390624999999998
92 0.42578125 0.309375 0.12109375 0.07656249999999998
