92 0.484375 0.675 0.14296875 0.10703125
92 0.65546875 0.7109375 0.11171875 0.1140625
92 0.38671875 0.74140625 0.1765625 0.0875
92 0.1953125 0.69921875 0.125 0.12734375
92 0.10390625 0.678125 0.1015625 0.1109375
92 0.15625 0.58359375 0.12890625 0.1125
92 0.33203125 0.59375 0.0984375 0.090625
92 0.67421875 0.35703125 0.09296875 0.109375
92 0.79765625 0.346875 0.12421875 0.10703125
92 0.65 0.22734375 0.11171875 0.171875
92 0.56796875 0.35703125 0.1328125 0.0984375
92 0.740625 0.2625 0.0984375 0.13828125
