92 0.5546875 0.49375 0.10703125 0.26171875
92 0.6296875 0.4015625 0.0765625 0.26171875
92 0.678125 0.63984375 0.1 0.23203125
92 0.53984375 0.89296875 0.103125 0.2140625
92 0.3546875 0.503125 0.10703125 0.29140625
92 0.43984375 0.57734375 0.1234375 0.3453125
92 0.4265625 0.3390625 0.11640625 0.17890625
92 0.56640625 0.18125 0.11328125 0.2203125
92 0.41015625 0.128125 0.11640625 0.25625
92 0.81484375 0.42890625 0.06640625 0.25625
92 0.878125 0.55625 0.10703125 0.2796875
92 0.91328125 0.74140625 0.0734375 0.30390625
92 0.81328125 0.878125 0.08671875 0.24375
92 0.3203125 0.878125 0.08984375 0.24375
