92 0.80859375 0.42109375 0.16953125 0.31015625
92 0.5640625 0.34765625 0.1625 0.2984375
92 0.640625 0.41484375 0.15625 0.2921875
92 0.78828125 0.16953125 0.22734375 0.1640625
92 0.284375 0.3828125 0.078125 0.17578125
92 0.1171875 0.37421875 0.09140625 0.14609375
92 0.1421875 0.271875 0.14921875 0.14609375
92 0.1765625 0.546875 0.084375 0.1109375
92 0.4984375 0.82734375 0.13203125 0.12890625
92 0.65390625 0.778125 0.10859375 0.16953125
92 0.68984375 0.909375 0.1359375 0.18125
92 0.32578125 0.9328125 0.121875 0.1171875
92 0.4015625 0.590625 0.084375 0.14609375
92 0.44921875 0.69609375 0.0640625 0.19921875
92 0.51015625 0.59921875 0.09453125 0.10546875
92 0.90546875 0.9125 0.1359375 0.12265625
