92 0.5998757275274763 0.5905262672735505 0.21494310871842814 0.24245357196957873
92 0.49907838991221654 0.4889346644664025 0.21424252666769789 0.2246844543250689
92 0.3565005454701141 0.54730863287961 0.23131630950470655 0.2130429361043073
92 0.30085314214371944 0.7811837191033344 0.20741511243018607 0.23151186856258066
92 0.5178807208107175 0.8034290622846041 0.22683713843561776 0.23707825979188557
92 0.6553664807939631 0.6931885812742606 0.22765009088952248 0.20475817256374762
92 0.6695953136607886 0.38719549502740935 0.181669160706165 0.17142803934989725
92 0.8137683467882922 0.48638791670777626 0.1816691607061649 0.17142803934989725
92 0.8871001446305636 0.6582228159031094 0.17610353671382684 0.1943769101142262
92 0.2830705844804223 0.4266141952515037 0.18072208163920256 0.1897583651888506
92 0.3011754022760601 0.31484367076987085 0.23145645059796016 0.2748306116362706
92 0.16805721019569553 0.24506789943497143 0.20646726612625677 0.2074712976317732
92 0.13796992678493936 0.45006207452849273 0.22322787225898777 0.24611979058476263
92 0.1209589827680343 0.6515601210855255 0.2419179655360686 0.23998771115475204
