92 0.3887161416030882 0.4124515506402535 0.3976392062859806 0.39763920628598054
92 0.5461509039317071 0.555503741813943 0.31984018997504576 0.3453792864926539
92 0.6623794019178475 0.43771427238883587 0.3025306560352049 0.3701512184056899
92 0.5430839042585522 0.20714193283035567 0.31736002431013804 0.27963181354548977
92 0.5445165965583529 0.7949496964095926 0.3684185916132584 0.3138577945074593
92 0.835411313627215 0.5718443053170605 0.3205755453557986 0.30200165697935627
92 0.21768806446118188 0.632691747891782 0.32094322304617484 0.2803128422227074
92 0.40638591099293275 0.6966574343369756 0.27285622774475193 0.3198713826976213
92 0.2568997859803025 0.7704685980036818 0.31942913607037043 0.31913891906448855
92 0.27634020062428344 0.2679251404561952 0.30020251999166625 0.25841127114467116
92 0.25503413879735426 0.506023496435509 0.31444050376559934 0.2633623107303832
