92 0.36875 0.48984375 0.10234375 0.109375
92 0.446875 0.5140625 0.0640625 0.15078125
92 0.40546875 0.63828125 0.0953125 0.1171875
92 0.4484375 0.75 0.08828125 0.10390625
92 0.0765625 0.78125 0.090625 0.1328125
92 0.2421875 0.6390625 0.07109375 0.1171875
92 0.240625 0.74609375 0.08828125 0.11171875
92 0.35859375 0.84921875 0.08828125 0.08046875
92 0.3328125 0.7203125 0.08828125 0.109375
92 0.53203125 0.68984375 0.05390625 0.16171875
92 0.5859375 0.771875 0.08671875 0.1171875
92 0.51875 0.80234375 0.078125 0.15078125
92 0.47421875 0.63046875 0.0765625 0.1484375
92 0.5046875 0.52734375 0.075 0.19296875
92 0.590625 0.6421875 0.090625 0.15078125
92 0.58515625 0.521875 0.109375 0.1015625
92 0.27890625 0.52734375 0.1125 0.09375
92 0.26328125 0.44296875 0.09375 0.11171875
92 0.2140625 0.35703125 0.0484375 0.13828125
92 0.1765625 0.48046875 0.04140625 0.16953125
92 0.2953125 0.25390625 0.10390625 0.0703125
92 0.2640625 0.33359375 0.08359375 0.13515625
92 0.41328125 0.23984375 0.075 0.12265625
92 0.4171875 0.34921875 0.0796875 0.13828125
92 0.35 0.334375 0.065625 0.1640625
92 0.50859375 0.3421875 0.07109375 0.125
92 0.48125 0.234375 0.08828125 0.08828125
92 0.5625 0.27734375 0.0796875 0.10390625
92 0.571875 0.42421875 0.09921875 0.078125
92 0.6640625 0.43984375 0.078125 0.1640625
92 0.6609375 0.59609375 0.07265625 0.14296875
92 0.78359375 0.5078125 0.0953125 0.12265625
92 0.87734375 0.484375 0.08515625 0.14296875
92 0.9375 0.30859375 0.0765625 0.16953125
92 0.7703125 0.2125 0.0953125 0.1171875
92 0.71328125 0.228125 0.1078125 0.14296875
92 0.6515625 0.07265625 0.10234375 0.09609375
92 0.853125 0.81640625 0.08828125 0.1171875
92 0.8796875 0.74453125 0.10234375 0.09921875
92 0.9390625 0.896875 0.09375 0.14296875
92 0.7875 0.4390625 0.09921875 0.140625
92 0.79921875 0.27734375 0.09921875 0.1640625
92 0.76015625 0.1578125 0.09375 0.078125
