92 0.5375 0.55234375 0.1640625 0.1515625
92 0.52421875 0.709375 0.23125 0.1296875
92 0.53125 0.878125 0.178125 0.21953125
92 0.70078125 0.8171875 0.2109375 0.1265625
92 0.70546875 0.70625 0.1234375 0.165625
92 0.753125 0.59921875 0.1890625 0.11875
92 0.51171875 0.44140625 0.20859375 0.1140625
92 0.22578125 0.51640625 0.2046875 0.10859375
92 0.23828125 0.63125 0.203125 0.1109375
92 0.28046875 0.75078125 0.13125 0.12578125
92 0.28671875 0.4015625 0.09765625 0.1421875
92 0.546875 0.3375 0.16953125 0.103125
92 0.6953125 0.3625 0.215625 0.0859375
92 0.796875 0.409375 0.1203125 0.140625
92 0.40078125 0.5546875 0.10625 0.084375
92 0.384375 0.64375 0.1125 0.08125
92 0.35703125 0.48359375 0.15625 0.0671875
