92 0.29375 0.3984375 0.24687500000000004 0.36328125
92 0.40625 0.65 0.14453125 0.3570312500000001
92 0.60859375 0.39453125000000006 0.21718749999999998 0.27421875000000007
92 0.72109375 0.47734375 0.13203125000000004 0.29921875
92 0.9125000000000001 0.4109375 0.16562500000000002 0.31875
92 0.640625 0.675 0.11093750000000002 0.33124999999999993
92 0.25546875 0.63671875 0.12343750000000003 0.20390625000000007
92 0.09375 0.5984375 0.17890625 0.20390625000000007
92 0.09140625 0.79609375 0.1828125 0.20390625000000007
92 0.79140625 0.7640625 0.23828125 0.20390624999999996
