92 0.6 0.50859375 0.09765625 0.04921875
92 0.5625 0.446875 0.09296875 0.0578125
92 0.43359375 0.5203125 0.1203125 0.0578125
92 0.40859375 0.63359375 0.1421875 0.0625
92 0.75546875 0.71796875 0.1109375 0.084375
92 0.6359375 0.69296875 0.12890625 0.09296875
92 0.43125 0.76875 0.12421875 0.0578125
92 0.51796875 0.8203125 0.16875 0.053125
92 0.29765625 0.8421875 0.12890625 0.09296875
92 0.20234375 0.7953125 0.1203125 0.084375
92 0.2421875 0.678125 0.1375 0.09765625
92 0.30859375 0.5359375 0.10234375 0.0625
92 0.3421875 0.4578125 0.0796875 0.07578125
92 0.34921875 0.3796875 0.1109375 0.06640625
92 0.4578125 0.346875 0.0625 0.084375
92 0.521875 0.3734375 0.1203125 0.0796875
92 0.74453125 0.42421875 0.06640625 0.1421875
92 0.72890625 0.53125 0.1421875 0.07578125
92 0.2203125 0.478125 0.053125 0.1109375
92 0.1578125 0.53359375 0.0625 0.0625
92 0.35078125 0.26875 0.07578125 0.084375
