92 0.5125658196114623 0.7309730934634047 0.2215619405574769 0.12301826763814105
92 0.8491065800554999 0.7444218226807456 0.1284869243479123 0.18154890207370866
92 0.7399847404324971 0.45621401988239296 0.17163067512597274 0.1289054463077992
92 0.46161938452815243 0.4217870829897506 0.1721882692035996 0.09293986091182582
92 0.5970289788272471 0.4550860596989462 0.1416572252912961 0.09410818031623197
92 0.8343002233186718 0.4424418488204219 0.06572287745251515 0.13463453683666615
92 0.915393579618977 0.30847247416635515 0.10521243708475825 0.1245077017123204
92 0.8209226198053452 0.2396795652702256 0.18489838335946984 0.11736495716300199
92 0.702925594117656 0.14937480903241018 0.1801352480532571 0.10226507294916654
92 0.6653705561440555 0.23870838762090305 0.1594617502380119 0.12293857076441189
92 0.7412353679239665 0.28418383881958476 0.11057613690289125 0.06991825786624206
92 0.6049608584738548 0.32154275660629117 0.1642501455621338 0.09051467002109237
92 0.6940504080529692 0.3472778555929474 0.178390318548173 0.08673781156725224
92 0.5811628923591753 0.3794032904710687 0.15033629116908886 0.0690205330957907
92 0.34353511236520884 0.3322586898210308 0.15789131368343617 0.10896403552068895
92 0.5151657874911816 0.23912429836745563 0.16160749128659851 0.1147475629053758
92 0.5463797040024685 0.11527290362954234 0.12962737252107498 0.062093946324607074
92 0.911313316911748 0.19087495441550115 0.11831450757593898 0.11831450757593892
92 0.8761024673484848 0.4062588000396467 0.10588384326221534 0.11001854282526458
92 0.7885656439075617 0.3806981940034988 0.08025500677386477 0.10023938799526849
