92 0.50703125 0.2859375 0.07343750000000004 0.20234374999999996
92 0.4703125 0.1875 0.10000000000000003 0.23203125000000002
92 0.371875 0.37812499999999993 0.10703125000000002 0.19609375
92 0.43515625 0.4609375 0.10000000000000003 0.11328125
92 0.5265625 0.46093749999999994 0.11640625000000004 0.19062499999999993
92 0.60703125 0.44609375 0.13671875 0.09531250000000002
92 0.475 0.6312499999999999 0.11015624999999996 0.15468749999999998
92 0.40859375 0.7234375 0.10703124999999997 0.22031250000000002
92 0.47968749999999993 0.86328125 0.07343749999999999 0.17890624999999993
92 0.53984375 0.82109375 0.11328125 0.16640624999999998
92 0.1703125 0.82109375 0.11328125 0.11875000000000002
92 0.103125 0.88125 0.06640625 0.17890625000000004
92 0.14296875 0.64609375 0.08359374999999998 0.17890625000000004
92 0.21484374999999997 0.6015625 0.10703124999999997 0.15468749999999998
92 0.26640625 0.6695312500000001 0.06640625 0.20859375000000002
92 0.18828125 0.46406250000000004 0.1 0.14843750000000006
92 0.08671875 0.42890624999999993 0.09687500000000002 0.19609374999999996
92 0.21640625 0.246875 0.10703124999999997 0.20859375000000002
92 0.23515625 0.2734375 0.12968750000000004 0.18437499999999998
92 0.61796875 0.3484375 0.08671874999999996 0.14296874999999998
92 0.678125 0.25859375 0.09296875000000004 0.1484375
92 0.71171875 0.38359374999999996 0.06640625 0.1609375
92 0.73671875 0.5984375 0.08671874999999996 0.20234374999999993
92 0.64140625 0.66953125 0.12968750000000007 0.18437499999999996
