92 0.4997365393106727 0.511100522694458 0.32496870581748427 0.32061001649410203
92 0.41272226436802223 0.6999948832052139 0.3738314675905535 0.37860926165656883
92 0.20493770395629718 0.7069398601314661 0.30268383948004174 0.2988280758478188
92 0.35196325474146506 0.39658048691822156 0.2989178957182192 0.30369568978423445
92 0.5042811952121424 0.34510160689061997 0.3064557821637379 0.29505613316412266
92 0.6835658133362972 0.4732907841139761 0.23601471517268147 0.22117840728347626
92 0.6515272304872826 0.6857034934602846 0.24651682129911867 0.2613531291883239
92 0.6442352998385891 0.28403698016391254 0.24610955044252703 0.24854035794979795
92 0.46041818761441866 0.205500782823901 0.2630955362994672 0.2568927861085001
92 0.20907558087429443 0.3171462548319127 0.29495415149226817 0.28782937086750865
