92 0.42789503731205863 0.26696770999731473 0.3591014934566382 0.3222234537507137
92 0.7538138417477338 0.7298958314271244 0.32706520725093535 0.33466892677793014
92 0.35118090254040163 0.7620848097856362 0.46463880686473435 0.43327346381588105
92 0.1921468176930169 0.46670925749482867 0.3842936353860338 0.38980543288079506
92 0.3691318343914548 0.4538799038453204 0.39876581730525595 0.3685410321854518
92 0.7844097276876821 0.4009763317446608 0.35257122239714267 0.31569318269121827
92 0.5762032730595003 0.4771571340112117 0.33952191567462653 0.34180303153272507
92 0.8245175008696086 0.5952947628396026 0.3373003685275452 0.2939591672236752
92 0.5519923553181222 0.6692503233131304 0.34329022070734916 0.33150445544050733
92 0.5722185581410626 0.8584613975258442 0.39300530627196373 0.2830772049483117
