92 0.4563789423608075 0.802776920333582 0.16642006710247859 0.1395805026597342
92 0.5373747080996701 0.7734557696452518 0.1081503558558794 0.10658688608251554
92 0.46712798933324695 0.7205832716750068 0.12394321412654175 0.12837304515107228
92 0.3772520779936158 0.6969186171588142 0.14465568698540643 0.1430922172120428
92 0.32219253590035013 0.6761734758727225 0.14067467242113335 0.15995746629261964
92 0.26164036604860424 0.6164004501081035 0.1304058149364008 0.1272788753896732
92 0.22332317172567237 0.5381564429863521 0.1630844058393472 0.1375477328744058
92 0.31252235673671247 0.5238982722611588 0.11459247311403115 0.11302900334066734
92 0.11748923830194405 0.4581075759476061 0.13774426971529002 0.13175096891739568
92 0.10183405701659942 0.37720592929109165 0.16396025980837747 0.14311399616352727
92 0.45994769509138245 0.6347824939819973 0.14416460802195735 0.11888851335257666
92 0.39462188631293915 0.548313288636584 0.11302900334066751 0.1145924731140312
