92 0.6162853852398578 0.28102818344535097 0.1516983926090293 0.18230532866941385
92 0.6677009709830484 0.3551349545209222 0.11940982702809988 0.1278813896876706
92 0.3564335952602101 0.32398552713866585 0.1515357020767858 0.14607017778028852
92 0.40000754659349047 0.5460505145112082 0.14662917770348388 0.16275247437815082
92 0.5506805746780565 0.45285406575401294 0.13789447144715472 0.15757035891454485
92 0.7243392026621105 0.536805725189717 0.12336104208725418 0.12500069937620345
92 0.36999406941827856 0.9243047173551464 0.13757372013362634 0.13648061527432687
92 0.9035255924103903 0.5195713732950971 0.14977301161170953 0.1724549374421731
92 0.9383460140105384 0.3812603272208575 0.10987787223890821 0.12135547326155238
92 0.8961587089875153 0.22269731651152808 0.1320957483435834 0.1301828148398093
92 0.46385748443280245 0.39861858540775397 0.1310127761023504 0.11734896536110734
92 0.5126297553580434 0.2367910224895512 0.08898121698513306 0.1154890098231447
92 0.524066825908422 0.16545435604286562 0.1545214752037264 0.1709180480932182
