92 0.5425632204741528 0.665624685132889 0.12337230467352567 0.13707146026117356
92 0.48404560657175677 0.715738134510103 0.0963792574846376 0.10654984269364887
92 0.4245319544372939 0.7504751517376679 0.11201062013438445 0.12238876830684497
92 0.4087124416034005 0.6214624614173034 0.10679227132836067 0.11675529357392278
92 0.37565534086273183 0.42672173192438567 0.1041594131570246 0.11287705762189143
92 0.580229491856652 0.2746205540603837 0.09127932752023538 0.10622386088857838
92 0.5857333658450143 0.2076178623873418 0.09131551315394537 0.08882475759255493
92 0.6201401302784871 0.12477065414963459 0.10150287121736423 0.10793732308428977
92 0.8788441093242556 0.35423426794060486 0.12113088866076371 0.13171659979667344
92 0.8406594349635178 0.4774171024675363 0.09776673787527845 0.11167345642637544
92 0.9774007193481233 0.5873965094775031 0.045198561303753326 0.11606155337860236
92 0.6991176445422063 0.4205349885419621 0.08862278558057479 0.10128412635097661
