92 0.31484375 0.60078125 0.10703125 0.27265625
92 0.4953125 0.59375 0.16484375 0.3078125
92 0.6875 0.52265625 0.1609375 0.29453125
92 0.890625 0.63203125 0.16953125 0.29453125
92 0.8640625 0.33671875 0.16484375 0.16484375
92 0.54921875 0.3484375 0.1921875 0.14765625
92 0.29453125 0.35703125 0.25 0.13828125
92 0.1296875 0.57109375 0.13359375 0.30390625
92 0.14296875 0.31484375 0.23671875 0.17890625
92 0.1359375 0.11640625 0.22734375 0.14765625
92 0.34140625 0.1140625 0.21015625 0.16484375
92 0.59140625 0.15859375 0.20078125 0.1609375
92 0.81484375 0.11640625 0.20078125 0.14765625
