92 0.29296875 0.67265625 0.06640625 0.14609375
92 0.24921875 0.77109375 0.0796875 0.14921875
92 0.121875 0.65625 0.1046875 0.14296875
92 0.35703125 0.71953125 0.0890625 0.109375
92 0.4578125 0.70625 0.153125 0.08984375
92 0.6796875 0.475 0.115625 0.22578125
92 0.7765625 0.5484375 0.146875 0.103125
92 0.8296875 0.4515625 0.15078125 0.0765625
92 0.746875 0.35234375 0.11796875 0.10625
92 0.69140625 0.3171875 0.12890625 0.11640625
92 0.62109375 0.390625 0.08671875 0.11640625
92 0.5734375 0.453125 0.078125 0.11953125
