92 0.45859375 0.5015625 0.18515625 0.20234375
92 0.63046875 0.70859375 0.16171875 0.17265625
92 0.7015625 0.8359375 0.0984375 0.2375
92 0.4046875 0.75859375 0.16171875 0.1453125
92 0.32578125 0.62265625 0.11640625 0.2453125
92 0.41640625 0.28125 0.16484375 0.1796875
92 0.49140625 0.1265625 0.14140625 0.1828125
92 0.60234375 0.3484375 0.103125 0.25
92 0.78359375 0.30625 0.1546875 0.23984375
92 0.7484375 0.53125 0.0703125 0.26015625
92 0.878125 0.58359375 0.13515625 0.2453125
92 0.21015625 0.8453125 0.1265625 0.21484375
92 0.146875 0.73125 0.1484375 0.1921875
92 0.146875 0.57734375 0.1734375 0.1296875
92 0.33046875 0.4078125 0.146875 0.1328125
92 0.5140625 0.32890625 0.10703125 0.1578125
92 0.70703125 0.3703125 0.08359375 0.15234375
92 0.5453125 0.6171875 0.13828125 0.1046875
92 0.571875 0.8203125 0.06171875 0.15234375
92 0.41015625 0.87265625 0.1203125 0.1546875
92 0.1671875 0.2421875 0.13203125 0.1625
92 0.14765625 0.0609375 0.1546875 0.121875
92 0.21015625 0.43359375 0.13515625 0.1546875
92 0.10078125 0.4703125 0.11640625 0.1671875
92 0.3015625 0.29609375 0.11796875 0.1671875
92 0.07890625 0.3421875 0.0953125 0.2546875
92 0.6890625 0.0765625 0.08671875 0.15234375
92 0.96015625 0.2078125 0.0796875 0.20234375
