92 0.5734375 0.2359375 0.09218749999999998 0.2609375
92 0.4390625 0.31875 0.20468749999999997 0.12343750000000003
92 0.40234375 0.2015625 0.13671875 0.12187500000000001
92 0.31796875 0.21484375 0.10625000000000001 0.23593750000000002
92 0.45859375 0.44296875 0.09843749999999996 0.22109375000000003
92 0.69453125 0.47890625 0.11875000000000002 0.12968749999999996
92 0.63203125 0.66796875 0.16171875000000002 0.16328124999999993
92 0.5171875 0.6664062499999999 0.07734375000000004 0.20156249999999998
92 0.390625 0.71796875 0.11953125000000003 0.14921875000000007
92 0.28359375 0.5515625 0.140625 0.17578125
