92 0.46875 0.5984375 0.12265624999999997 0.16171875000000002
92 0.5828125 0.51796875 0.07968750000000002 0.19765625000000003
92 0.415625 0.70390625 0.14609374999999997 0.09609374999999998
92 0.3375 0.48203125 0.13984375 0.16796875
92 0.46015625000000004 0.3140625 0.10625000000000001 0.10781250000000003
92 0.5015625 0.23046875 0.07968749999999997 0.13749999999999998
92 0.67578125 0.28125 0.11640625000000004 0.08984375
92 0.7671875 0.5296875 0.11640625000000004 0.10781250000000003
92 0.7078125 0.66484375 0.12656250000000002 0.10781249999999998
92 0.61953125 0.6375 0.10624999999999996 0.12578125000000007
