92 0.5011601483994699 0.4408784459164536 0.09777266644717775 0.16510012393397477
92 0.5700824653595038 0.42344183174044103 0.10406103335249661 0.11990278805527227
92 0.6355257621711463 0.5164828336021109 0.11836084241623812 0.09516398731574499
92 0.7425724905639914 0.5127711950554659 0.13619116041255508 0.1095996435900386
92 0.7381897535758642 0.6387888518326728 0.09264444794132864 0.15884035152078468
92 0.6784814594772035 0.7659094680250919 0.1247292925978698 0.13434750081026947
92 0.605716438090621 0.831864202906184 0.13494044720605058 0.1326773393913684
92 0.5081053632460875 0.8219066297577009 0.10271975533895711 0.11460107136603892
92 0.41434604930880636 0.7666520994427769 0.1297216638931668 0.09803815448761521
92 0.47155291699445756 0.6933513206446706 0.08253433967090462 0.13288848854758495
92 0.33794326627122473 0.684442368027179 0.10281032014599184 0.142980483856602
92 0.28499234484385194 0.5866292005071323 0.1260705706114093 0.13964921749950288
92 0.2617892833626921 0.48854291351596324 0.11791279971171276 0.13262300050714743
92 0.33012771040764843 0.46561297150592584 0.1078479738448061 0.12086084377922907
92 0.28158384531047675 0.3852197302505032 0.13115350671374099 0.13171928366741148
92 0.31188985077967496 0.31388940178453145 0.0699785689217105 0.11128028653966171
92 0.35613961246514253 0.21485554060012735 0.10286608408023101 0.10116875321921937
92 0.3818336188285899 0.3227878728713014 0.08517161329446615 0.1293022156807701
92 0.44358339005499436 0.3152244734174041 0.10285560254950932 0.15717019010188343
92 0.39651380008187753 0.4222244943567135 0.11974740283329488 0.11465541025025977
92 0.5189570905730096 0.30099090981862364 0.11791279971171276 0.13262300050714743
92 0.5824041926604259 0.29058051263496654 0.09399620748559001 0.10814063132735408
92 0.5252559390090504 0.1825471340260359 0.12468401019435255 0.12015779456498799
92 0.7222254832932948 0.41960340246394734 0.10908820552058895 0.1537845848605635
92 0.6008384447638393 0.6469437726323326 0.11676313284296469 0.128078671916376
92 0.5244432931569427 0.6348422509683307 0.11033891872709356 0.1307068890592339
