92 0.53046875 0.69765625 0.12890625 0.4875
92 0.646875 0.42578125 0.18046875 0.21015625
92 0.77890625 0.6515625 0.16796875 0.30234375
92 0.92109375 0.734375 0.12265625 0.3640625
92 0.8046875 0.41328125 0.1515625 0.33984375
92 0.42421875 0.42890625 0.1515625 0.32734375
92 0.42421875 0.771875 0.109375 0.3453125
92 0.29375 0.54296875 0.12265625 0.3953125
92 0.16640625 0.73125 0.190625 0.30859375
92 0.56328125 0.30546875 0.16796875 0.31484375
92 0.7015625 0.18203125 0.109375 0.28984375
92 0.3609375 0.21015625 0.17421875 0.30234375
92 0.240625 0.28984375 0.1390625 0.3640625
92 0.1 0.3765625 0.1515625 0.3453125
