92 0.4179797125112794 0.5447837313822511 0.1523804021842758 0.1583554031376278
92 0.561324030176249 0.43734602526970057 0.14410189925928707 0.15120730579840846
92 0.6031866840042538 0.34343752045263604 0.16469606791558333 0.1614663376705282
92 0.6942335091231495 0.26309613428658996 0.15224742123892032 0.1562845840452392
92 0.6929535506365413 0.35901606033996575 0.13198577249626076 0.132470232033019
92 0.757585667591689 0.31882992111235264 0.13440807018005207 0.13004793434922757
92 0.7749596528920613 0.4349853770637733 0.17396244859185472 0.1786455574471847
92 0.6884701158499884 0.6606707036201822 0.13346288322886724 0.13540072137590042
92 0.6702388470214062 0.5706117562525693 0.12010710205704789 0.12010710205704789
92 0.6422234589683313 0.4679759547075035 0.15125238332078927 0.15617772194449842
92 0.5260276989390955 0.6133057098646657 0.1476237102396677 0.15319499491238797
92 0.46365877987776905 0.7070551148917603 0.1608180048992343 0.16865010074349307
92 0.38641652973370555 0.6960978992814005 0.13407793698869813 0.14029516771042938
92 0.23180382194478844 0.7329071420854023 0.13012629088307115 0.1376354137028244
92 0.16426972121365654 0.7788450111757546 0.15595922429845094 0.1558784810423245
92 0.2536328715653121 0.7889140509687241 0.13982966685143738 0.14556243803641022
92 0.28540752692258115 0.8597016140672429 0.15115029466461383 0.14856651046856972
92 0.4373082430146641 0.8463552446840586 0.14880874023694884 0.15090806489623465
92 0.5665677034803941 0.7205628356867014 0.12260298283011717 0.1275283214538263
92 0.2638253454145062 0.595407096050216 0.15786139671173843 0.16609720883662915
92 0.34785944086182063 0.5327507345976339 0.15313321033402766 0.15870449500674783
92 0.29904093339553334 0.41834551143637894 0.15200280474825834 0.15983490059251715
92 0.5092829526317548 0.3469949971667623 0.14937871647439904 0.14372668854555248
92 0.5271745413798523 0.27367588756142835 0.12158182606737167 0.12634567817882802
92 0.4305161275104211 0.40594194228209657 0.1374643803014406 0.143520124510919
