92 0.3796875 0.48671875 0.23593750000000002 0.16015625
92 0.60234375 0.59765625 0.14687499999999998 0.22187499999999993
92 0.73359375 0.653125 0.13359375000000007 0.23593750000000002
92 0.87109375 0.61328125 0.17812499999999998 0.25312499999999993
92 0.7578125 0.36875 0.19140625 0.2578125
92 0.45781250000000007 0.284375 0.15546875000000004 0.20468750000000002
92 0.39296875 0.1734375 0.17812500000000003 0.18203125000000003
92 0.33125 0.3375 0.18203124999999998 0.17812500000000003
92 0.1421875 0.49765625 0.17343749999999997 0.2265625
92 0.153125 0.7421875 0.20859375000000002 0.23125000000000007
92 0.45312499999999994 0.86015625 0.25312499999999993 0.16015625
92 0.57109375 0.73359375 0.17343749999999997 0.20859375000000002
92 0.36640625 0.69140625 0.27578125 0.12421875000000004
92 0.284375 0.6203125 0.24453124999999998 0.16015625
