92 0.528125 0.5921874999999999 0.09062499999999996 0.09999999999999998
92 0.52265625 0.32734374999999993 0.06093750000000003 0.14140625
92 0.60234375 0.39921875 0.06406250000000002 0.09375
92 0.44375 0.2953125 0.03828124999999999 0.12187499999999998
92 0.38359375 0.2671875 0.0546875 0.12187499999999998
92 0.45234374999999993 0.20234375 0.09296874999999999 0.084375
92 0.41484375 0.58984375 0.06640625 0.15156249999999993
92 0.5421875 0.81171875 0.08125000000000004 0.11796874999999996
92 0.49296874999999996 0.81953125 0.08124999999999999 0.16328124999999993
92 0.31953125 0.74375 0.05703124999999998 0.13203125000000004
92 0.33515624999999993 0.9007812499999999 0.08515624999999999 0.11171874999999998
92 0.72734375 0.7875000000000001 0.08828124999999998 0.07578125000000002
92 0.68046875 0.90546875 0.09296875000000004 0.11171874999999998
92 0.65625 0.62578125 0.09687500000000004 0.09140625000000002
92 0.82265625 0.521875 0.0703125 0.16718750000000004
92 0.80859375 0.3515625 0.09062499999999996 0.10234375000000001
92 0.2640625 0.52421875 0.07265625000000003 0.11171875000000003
92 0.12734375 0.37890625 0.08124999999999999 0.10546875
92 0.215625 0.27890625 0.08515625000000002 0.07968749999999997
92 0.2921875 0.30234375 0.10078125000000002 0.09140624999999997
92 0.31796875 0.11484375 0.07187499999999997 0.08749999999999998
92 0.52109375 0.05859375 0.09062499999999996 0.1171875
