92 0.4984375 0.45625 0.07421875 0.1140625
92 0.59375 0.58046875 0.12890625 0.08984375
92 0.6234375 0.65859375 0.1359375 0.0859375
92 0.45703125 0.5609375 0.1109375 0.08359375
92 0.4421875 0.70625 0.12109375 0.08125
92 0.4859375 0.7859375 0.11875 0.0859375
92 0.25546875 0.72265625 0.10078125 0.1078125
92 0.35390625 0.64765625 0.14609375 0.06875
92 0.1609375 0.5 0.06171875 0.11015625
92 0.29140625 0.5703125 0.1140625 0.12578125
92 0.35859375 0.496875 0.1109375 0.10078125
92 0.290625 0.46015625 0.1375 0.0421875
92 0.64453125 0.4875 0.08125 0.1234375
92 0.72109375 0.47890625 0.1046875 0.0796875
92 0.73671875 0.684375 0.08203125 0.10625
92 0.79140625 0.57734375 0.11171875 0.08984375
92 0.79609375 0.46953125 0.06953125 0.1171875
92 0.575 0.44296875 0.071875 0.090625
92 0.43984375 0.4609375 0.07734375 0.07734375
92 0.34453125 0.41171875 0.11171875 0.06640625
