92 0.5192159091149412 0.3866029178023137 0.2208608110661745 0.19678967310289025
92 0.585110123560334 0.33278171348770735 0.2092657927333602 0.18244366757427205
92 0.49942727387287633 0.2152909515008641 0.19136063808937026 0.13290216017853712
92 0.3014226606662398 0.3381887363942573 0.1797692884410509 0.17908154164209988
92 0.3366472948534103 0.5120464664571741 0.15501407236331066 0.26436581339651616
92 0.14419580046540545 0.44135895648804124 0.1911107447148524 0.22481033786345028
92 0.20941953149626882 0.5934742199791718 0.2170763693296966 0.17030958700103016
92 0.23325803946945678 0.7361543827836934 0.21264431916780668 0.15831232205067947
92 0.3682480407982585 0.6556113992438461 0.17028131756312337 0.23699275706136824
92 0.5070233467456853 0.7005229704123443 0.16520532766031637 0.3000037002547081
92 0.6019479426210477 0.7231374751485016 0.14041083609118454 0.22362819876425288
92 0.6909117786114523 0.6876720107200974 0.20396084152495186 0.19639562673649125
92 0.5784752115763521 0.5427561850889351 0.237885727294656 0.1512296306268328
92 0.426950154752673 0.4303414130048989 0.15405722588521964 0.20219950181178792
92 0.730393451884283 0.48615939282511317 0.22411072212886696 0.1580870294295732
92 0.7668969024200033 0.6350010073822867 0.22103776506260453 0.19834212069722235
