92 0.5013279862783111 0.502828794344702 0.14748383007746974 0.20376413256712672
92 0.5993443274886938 0.5388049824910626 0.12964016178703586 0.13639379808579477
92 0.5563120649144347 0.6677515926985047 0.13065432735689986 0.18318260968057987
92 0.6919463408150011 0.8077587369001186 0.1316184941979206 0.15000339301120857
92 0.5459269066387258 0.7908655280011887 0.1268113674423339 0.13506581180748356
92 0.43662953578745733 0.5893002839345954 0.1279096794789633 0.15267301257441246
92 0.4661181740419371 0.35796678908593227 0.14089622228496723 0.12513773758786323
92 0.5783626334425949 0.341521606533993 0.14550549766658494 0.19015453764171286
92 0.3986910475499381 0.15918486948974656 0.1386609216192372 0.14503935590139833
92 0.3135384260863229 0.1965708655109742 0.1508561193723001 0.14635369517312757
92 0.2549205006030397 0.36217809729233763 0.13613909425822396 0.1901681846482947
