92 0.4765625 0.39921875 0.19375000000000003 0.4046875
92 0.73203125 0.446875 0.16874999999999996 0.3609375000000001
92 0.8859375 0.63046875 0.2281249999999999 0.28437500000000004
92 0.6015625 0.8234375 0.29296875 0.34843750000000007
92 0.253125 0.86015625 0.3265625 0.18046875000000007
92 0.31484375 0.5953125 0.26328125 0.2554687500000001
92 0.18515625 0.37734375 0.25703125 0.20546875000000003
92 0.590625 0.24765625 0.25468750000000007 0.21796875
92 0.8695312499999999 0.328125 0.22499999999999998 0.23203124999999997
92 0.840625 0.17109375 0.13124999999999998 0.26171875
92 0.1671875 0.23828125 0.23359374999999996 0.15156250000000002
92 0.2359375 0.1171875 0.25703125 0.1515625
