92 0.39375 0.490625 0.075 0.14609375
92 0.4703125 0.56640625 0.10078125 0.1234375
92 0.5390625 0.4640625 0.09765625 0.10390625
92 0.575 0.5453125 0.11953125 0.08125
92 0.6640625 0.56328125 0.08984375 0.14609375
92 0.71875 0.63984375 0.09609375 0.1234375
92 0.84453125 0.5828125 0.059375 0.14453125
92 0.61328125 0.8046875 0.09296875 0.14296875
92 0.53125 0.809375 0.0734375 0.15625
92 0.515625 0.6984375 0.0828125 0.15234375
92 0.4421875 0.70546875 0.1421875 0.090625
92 0.31953125 0.759375 0.1265625 0.125
92 0.32421875 0.628125 0.0828125 0.14453125
92 0.21953125 0.575 0.0703125 0.140625
92 0.3171875 0.50859375 0.10078125 0.15625
92 0.19453125 0.36328125 0.14375 0.0734375
92 0.33125 0.2265625 0.13125 0.10625
92 0.4203125 0.24765625 0.09453125 0.16796875
92 0.50390625 0.325 0.159375 0.10625
92 0.64609375 0.33359375 0.128125 0.09453125
92 0.71328125 0.38046875 0.146875 0.12734375
