92 0.3779248818598958 0.6369752397783248 0.16260968920787167 0.1654051867284908
92 0.36420799143412286 0.732753207926915 0.1586396427322025 0.1572265340954061
92 0.4859085368771282 0.7681914890664536 0.17940723718842594 0.18063602730737938
92 0.264076721855367 0.6371243867971346 0.16242537069002877 0.16558950524633387
92 0.23242290599302307 0.46381999304302973 0.19350589865334222 0.19193919125167647
92 0.34684160730059754 0.3835537949961523 0.1557988075397992 0.15896294209610434
92 0.40616182803482115 0.29733390053376335 0.16558950524633392 0.16242537069002883
92 0.5077545117528639 0.2808172820760332 0.14776210358347952 0.14932881098514517
92 0.6105261961720164 0.3212554633735413 0.17259635552035335 0.17419378267499286
92 0.6819569766852545 0.4354284066573251 0.1749573247532793 0.1784593765922966
92 0.7143173468659967 0.5833309750022166 0.17368616479324805 0.17420840059380333
92 0.6703669475567204 0.673294227581354 0.16885299740360482 0.1713105776415117
92 0.585615665575663 0.7201218962626986 0.15382109326136983 0.15541852041600923
92 0.5704331304992649 0.6301717776870183 0.16113959281118717 0.16024871997494583
92 0.5693799766407569 0.4892190718562581 0.16166182861174244 0.15972648417439078
92 0.48003111912109625 0.42318012871288346 0.1609552742933441 0.16043303849278895
92 0.4535979561142297 0.5191570332981269 0.1621840644122976 0.15920424837383546
92 0.4837831594952423 0.5863135376366635 0.1623683829301406 0.15901992985599234
