92 0.521875 0.20546875 0.16484374999999996 0.11796875000000001
92 0.578125 0.2984375 0.17656250000000007 0.08203125
92 0.446875 0.375 0.10624999999999996 0.12109375
92 0.5546875 0.40390625 0.09765625 0.0859375
92 0.6078125 0.44140625 0.12968749999999996 0.07890625000000001
92 0.6390625 0.525 0.13359374999999996 0.053906250000000044
92 0.67265625 0.61953125 0.12578125000000007 0.09296875000000004
92 0.4453125 0.5015625 0.11796874999999996 0.08203125
92 0.51015625 0.5484375 0.11796874999999996 0.09296875000000004
92 0.37031250000000004 0.5734375 0.11406250000000001 0.10703125000000002
92 0.384375 0.7124999999999999 0.11015625000000001 0.09609374999999998
92 0.60390625 0.7265625 0.18046874999999996 0.053906250000000044
92 0.684375 0.7984375000000001 0.14531250000000007 0.06796875000000002
92 0.51796875 0.8125 0.12187499999999996 0.06406250000000002
92 0.35859374999999993 0.80859375 0.14140625 0.07499999999999996
92 0.22734375 0.76640625 0.15703125000000004 0.07890624999999996
92 0.26484375 0.68359375 0.12187499999999998 0.07890624999999996
92 0.484375 0.63359375 0.09765625 0.10390624999999998
92 0.80625 0.7445312499999999 0.09765625 0.06093749999999998
