92 0.5625 0.37734375 0.1515625 0.11640625
92 0.6296875 0.28125 0.13828125 0.13828125
92 0.72578125 0.39921875 0.10234375 0.07109375
92 0.83515625 0.4171875 0.1296875 0.11171875
92 0.6765625 0.4890625 0.11171875 0.0984375
92 0.53125 0.484375 0.10703125 0.0984375
92 0.4015625 0.49296875 0.10234375 0.1296875
92 0.4734375 0.609375 0.1203125 0.17890625
92 0.43515625 0.74296875 0.09375 0.125
92 0.375 0.85078125 0.1296875 0.17421875
92 0.2703125 0.93984375 0.10234375 0.11171875
92 0.2234375 0.83515625 0.1296875 0.14765625
92 0.3015625 0.6828125 0.1203125 0.11640625
92 0.3859375 0.6359375 0.10703125 0.11640625
92 0.64921875 0.66328125 0.0984375 0.11640625
92 0.53984375 0.85234375 0.15625 0.08515625
92 0.68984375 0.78984375 0.13359375 0.10703125
92 0.94453125 0.6140625 0.10234375 0.09375
92 0.3328125 0.40859375 0.13828125 0.0890625
92 0.21171875 0.49140625 0.13359375 0.09375
92 0.1875 0.6046875 0.14296875 0.08046875
92 0.2921875 0.24296875 0.1609375 0.09375
92 0.390625 0.21640625 0.17890625 0.1203125
92 0.24140625 0.16328125 0.17421875 0.0890625
92 0.3390625 0.0984375 0.13359375 0.10234375
92 0.828125 0.83515625 0.13828125 0.0890625
92 0.8328125 0.7078125 0.1515625 0.11171875
