92 0.8043204096396693 0.40595008184549597 0.18464150264419055 0.31815012646894325
92 0.5564608124624735 0.34467840225393664 0.17704009987727815 0.3060984362412057
92 0.636247956402791 0.4080028700712588 0.17048906887906135 0.2995474052429889
92 0.7716092427954744 0.15569767201455906 0.2351685984922307 0.175089717771092
92 0.27885078133381613 0.3936041642516662 0.08671065610101597 0.17942497820153863
92 0.11144287837576908 0.39327748015107056 0.09850957877797156 0.15042959915426418
92 0.13135811208384382 0.2898239803049306 0.15625153648647855 0.15328467817926184
92 0.179272084461864 0.5627908132278305 0.0897507115414653 0.11496900715280745
92 0.5146053269737434 0.8270214924042495 0.1382362012413827 0.13526934293416581
92 0.6674537000199333 0.7701849510311348 0.1168335712149593 0.17468730820568523
92 0.709829150436027 0.8995000221105848 0.14472268885242823 0.18774213430707065
92 0.3473683406871843 0.9396782716283754 0.12751361157130747 0.12064345674324928
92 0.40615814183280863 0.5953757709640071 0.09148690824585581 0.15008235981338613
92 0.45896483221920886 0.6983623178575692 0.07382277950637817 0.2021394012935016
92 0.515043790356558 0.5985961162385869 0.09962449393383838 0.11000849800909696
92 0.9253453753501883 0.8919725358934857 0.14182902767844396 0.12921987987277306
