92 0.5125 0.5171875 0.09843749999999996 0.1015625
92 0.5640625 0.5796875000000001 0.08203125 0.13046875000000002
92 0.48984375 0.70078125 0.11093749999999997 0.10624999999999996
92 0.50234375 0.78515625 0.078125 0.11562499999999998
92 0.62109375 0.7078125 0.08203125 0.12109375
92 0.7078125 0.7078125 0.07421875 0.13515624999999998
92 0.403125 0.56484375 0.11484375000000002 0.08203125
92 0.325 0.6156249999999999 0.08203125 0.11562499999999998
92 0.5843750000000001 0.41328125 0.10312500000000002 0.08203125
92 0.771875 0.4828125 0.06562500000000004 0.13046874999999997
92 0.28984375 0.50703125 0.08203125 0.12578125000000007
