92 0.46359535941934765 0.299944111823237 0.21797266728320375 0.2863102141279123
92 0.6968500258400081 0.1881206257467471 0.2278009116146018 0.30283821795388965
92 0.8718697504669911 0.27018047370995624 0.16612298770999323 0.22307094341391703
92 0.877268447798542 0.6029060779245023 0.1732013907520995 0.3038467008963953
92 0.626427224409259 0.6895075976957675 0.24751161290515256 0.26292105974268476
92 0.345258318575562 0.6036136967912555 0.20613159949440923 0.2322606615232683
92 0.3314842984664912 0.3784372295281391 0.21301716174443341 0.32289321745553345
92 0.1523089855874553 0.27722947778692064 0.2612810886147699 0.21840262784946263
92 0.1879480542178238 0.6003639574442452 0.3133492674894286 0.21553277886857136
92 0.2670383147717011 0.7544671126466365 0.3078094483563657 0.20262322429147128
