61 0.82421875 0.13046875 0.11562499999999998 0.11171875000000002
61 0.7140625 0.16328125 0.051562499999999956 0.18906250000000002
61 0.6468749999999999 0.178125 0.05312499999999998 0.21796875
61 0.871875 0.24921875 0.046875 0.22421875000000002
61 0.978125 0.2625 0.043749999999999956 0.21562500000000004
61 0.40078125 0.4796875 0.10468749999999999 0.20078125000000002
61 0.2734375 0.48124999999999996 0.08203125 0.17968749999999994
61 0.50234375 0.50078125 0.08437500000000003 0.21796874999999993
61 0.6234374999999999 0.50703125 0.06874999999999998 0.15859375000000003
61 0.5765625 0.528125 0.10468750000000004 0.23828125
61 0.65234375 0.55390625 0.06874999999999998 0.17734374999999997
61 0.8031249999999999 0.56015625 0.07265624999999998 0.18984375000000003
61 0.70625 0.565625 0.0625 0.20781250000000007
61 0.7421875 0.58125 0.06953125000000004 0.23671875000000003
61 0.8671875 0.646875 0.09765625 0.27421874999999996
61 0.92109375 0.75078125 0.08125000000000004 0.33203125
61 0.053125000000000006 0.878125 0.08984375 0.2437499999999999
61 0.353125 0.90234375 0.09531249999999997 0.19453124999999993
61 0.4515625 0.909375 0.11171875000000003 0.18046875000000007
