20 0.6348501544740508 0.23004628887376874 0.42806989550269303 0.42448714446997
20 0.1425558928348287 0.681574182872197 0.24203092136837007 0.26106428622971145
20 0.3022873168441349 0.7411475203271505 0.45063521579048854 0.48198428732681553
20 0.4418425536722679 0.8996290646130326 0.34202025195150426 0.2007418707739348
20 0.18309668979765298 0.322148916778369 0.31534678253067516 0.29810479318569527
20 0.625981469092 0.8923268220515884 0.2466789404997045 0.21534635589682316
20 0.553240440824458 0.47717088807153474 0.23443641768388146 0.2675768647365699
20 0.46046959309406776 0.2548819575340252 0.27480899511809187 0.27480899511809187
20 0.6765733555312236 0.6008560745453349 0.16564542055669151 0.17191523486395688
20 0.8067645649687953 0.5414886411390907 0.2759307899968467 0.2607040981077735
20 0.8958552314851969 0.36704363662406103 0.20828953702960618 0.3424203097745666
