20 0.83239504389649 0.28568534552864694 0.3214644917548738 0.3450366664790915
20 0.1555240869883329 0.17218069650277862 0.1738809843532267 0.22707764893355564
20 0.13112737734608756 0.4520087133616398 0.26225475469217513 0.4350427237663944
20 0.3399100720297535 0.08750996117454227 0.3419070911933654 0.17501992234908453
20 0.27616390041101896 0.17866465247203867 0.3456831501032015 0.35732930494407733
20 0.2395729062704256 0.6317490075416025 0.4791458125408512 0.6075704548266929
20 0.48698646353821234 0.280927275665926 0.6094167272816803 0.561854551331852
20 0.4849800781507022 0.07648421440630546 0.21657513099891418 0.1529684288126109
20 0.34641063337676636 0.5168222211475303 0.31486800264023745 0.3008521149663783
20 0.643291734568055 0.0994566946626308 0.2802303403571298 0.1989133893252616
20 0.33845370930527297 0.8122961648749264 0.30735790841722427 0.35067974304551597
20 0.7068794762176339 0.22713125491093716 0.2594996076360421 0.32448235957847993
20 0.6209583563243646 0.4993490840622419 0.37139691222893134 0.4252306626126176
20 0.5506784643892542 0.7082306516994242 0.5671876729325217 0.5835386966011515
20 0.6128664968355975 0.8064695316748517 0.43492906674417864 0.3870609366502966
20 0.8512772055581572 0.4494216290952892 0.29744558888368555 0.3538930989278323
20 0.81334883447332 0.6402387582149902 0.3733023310533602 0.5316684981234874
20 0.9005480708969277 0.3954808701598593 0.19890385820614465 0.42310317194223457
20 0.7389749105643277 0.9136986047886996 0.24777628907219373 0.17260279042260085
