25 0.4625 0.5421875 0.26875 0.36640625
25 0.24453125 0.52265625 0.2546875 0.309375
25 0.07109375 0.484375 0.1421875 0.40390625
25 0.22421875 0.19296875 0.24765625 0.36640625
25 0.0953125 0.8375 0.18984375 0.325
25 0.29296875 0.8328125 0.2265625 0.334375
25 0.5296875 0.85078125 0.253125 0.2984375
25 0.7796875 0.85390625 0.2609375 0.2921875
25 0.95234375 0.8453125 0.09453125 0.309375
25 0.75546875 0.528125 0.31875 0.37890625
25 0.95 0.47578125 0.1 0.4078125
25 0.60859375 0.18828125 0.2578125 0.37578125
25 0.8484375 0.196875 0.225 0.3
25 0.41953125 0.16015625 0.1421875 0.3203125
