25 0.509375 0.8578125 0.5125 0.28437500000000004
25 0.1140625 0.85234375 0.228125 0.2953125
25 0.22421874999999997 0.49609374999999994 0.30234375 0.21796874999999993
25 0.2734375 0.2015625 0.23750000000000002 0.21171875
25 0.5515625 0.08671875 0.22578124999999993 0.1734375
25 0.615625 0.271875 0.2874999999999999 0.20859374999999997
25 0.0921875 0.2265625 0.1796875 0.23281249999999998
25 0.56640625 0.5875 0.30859375 0.24921875000000004
25 0.84765625 0.5390625 0.30234375 0.30859375
25 0.840625 0.29609375 0.22109374999999998 0.17734375000000002
25 0.25625 0.66640625 0.31875 0.1875
25 0.13046874999999997 0.3828125 0.25234375 0.11640624999999999
25 0.89375 0.79765625 0.2124999999999999 0.25390625
25 0.765625 0.11484375 0.23125000000000007 0.21171875
25 0.3359375 0.0765625 0.21484375 0.14999999999999997
25 0.6 0.428125 0.26249999999999996 0.07968749999999997
25 0.6859374999999999 0.7390625 0.23281249999999998 0.15156249999999993
