25 0.4625 0.5421875 0.26875000000000004 0.36640624999999993
25 0.24453125 0.52265625 0.2546875 0.30937500000000007
25 0.07109375 0.484375 0.1421875 0.40390624999999997
25 0.22421875 0.19296875 0.24765624999999997 0.36640625
25 0.0953125 0.8375 0.18984375000000003 0.32499999999999996
25 0.29296875 0.8328125 0.2265625 0.334375
25 0.5296875 0.85078125 0.25312500000000004 0.2984374999999999
25 0.7796875 0.85390625 0.26093750000000004 0.29218750000000004
25 0.95234375 0.8453125 0.09453124999999996 0.30937499999999996
25 0.7554687500000001 0.528125 0.31875 0.37890625
25 0.95 0.47578125 0.09999999999999998 0.4078125
25 0.60859375 0.18828125 0.2578125 0.37578125000000007
25 0.8484375 0.196875 0.22499999999999998 0.3
25 0.41953125 0.16015625 0.14218749999999997 0.3203125
