38 0.507544125 0.486369625 0.4617045 0.503861703125 0.431546453125 0.4778686875 0.39966965625 0.50398653125 0.385490359375 0.491954875 0.37980765625 0.508077265625 0.3603785625 0.51897975 0.35714465625 0.54724946875 0.3294354375 0.533403765625 0.310114546875 0.546009203125 0.305974484375 0.533635109375 0.31705559375 0.5233018125 0.334400921875 0.53238109375 0.3470650625 0.52057159375 0.34123375 0.507970765625 0.3613800625 0.4819685625 0.336268265625 0.5089934375 0.32093884375 0.505249734375 0.326986609375 0.5212564375 0.31820571875 0.51501384375 0.308599390625 0.522168046875 0.30964128125 0.512177140625 0.301726203125 0.519558078125 0.285828171875 0.559637296875 0.287343328125 0.58347846875 0.26518109375 0.604145078125 0.226066078125 0.595523875 0.213469796875 0.58201603125 0.195407265625 0.5880364375 0.1807950625 0.569193015625 0.16715690625 0.565676046875 0.129096640625 0.626421890625 0.11716259375 0.70248959375 0.089385515625 0.713961265625 0.082228015625 0.73326278125 0.120449734375 0.78059809375 0.12196490625 0.80443925 0.17022584375 0.851432140625 0.1781409375 0.844051203125 0.1903043125 0.8507473125 0.225563578125 0.8250829375 0.214658546875 0.81180184375 0.222248953125 0.79931209375 0.21641765625 0.78671125 0.236496109375 0.78602640625 0.26995590625 0.758432359375 0.26664128125 0.732661515625 0.285461390625 0.738561671875 0.271538921875 0.756956171875 0.277045546875 0.7644481875 0.307203609375 0.79044121875 0.343369046875 0.805420671875 0.36561240625 0.796234390625 0.372550484375 0.78976453125 0.37819540625 0.7729445625 0.399171125 0.764940375 0.416519625 0.748762640625 0.407623375 0.734679375 0.419440328125 0.74603903125 0.429453921875 0.736701203125 0.422519875 0.731611328125 0.4250365625 0.7184413125 0.435184 0.719801828125 0.43841790625 0.691532109375 0.461161640625 0.706400484375 0.460295828125 0.69277696875 0.47540878125 0.6931148125 0.477059671875 0.666321265625 0.5150520625 0.63089278125 0.54411496875 0.560498484375 0.58477265625 0.54062321875 0.5922534375 0.484376640625 0.5905634375 0.482564328125 0.581525875 0.489535015625 0.565763578125 0.47897953125 0.524672984375 0.492043046875 0.507544125 0.486369625
38 0.42558075 0.811144125 0.411272375 0.79193146875 0.390041171875 0.786573421875 0.36836103125 0.8097500625 0.356903140625 0.857429546875 0.39051759375 0.908951890625 0.418941484375 0.917420140625 0.444018890625 0.89403509375 0.43807965625 0.869038890625 0.468047734375 0.847012390625 0.470653109375 0.814987015625 0.42558075 0.811144125
38 0.539553125 0.7635189375 0.53455996875 0.77557409375 0.545124625 0.810116140625 0.572825171875 0.805002046875 0.597804671875 0.820182859375 0.585435171875 0.849475109375 0.597698171875 0.85875675 0.619836390625 0.857349828125 0.62229409375 0.85597771875 0.67591784375 0.80597278125 0.68567271875 0.794476671875 0.676824390625 0.781263390625 0.5944756875 0.69295521875 0.582682046875 0.69370471875 0.5868884375 0.725297203125 0.5643013125 0.7552388125 0.539553125 0.7635189375
38 0.670075828125 0.5808075625 0.651348078125 0.607150234375 0.6457903125 0.6360095625 0.637048875 0.63824196875 0.7056383125 0.7311391875 0.758399546875 0.72905734375 0.80006321875 0.69020534375 0.802243203125 0.678048421875 0.782821453125 0.63400828125 0.77146546875 0.617961671875 0.747170796875 0.622859296875 0.780308828125 0.552003203125 0.779839 0.548073859375 0.76623796875 0.53348853125 0.750447265625 0.535455828125 0.722408875 0.555682890625 0.692778640625 0.5625964375 0.670075828125 0.5808075625
38 0.824925953125 0.453375546875 0.866662140625 0.414455921875 0.827568609375 0.370693546875 0.827494265625 0.370071734375 0.81247690625 0.353967609375 0.7552491875 0.36858228125 0.750718703125 0.4275593125 0.79238978125 0.456770828125 0.824925953125 0.453375546875
38 0.666004125 0.5588435625 0.672559296875 0.552730765625 0.6799770625 0.527163796875 0.722430296875 0.487575515625 0.722310046875 0.45069284375 0.688135578125 0.441126875 0.672687203125 0.44578903125 0.66210246875 0.455659453125 0.63444659375 0.50155121875 0.63854190625 0.54656540625 0.64910196875 0.555955296875 0.666004125 0.5588435625
38 0.283718390625 0.34571996875 0.248410140625 0.34461021875 0.240691375 0.35180809375 0.229117828125 0.38775709375 0.24149646875 0.40876921875 0.232532859375 0.437845015625 0.245476140625 0.442052921875 0.25069603125 0.428306515625 0.263070109375 0.424166453125 0.255466984375 0.4430948125 0.283061046875 0.476554609375 0.276027109375 0.5038309375 0.282501046875 0.518510984375 0.367729625 0.495157171875 0.40350265625 0.46179828125 0.4011285 0.45228284375 0.373312296875 0.44566646875 0.3895411875 0.412775296875 0.376915234375 0.390918359375 0.364830015625 0.377958546875 0.355135375 0.37974840625 0.337647875 0.359060953125 0.306546046875 0.389543671875 0.283718390625 0.34571996875
38 0.449651109375 0.463685828125 0.449202203125 0.4922205 0.477587578125 0.507184875 0.4963199375 0.50599440625 0.513687171875 0.489799203125 0.514932015625 0.46792125 0.525376421875 0.465580640625 0.559575046875 0.487174359375 0.57549240625 0.4723311875 0.57601109375 0.465716375 0.5665848125 0.447870296875 0.575206 0.40875525 0.592119734375 0.395942546875 0.590594296875 0.390954984375 0.58449803125 0.38441753125 0.537963515625 0.3842928125 0.498684796875 0.400203703125 0.47042425 0.4472741875 0.449651109375 0.463685828125
38 0.6347045 0.442054859375 0.6452645625 0.45144475 0.66277346875 0.45503375 0.685488328125 0.433851796875 0.68204440625 0.428985328125 0.6962003125 0.412561125 0.67120421875 0.385756078125 0.669207625 0.386203515625 0.6603505 0.37670540625 0.646046734375 0.3826449375 0.6347045 0.442054859375
38 0.742488203125 0.339463390625 0.756559265625 0.349792125 0.823657171875 0.34773625 0.836282921875 0.335962546875 0.836115515625 0.335132171875 0.811464109375 0.31663115625 0.751661625 0.325497453125 0.742488203125 0.339463390625
38 0.937441046875 0.3175341875 0.959358078125 0.306651078125 0.971467921875 0.29535846875 0.948765859375 0.271013484375 0.924912625 0.278708984375 0.92430365625 0.295511640625 0.937441046875 0.3175341875
38 1 0.337048859375 0.9822893125 0.323643953125 0.9499334375 0.325700234375 0.932112703125 0.345277921875 0.929391671875 0.365572828125 0.9212148125 0.351001 0.926377109375 0.3374063125 0.8955890625 0.366116640625 0.916004078125 0.415051765625 0.954833859375 0.42767553125 0.96924871875 0.40831428125 0.98048903125 0.412630453125 1 0.40764778125 1 0.337048859375
