38 0.507780859375 0.486503359375 0.4616429375 0.503192765625 0.431943125 0.476677375 0.399615359375 0.502234921875 0.38564821875 0.489957625 0.379685 0.505978390625 0.360068578125 0.516540125 0.356341796875 0.544749109375 0.3288784375 0.530421921875 0.3093405 0.542688234375 0.305417015625 0.53024378125 0.31667678125 0.5201054375 0.333861015625 0.5294860625 0.346729328125 0.517899375 0.341118828125 0.5051986875 0.361715875 0.4795520625 0.336136234375 0.5061345625 0.3208745 0.502123890625 0.326641984375 0.518233703125 0.317971375 0.5118388125 0.30824165625 0.518824265625 0.30945775 0.508853078125 0.3014150625 0.51609475 0.28481996875 0.55589040625 0.2859188125 0.579754375 0.26339928125 0.6000310625 0.224440671875 0.590728515625 0.2120820625 0.577002890625 0.193917203125 0.58270715625 0.17963609375 0.563611578125 0.16606140625 0.559857140625 0.126946765625 0.619929484375 0.11368696875 0.6957773125 0.08571390625 0.70676246875 0.078220640625 0.725936125 0.1156104375 0.77393128125 0.11670928125 0.797795265625 0.164142734375 0.845623265625 0.1721854375 0.838381578125 0.18423009375 0.845288953125 0.219931890625 0.820243859375 0.2092603125 0.80677446875 0.217067546875 0.794419078125 0.21145703125 0.781718390625 0.231544390625 0.781384078125 0.265480671875 0.754378171875 0.2626163125 0.72855340625 0.28133059375 0.734781125 0.267089203125 0.75292984375 0.27246425 0.760516828125 0.3021640625 0.787032234375 0.338062578125 0.802640578125 0.360462875 0.793843890625 0.3675128125 0.78749609375 0.373450421875 0.770777203125 0.394562640625 0.7631403125 0.41219084375 0.7472678125 0.40354171875 0.7330314375 0.415158625 0.744595609375 0.425333671875 0.735433953125 0.4184895 0.73022384375 0.42123565625 0.71709975 0.4313578125 0.71863715625 0.43508459375 0.690428171875 0.457565375 0.705691234375 0.456937453125 0.692054671875 0.47204221875 0.69265621875 0.474160453125 0.665895578125 0.512765375 0.631135546875 0.54305240625 0.561259171875 0.584050765625 0.542096515625 0.5925120625 0.4859890625 0.5908539375 0.48414753125 0.58169609375 0.490959421875 0.566120421875 0.48013046875 0.524808109375 0.492474859375 0.507780859375 0.486503359375
38 0.3560923125 0.87017571875 0.392578984375 0.8621763125 0.41407915625 0.89252425 0.435340328125 0.894628015625 0.447268 0.883888296875 0.450683078125 0.850689703125 0.47014253125 0.836718828125 0.474227765625 0.821644984375 0.44761625 0.792089890625 0.4056033125 0.78121475 0.35350215625 0.81392490625 0.343262765625 0.846222671875 0.3560923125 0.87017571875
38 0.594527015625 0.711630125 0.559805859375 0.7215903125 0.564435734375 0.74937590625 0.548821265625 0.77408665625 0.519749359375 0.761207828125 0.510255109375 0.77330696875 0.511275453125 0.795466375 0.524105 0.819419421875 0.57299003125 0.86238996875 0.62548578125 0.828547828125 0.676530078125 0.78258734375 0.675730484375 0.7652220625 0.672410921875 0.7615353125 0.643882984375 0.764828078125 0.614340140625 0.741721828125 0.6064931875 0.71683290625 0.594527015625 0.711630125
38 0.668639625 0.583763484375 0.649454984375 0.6097753125 0.643394421875 0.63853325 0.63461534375 0.640612734375 0.701573046875 0.734692859375 0.75436259375 0.733532140625 0.79669796875 0.695413203125 0.799089796875 0.6832961875 0.780439609375 0.63892378125 0.76936540625 0.622681421875 0.74498896875 0.6271543125 0.779358546875 0.55688734375 0.778957375 0.55295040625 0.765612953125 0.538129921875 0.749790328125 0.539821328125 0.721403203125 0.55955596875 0.6916568125 0.56595134375 0.668639625 0.583763484375
38 0.825690171875 0.459053390625 0.86809925 0.420868078125 0.829775421875 0.376430109375 0.8297119375 0.37580709375 0.8149779375 0.3594433125 0.757503859375 0.373057 0.75194478125 0.431945984375 0.793099703125 0.4618803125 0.825690171875 0.459053390625
38 0.664951875 0.56173178125 0.671612734375 0.5557343125 0.679475578125 0.530300703125 0.722613265625 0.49145934375 0.723136703125 0.454580203125 0.689134390625 0.444419265625 0.673607015625 0.44881109375 0.662851640625 0.45849528125 0.63439903125 0.50389740625 0.637708140625 0.548976203125 0.648102703125 0.558548953125 0.664951875 0.56173178125
38 0.238702921875 0.391963484375 0.22190246875 0.424566421875 0.241833875 0.460503703125 0.25572665625 0.45818875 0.2728504375 0.479178234375 0.30447953125 0.449242953125 0.326538875 0.493458390625 0.361822375 0.4951841875 0.36966559375 0.488122125 0.38186478125 0.452380578125 0.36985471875 0.431155625 0.37932440625 0.402240703125 0.3664565625 0.397807546875 0.360997546875 0.41146075 0.34855309375 0.415384203125 0.35648540625 0.3965914375 0.3294795 0.36265515625 0.335549046875 0.34070990625 0.320017875 0.323460796875 0.24272459375 0.34319665625 0.20794259375 0.37160190625 0.2110064375 0.38486265625 0.238702921875 0.391963484375
38 0.450292546875 0.46281265625 0.44934571875 0.491335140625 0.47746559375 0.506792640625 0.496215875 0.505929265625 0.513863109375 0.490039625 0.51548959375 0.46818675 0.52597325 0.466028765625 0.5597898125 0.48821603125 0.57596378125 0.473652921875 0.57659784375 0.467048171875 0.56748446875 0.449040296875 0.576786984375 0.410081671875 0.593921765625 0.397566109375 0.59248359375 0.392552671875 0.58650234375 0.385909828125 0.539977109375 0.384972984375 0.5004266875 0.400195953125 0.4713489375 0.4467660625 0.450292546875 0.46281265625
38 0.635695265625 0.444414609375 0.64608984375 0.453987359375 0.663533453125 0.457881375 0.68661453125 0.437099078125 0.683256046875 0.432173265625 0.697696453125 0.415998609375 0.67317196875 0.38876140625 0.671167875 0.389173921875 0.662477875 0.3795226875 0.648072625 0.3852116875 0.635695265625 0.444414609375
38 0.777661390625 0.3874321875 0.78381546875 0.391629984375 0.80193709375 0.375313203125 0.80095678125 0.30092284375 0.788768546875 0.30315928125 0.769840140625 0.3274840625 0.777661390625 0.3874321875
38 0.969263 0.308754328125 0.9640120625 0.291450515625 0.956543875 0.283156265625 0.944787734375 0.28252459375 0.92253925 0.295275625 0.941020328125 0.334184140625 0.969263 0.308754328125
38 1 0.354770375 0.989962828125 0.34362296875 0.98379465625 0.342686109375 0.987380765625 0.340755296875 0.9653031875 0.31623565625 0.93455690625 0.32843703125 0.921257390625 0.367040578125 0.940364109375 0.38179115625 0.9358524375 0.392954421875 0.94832928125 0.445628921875 0.97465503125 0.47163184375 0.9755304375 0.4713151875 0.99506353125 0.453727515625 0.996311203125 0.432604890625 1 0.427904015625 1 0.354770375
