20 0.05740222650411195 0.3296458366384678 0.10940777158868159 0.10325755875821357
20 0.06909174860752434 0.4263478020376071 0.08893694029913352 0.09278082331817605
20 0.2057471981703054 0.7171883555337095 0.18365283220525308 0.15597687446814668
20 0.21701225452610873 0.0966195499604571 0.09633706591532476 0.16552696025809083
20 0.23449310361062312 0.16431988918345833 0.10874886994330563 0.16025690239847584
20 0.31640453443949096 0.5013459089614275 0.10479210514860637 0.2062706168513298
20 0.37032911976973854 0.8966350639481104 0.08364062828267438 0.15283052262544028
20 0.374024150194169 0.4887128516079695 0.08651472189482706 0.23565738303367828
20 0.40341276789034886 0.8148507417828468 0.09473763583712741 0.163158753576085
20 0.4997847603089713 0.23981451448053367 0.1262559731846643 0.18083911205506858
20 0.6040758368584863 0.6085212548781608 0.07577960700696429 0.14958216097258137
20 0.7953650820915289 0.4023402724628677 0.06334455563936348 0.1040897156412145
20 0.8157897668070562 0.7051797324152842 0.0638643213522384 0.136898098714047
20 0.8544250995747267 0.7272267464434096 0.08520293223852349 0.15285527337367255
20 0.8542623681973863 0.37171596886891217 0.05436824728459477 0.07973787521027564
