17 0.2128458207143911 0.5181309735431079 0.3269182650551539 0.3573332587347351
17 0.5465662036181009 0.5481105072428057 0.29944741181979617 0.3495054222507734
17 0.41067741456640194 0.2634837579304382 0.02126932591277786 0.02760578292935717
17 0.41471052967380656 0.17392118924746144 0.02235512153889674 0.0337607441687397
17 0.43240604323703125 0.17079952682236937 0.020816381229051106 0.033489295262209895
17 0.4544061208141902 0.0796540360241462 0.019051963336607802 0.023487483248213425
17 0.45585411323543745 0.08336516234549537 0.012534805302097052 0.024574073633597926
17 0.4613770182916932 0.05621152934059925 0.019187687789872676 0.024256853403136214
17 0.47821002953359976 0.0976675645770983 0.016834600760437746 0.019369183567069626
17 0.49337016553092705 0.11165274657823934 0.013757120140746648 0.018826285754010075
17 0.9173417838022232 0.4213689754764414 0.1653164323955536 0.26456463781219275
17 0.8796807573944491 0.10696882577880668 0.019368388807804005 0.02950672003433097
