106 0.282931458051753 0.3077717953400837 0.4607637623837641 0.4693261345540394
106 0.7371660698487572 0.6604146069808073 0.4736963152665782 0.49250295414057527
106 0.5 0.5 1.0 1.0
106 0.4620651716759368 0.5398840062716102 0.39875864434179886 0.4120609011063333
106 0.10694123091163021 0.52708335079852 0.21388246182326043 0.4371203685031124
106 0.46195371255843815 0.8343978167181125 0.4099016317002161 0.33120436656377494
106 0.20945129141914254 0.6932961754514323 0.4189025828382851 0.44545397285126875
106 0.7356075978762479 0.30197065287441793 0.44069278663179623 0.4576646314693058
106 0.5273261082619498 0.17020543530823717 0.3715439951973475 0.34041087061647435
106 0.888175323172844 0.5058244702887511 0.22364935365431204 0.4137069053094637
