106 0.525 0.5296875 0.15937500000000004 0.14921874999999996
106 0.31796875 0.6117187499999999 0.16015625 0.17812499999999998
106 0.85078125 0.625 0.17421874999999998 0.20781250000000007
106 0.571875 0.63984375 0.85625 0.6171875
106 0.49921875 0.68203125 0.18203124999999998 0.22968750000000004
106 0.69453125 0.68671875 0.18125000000000002 0.18437500000000007
106 0.93828125 0.73046875 0.12265625000000002 0.23593750000000002
106 0.21015625 0.7359374999999999 0.15000000000000002 0.15859374999999998
106 0.8148437499999999 0.85546875 0.17421874999999998 0.19374999999999998
106 0.3765625 0.86953125 0.1765625 0.19921875
106 0.5984375 0.87265625 0.18203124999999998 0.23906249999999996
106 0.7515625 0.48203125 0.1484375 0.17343749999999997
