0 0.42083246875 0.2559278125 0.41333971875 0.351906546875 0.42368303125 0.41923628125 0.43236415625 0.439087796875 0.447835578125 0.454028390625 0.5574543125 0.452114984375 0.565033015625 0.44760703125 0.576722359375 0.418961203125 0.573717484375 0.24681146875 0.566982296875 0.225039125 0.549266828125 0.2128464375 0.44261640625 0.21470803125 0.42083246875 0.2559278125
0 0.325490875 0.4401198125 0.315812359375 0.458624875 0.296019015625 0.4706388125 0.300311734375 0.525572265625 0.316123890625 0.571970046875 0.32998734375 0.581104484375 0.441685046875 0.579154796875 0.44209803125 0.578939203125 0.454067953125 0.55443075 0.450799703125 0.36719259375 0.436330296875 0.34400409375 0.429577390625 0.339121203125 0.342923921875 0.340633734375 0.325490875 0.4401198125
0 0.546629296875 0.4079221875 0.545893671875 0.46127646875 0.563550984375 0.470136328125 0.57805 0.489052828125 0.595378921875 0.574596765625 0.61931428125 0.576054265625 0.687400828125 0.5748658125 0.6961241875 0.568670953125 0.703954375 0.545742359375 0.700743796875 0.361808125 0.6795393125 0.33475809375 0.576250796875 0.338227921875 0.563941765625 0.349277765625 0.546629296875 0.4079221875
0 0.706087453125 0.470982203125 0.68717096875 0.485481203125 0.671350359375 0.5340980625 0.668653234375 0.618324609375 0.685836734375 0.695536484375 0.7036685625 0.7143948125 0.75367503125 0.71435540625 0.804945484375 0.713460484375 0.822628015625 0.701483390625 0.83129371875 0.678672453125 0.829764359375 0.5910555625 0.81889640625 0.58319715625 0.80495425 0.5484351875 0.794465515625 0.472773390625 0.706087453125 0.470982203125
0 0.555094140625 0.558630734375 0.544634484375 0.484635359375 0.452923609375 0.482902328125 0.4406145625 0.493952171875 0.419940171875 0.550988328125 0.4188221875 0.630186578125 0.4272373125 0.6825476875 0.4360056875 0.7073984375 0.447531640625 0.71969915625 0.55018796875 0.71790728125 0.55996859375 0.646892453125 0.579238359375 0.604883078125 0.569065359375 0.595059125 0.555094140625 0.558630734375
0 0.1971146875 0.48653403125 0.1832846875 0.505945015625 0.172288796875 0.544476125 0.169620765625 0.630369109375 0.186775171875 0.7059145625 0.2029115 0.7231355625 0.251251578125 0.723125234375 0.299735625 0.722278953125 0.31547553125 0.63032359375 0.330060375 0.6123775 0.328327515625 0.513102265625 0.321422421875 0.493532296875 0.298707703125 0.481426875 0.20702590625 0.481360265625 0.1971146875 0.48653403125
0 0.0443406875 0.77059771875 0.056495828125 0.846230453125 0.07239315625 0.866893640625 0.186866140625 0.864895515625 0.19884746875 0.7887373125 0.207760921875 0.768182796875 0.2061389375 0.6752594375 0.19459228125 0.640455640625 0.1749878125 0.63069215625 0.129113609375 0.631492890625 0.071950953125 0.633428328125 0.05970009375 0.647810984375 0.048616953125 0.681342859375 0.0443406875 0.77059771875
0 0.293585734375 0.772914828125 0.30559546875 0.84021546875 0.323111734375 0.86251734375 0.43722121875 0.860525546875 0.44478878125 0.792778984375 0.45767703125 0.76119509375 0.45708703125 0.727393421875 0.44473903125 0.694431546875 0.435272578125 0.629586890625 0.380712046875 0.62710121875 0.330749296875 0.627973328125 0.3177759375 0.630804328125 0.302424953125 0.658576484375 0.294674640625 0.6920501875 0.293585734375 0.772914828125
0 0.554724171875 0.835866921875 0.57188696875 0.858174953125 0.684786421875 0.85620428125 0.6954675625 0.7817356875 0.707569875 0.752874234375 0.7070699375 0.7242328125 0.693867765625 0.690083 0.684401296875 0.625238328125 0.677958359375 0.621912765625 0.5696379375 0.6238035 0.55471196875 0.644171265625 0.54377425 0.686035203125 0.542685375 0.76689984375 0.554724171875 0.835866921875
0 0.80274225 0.684327828125 0.80218115625 0.747680609375 0.817702453125 0.777414234375 0.8313669375 0.85364571875 0.9469908125 0.851627484375 0.950628890625 0.848438515625 0.958878765625 0.82567890625 0.95554725 0.634815953125 0.937376859375 0.614467484375 0.835725671875 0.6162418125 0.8184465 0.629045328125 0.80274225 0.684327828125
