0 0.60172615625 1 0.870222546875 0.88603003125 0.872498640625 0.872160625 0.86732934375 0.82356971875 0.857290546875 0.781875875 0.722154609375 0.4635155625 0.689664484375 0.415421125 0.638569390625 0.37307625 0.593747203125 0.368917625 0.354548875 0.466035203125 0.34139859375 0.4870735 0.325449078125 0.545732828125 0.3355586875 0.63197159375 0.366652921875 0.74683975 0.41404728125 0.8558929375 0.502756796875 1 0.60172615625 1
0 0.670191390625 0.47764615625 0.658683109375 0.48694721875 0.660783015625 0.497096109375 0.70141975 0.553816515625 0.738148375 0.568655828125 0.9781555 0.46677884375 0.96632659375 0.4389116875 0.924047859375 0.386450859375 0.8607969375 0.232239203125 0.772974140625 0.2653086875 0.745816453125 0.2768364375 0.759726609375 0.363463 0.7525934375 0.41948403125 0.730061625 0.45223275 0.670191390625 0.47764615625
0 0.7273980625 0.027209796875 0.54299553125 0.09996390625 0.552253234375 0.14323128125 0.5973223125 0.249407390625 0.623973953125 0.298539859375 0.660392515625 0.330071125 0.804920125 0.268722796875 0.81073215625 0.239138125 0.79682703125 0.1699668125 0.763754546875 0.086851078125 0.7273980625 0.027209796875
0 0.441601375 0.09842815625 0.3926866875 0.043013515625 0.3643935625 0.043983 0.24465309375 0.0948098125 0.237371453125 0.116669109375 0.240952375 0.161518125 0.25522421875 0.203268359375 0.310000609375 0.332313421875 0.341636546875 0.3727059375 0.36376184375 0.388085859375 0.50526934375 0.328019484375 0.50860853125 0.323911015625 0.511152 0.283086484375 0.49219925 0.2072255625 0.441601375 0.09842815625
0 0.565875796875 0.404139859375 0.61092940625 0.3614419375 0.559063765625 0.23925415625 0.52583134375 0.270852359375 0.426900234375 0.323886375 0.340325203125 0.354011140625 0.27752290625 0.35679459375 0.2706986875 0.359691296875 0.320284625 0.4765084375 0.328670328125 0.482609125 0.38971778125 0.4789145 0.565875796875 0.404139859375
0 0.48161878125 0.519118625 0.58113790625 0.482533375 0.6499340625 0.45333115625 0.613303015625 0.3670338125 0.6112274375 0.36791484375 0.5888135 0.3919193125 0.5243535625 0.432529234375 0.430806328125 0.4722376875 0.331167140625 0.486793390625 0.32564525 0.489137296875 0.34094946875 0.52519178125 0.3638301875 0.57477503125 0.406945140625 0.556473828125 0.48161878125 0.519118625
0 0 0.277337921875 0.046397671875 0.381690796875 0.099821578125 0.445127625 0.106616953125 0.44631425 0.252090296875 0.38456446875 0.25186421875 0.355309234375 0.161172703125 0.141653390625 0.055628875 0.18236 0.029233515625 0.174795734375 0.016116375 0.16221621875 0 0.16905721875 0 0.277337921875
0 0.007227578125 0.42157103125 0.051929984375 0.537286984375 0.06284621875 0.544797609375 0.115670171875 0.544317671875 0.299052015625 0.4664766875 0.248500328125 0.347384375 0.129781640625 0.405982734375 0.059533546875 0.422552984375 0.007227578125 0.42157103125
0 0.115606578125 0.6741325 0.163597203125 0.67674328125 0.315761109375 0.61215353125 0.3257215625 0.606683546875 0.350039796875 0.58659640625 0.304694375 0.47976928125 0.143645984375 0.54707096875 0.0939783125 0.55490534375 0.063558953125 0.55151596875 0.115606578125 0.6741325
0 0.193885125 0.6968005625 0.127539890625 0.665345109375 0.1624565 0.75540625 0.16322353125 0.82630015625 0.164436046875 0.829156640625 0.28743434375 0.776946953125 0.29785140625 0.73105525 0.281254328125 0.668546734375 0.193885125 0.6968005625
