26 0.5578125 0.15781249999999997 0.09375 0.2875
26 0.05625 0.2140625 0.1125 0.428125
26 0.28125 0.21875 0.10390625000000003 0.4375
26 0.684375 0.23984374999999997 0.13124999999999998 0.36484375
26 0.76640625 0.25 0.125 0.3609375
26 0.4328125 0.29921875 0.09921875000000002 0.34140625
26 0.89921875 0.3109375 0.20156249999999998 0.32499999999999996
26 0.559375 0.315625 0.12890625 0.3578125
26 0.7265625 0.53984375 0.21796874999999993 0.44218750000000007
26 0.20390625 0.5609375 0.334375 0.203125
26 0.4609375 0.5734375 0.08281249999999996 0.43828125000000007
26 0.153125 0.67578125 0.30546875000000007 0.23359374999999993
26 0.815625 0.7828124999999999 0.35703125 0.22499999999999998
26 0.3453125 0.8 0.15703125 0.3999999999999999
26 0.346875 0.80390625 0.16015625 0.39140625000000007
26 0.12187499999999998 0.82265625 0.24296875 0.3203125
26 0.6273437499999999 0.88046875 0.15468749999999998 0.23906249999999996
26 0.13671875 0.934375 0.2734375 0.13124999999999998
26 0.15546875 0.11406249999999998 0.11406249999999998 0.22734375
