17 0.04721646586552308 0.3080320074965215 0.09443293173104617 0.16020197697385014
17 0.1379484777903643 0.3621843326892379 0.15272590859467006 0.1593359738442392
17 0.23289281501918865 0.4342110175774915 0.12177366167573606 0.13862932806213757
17 0.16669181472220707 0.17261987177993388 0.13170339959662902 0.140296484421069
17 0.2577056826085018 0.1814681630627788 0.14474571701281386 0.17680453347322445
17 0.3273037849053649 0.1847606522124022 0.11206356040603616 0.14412237686644686
17 0.49795010585967364 0.03498888445123244 0.14891884933858723 0.06997776890246488
17 0.5592354167408241 0.0820516028632651 0.12323791800139161 0.1308394930383962
17 0.6549516271058908 0.13868897426215054 0.1387506415772063 0.17014845151266011
17 0.624068423230003 0.054213506980625825 0.14013750452741047 0.10842701396125165
