20 0.7234375 0.4890625 0.09765625 0.14921875
20 0.06015625 0.08203125 0.06328125 0.0546875
20 0.11015625 0.04609375 0.08984375 0.084375
20 0.11796875 0.13359375 0.08125 0.10703125
20 0.134375 0.31796875 0.09921875 0.059375
20 0.16953125 0.3828125 0.04921875 0.06328125
20 0.21484375 0.01796875 0.0546875 0.0359375
20 0.25546875 0.2703125 0.075 0.05703125
20 0.25703125 0.4703125 0.0765625 0.06640625
20 0.25546875 0.12734375 0.06328125 0.07109375
20 0.27578125 0.08125 0.0734375 0.07578125
20 0.30859375 0.38984375 0.096875 0.07421875
20 0.31171875 0.56328125 0.08515625 0.0515625
20 0.3515625 0.90546875 0.0875 0.07734375
20 0.36640625 0.4859375 0.09921875 0.0625
20 0.378125 0.0953125 0.09921875 0.096875
20 0.4078125 0.25 0.0640625 0.0453125
20 0.41953125 0.32734375 0.0578125 0.0703125
20 0.421875 0.7078125 0.053125 0.040625
20 0.4515625 0.5296875 0.1078125 0.07890625
20 0.478125 0.25078125 0.06328125 0.0375
20 0.48828125 0.78359375 0.0296875 0.040625
20 0.53671875 0.34140625 0.0859375 0.096875
20 0.5234375 0.471875 0.0484375 0.06015625
20 0.5390625 0.40703125 0.0734375 0.0890625
20 0.69453125 0.89921875 0.08671875 0.06484375
20 0.875 0.76015625 0.075 0.0578125
