20 0.7167019349797616 0.5555357244350618 0.13736781777357177 0.17140316015993218
20 0.24321469071705207 0.050120442963773715 0.10923452782425552 0.10024088592754743
20 0.20443971107101921 0.21811148975210096 0.11232803846019535 0.08602800116164416
20 0.21887833583574587 0.2904454371283393 0.06571169799545468 0.07499406410082565
20 0.33420632191836486 0.20834209047074412 0.08849732346409578 0.07663652232945511
20 0.27663528049138764 0.3998832520921128 0.09275875187006205 0.08605482079396076
20 0.37642774721474026 0.07174994310309679 0.08145417288934204 0.08661104294788147
20 0.4094466539035106 0.04037755761514156 0.09254174921479386 0.08075511523028311
20 0.3496619937798652 0.338230918161474 0.11447246817892859 0.09951754500916421
20 0.30142818052125997 0.5048557401112183 0.09658556356630782 0.07441102231458818
20 0.23844028563567293 0.8435478343032657 0.10643847874053369 0.09973454766443246
20 0.37651764183315334 0.4471118995721429 0.1132509111442691 0.0890136218691337
20 0.5030728049954617 0.07737008370122467 0.12340251066908065 0.12185544965151884
20 0.48575400385496037 0.23392559922065875 0.07458687842260575 0.06221039028211106
20 0.47410898257722023 0.311280484296302 0.07599861848021688 0.08424961057388003
20 0.36398844882185466 0.6754719599462111 0.06275289692028158 0.05450190482661854
20 0.44495558853521094 0.5140588701180072 0.12630644968125282 0.10722603046465667
20 0.5526997516024571 0.2554366397891912 0.07153329153554888 0.05451562034236873
20 0.4050532262672186 0.7674843066394008 0.04036074161411002 0.04758035969606522
20 0.5819168320297466 0.35932350313277184 0.11071362266225004 0.11793324074420525
20 0.5306980094628356 0.4800509587631473 0.0640424201345084 0.07177772522231757
20 0.5647757211948145 0.42271369250310786 0.0964639581221074 0.10677769823918631
20 0.5679579036507998 0.9388618699653839 0.10200058282736613 0.08756134666345572
20 0.7814453339496049 0.8592976459873594 0.08872804163511439 0.07738292750632769
