84 0.4671875 0.19687499999999997 0.22031249999999997 0.30234375
84 0.35625 0.21640624999999997 0.25468750000000007 0.29140625
84 0.2578125 0.26953125 0.28984374999999996 0.22578125000000002
84 0.7203125 0.28828125 0.28203124999999996 0.33046875
84 0.2296875 0.31875 0.30859375 0.15390624999999997
84 0.20078125 0.4296875 0.325 0.14296875000000003
84 0.7859375 0.50234375 0.33203125 0.2874999999999999
84 0.2 0.50390625 0.3421875 0.19140625
84 0.21328125 0.66796875 0.325 0.37734375000000003
84 0.3015625 0.70390625 0.31640625 0.40859375000000003
84 0.4640625 0.74609375 0.39296875 0.41328124999999993
