21 0.3515625 0.8484375 0.13046874999999997 0.13437500000000002
21 0.17890625 0.75078125 0.12734374999999998 0.16562500000000002
21 0.178125 0.64921875 0.10468749999999999 0.11875000000000002
21 0.2796875 0.6968750000000001 0.08437500000000003 0.18906250000000002
21 0.36953125 0.746875 0.09218750000000003 0.13437500000000002
21 0.4765625 0.75 0.11484374999999997 0.17421874999999998
21 0.5921875000000001 0.78203125 0.10703125000000002 0.18906250000000002
21 0.6078125 0.6703125000000001 0.08906250000000004 0.12265625000000002
21 0.5578125 0.5843749999999999 0.11015624999999996 0.13124999999999998
21 0.49453125 0.65 0.10468750000000004 0.12109375
21 0.63203125 0.48828125 0.09609374999999998 0.1484375
21 0.7140625 0.5765625 0.10390624999999998 0.1484375
21 0.7484374999999999 0.68046875 0.11562499999999998 0.15234375
21 0.81484375 0.62578125 0.078125 0.16249999999999998
21 0.9078125 0.6484375 0.08515625000000004 0.15625
21 0.83359375 0.55078125 0.08515625000000004 0.1171875
21 0.90859375 0.5375 0.0859375 0.12656249999999997
21 0.82734375 0.4359375 0.07890624999999996 0.12109375
21 0.75625 0.34453125 0.08906250000000004 0.15234375
21 0.7625 0.48046875 0.09999999999999998 0.1328125
21 0.66953125 0.4234375 0.07343750000000004 0.12890625
21 0.6070312500000001 0.3609375 0.07968750000000002 0.12343750000000003
21 0.63515625 0.29296875 0.10624999999999996 0.125
21 0.56953125 0.4546875 0.06484374999999998 0.14687500000000003
21 0.52578125 0.34765625 0.08828125000000003 0.13828124999999997
21 0.503125 0.4828125 0.06953125000000004 0.13046874999999997
21 0.41718749999999993 0.5078125 0.10468749999999999 0.16171874999999997
21 0.33671874999999996 0.440625 0.09296874999999999 0.15781250000000002
21 0.26015625 0.46953125 0.08749999999999997 0.09531250000000002
21 0.271875 0.565625 0.10390625000000003 0.11875000000000002
21 0.18671875 0.528125 0.06328124999999998 0.13125000000000003
21 0.12890625 0.440625 0.09453124999999998 0.15468749999999998
21 0.21328125 0.396875 0.07890625000000001 0.15781249999999997
21 0.2453125 0.2875 0.08359375000000002 0.14609374999999997
21 0.2875 0.33046875 0.07890624999999998 0.0859375
21 0.38359375 0.33046875 0.09609374999999998 0.13046874999999997
21 0.43046874999999996 0.24453125 0.08906249999999999 0.10390625000000003
21 0.44218749999999996 0.3328125 0.06562499999999999 0.08984375
21 0.45234374999999993 0.3984375 0.07734374999999999 0.09609375000000003
21 0.16875 0.33671875 0.06328124999999998 0.06874999999999998
