21 0.5407512505186622 0.6153082851326293 0.050165594012742565 0.06388365523629502
21 0.4772358395089926 0.7463403645846578 0.04255476180920881 0.051128550073929024
21 0.48851564993883556 0.7745578731693877 0.03531983040155384 0.048180512798634334
21 0.5789599491037759 0.6747454042896167 0.028620441736725066 0.04062374530733348
21 0.5568907389388122 0.4742516028497227 0.042849565536738354 0.051852043214694665
21 0.5403572500307959 0.4734199802844915 0.03920506747679453 0.04735016632827871
21 0.5789571625502951 0.24618651718214166 0.05096890812698174 0.056970559912286
21 0.7717332784570652 0.22856511919136105 0.036927734724907846 0.05064579594846036
21 0.88214058183591 0.13773064782318103 0.05512191657363541 0.05383584833392735
21 0.29259971807420443 0.8744180262870139 0.047458295752744406 0.05131650047186853
21 0.3085693557884027 0.8952667177783823 0.04636017791097574 0.057506102655112246
21 0.6570635611122256 0.35056386032469034 0.05276476284827525 0.06433937700564751
21 0.6904240665609122 0.3742807681178798 0.04225995808167937 0.050405056933163606
21 0.7020578498100196 0.3022520140301006 0.025350568377784377 0.029637462510144486
21 0.6744582571313406 0.2851006092160333 0.03695349098614864 0.037382180399384735
21 0.6105526739184313 0.20591291640944603 0.050753925372926 0.04903916771998185
21 0.6031259638282103 0.27796870285334174 0.05043336538415566 0.06157929012829194
21 0.5520540306562651 0.23353698925449032 0.04483209456109549 0.047832920453747596
21 0.545406154513918 0.27469627730464996 0.05311235519316182 0.054827112846105974
21 0.5175375143689503 0.2768384482759545 0.05003043223216047 0.048744363992452466
