21 0.4390625 0.4578125 0.10859374999999999 0.15468749999999998
21 0.2625 0.32734375 0.10624999999999998 0.14687499999999998
21 0.528125 0.30703125 0.11015624999999996 0.16171874999999997
21 0.5203125 0.13046875 0.0859375 0.10703124999999998
21 0.4328125 0.6140625 0.10312500000000002 0.15468749999999998
21 0.053125 0.43203125 0.10625 0.1796875
21 0.19921874999999997 0.44375 0.11874999999999997 0.14296875000000003
21 0.153125 0.3375 0.109375 0.10390625000000003
21 0.32500000000000007 0.4421875 0.11406250000000001 0.13437500000000002
21 0.38984375 0.3234375 0.1171875 0.12343749999999998
21 0.53984375 0.46875 0.09687500000000004 0.17734374999999997
21 0.64375 0.53046875 0.11484375000000002 0.17343749999999997
21 0.61796875 0.41640625 0.09140625000000002 0.1328125
21 0.6484375 0.309375 0.10078125000000004 0.12890625
21 0.77265625 0.3734375 0.12031250000000004 0.1875
21 0.84609375 0.5078125 0.109375 0.171875
21 0.8734375 0.9109375 0.1484375 0.17734375000000002
21 0.32343749999999993 0.628125 0.11640624999999999 0.17812499999999998
21 0.15625 0.6234375000000001 0.08671874999999998 0.11484375000000002
21 0.23203124999999997 0.6609375 0.06484374999999998 0.13906249999999998
21 0.1203125 0.5328125 0.06562500000000002 0.12109375
