21 0.787789642411203 0.5965341667682713 0.17905390000272503 0.17601207663877283
21 0.7444910865526586 0.5062587596904602 0.15262563544369068 0.14840856214366605
21 0.7013307953924757 0.4181887313495528 0.1714076349911826 0.16601531175508555
21 0.4482035915100776 0.12409176620934781 0.13452810295112644 0.1345281029511265
21 0.34384175831121244 0.3841430576455225 0.13901484921099422 0.13445211416506603
21 0.2584870307799647 0.3911548487597069 0.1347752085009188 0.1309729292959786
21 0.4951930196423351 0.7676475632901475 0.13959733185137074 0.1371776996300451
21 0.09892016669029824 0.46813370940438265 0.15296786897115444 0.15027170735310602
21 0.1286079363161463 0.5620299942680824 0.13987043302965385 0.1391099771886658
21 0.20370993887762281 0.6386877586763176 0.16902085483522739 0.16950478127949253
21 0.16748401992653603 0.4140190851273016 0.1404632003253498 0.13520914178761434
21 0.32490435297316 0.285144691816208 0.15024913994305505 0.14527161080204243
21 0.796457181687285 0.6906412768979531 0.14063431708908158 0.13614071439233422
21 0.29689918927634407 0.6948386430259823 0.14693421540081975 0.14638115660737394
21 0.3870534727479929 0.7378955196525864 0.14641743689118425 0.14579524574855762
21 0.5957122971536257 0.772969324058036 0.16613443726183585 0.16136430516836542
21 0.6950234726634736 0.7678501020002221 0.1714007785543029 0.17043292566577262
21 0.8075703488131836 0.7796134539966499 0.16158198687122727 0.159300619348263
21 0.7013827866494571 0.3307306094959525 0.1411476673802775 0.13893543220649407
21 0.6128411146190162 0.2515943651725306 0.15441622008551004 0.15102873497565428
21 0.5551056125560464 0.16941972570359645 0.1411476673802774 0.13893543220649401
21 0.36626234471717634 0.1414062754508731 0.1648640593480919 0.15712123623985008
21 0.32426844895677415 0.2043718385224995 0.1547290297660432 0.14961323592666914
