21 0.1890625 0.515625 0.13828124999999997 0.15312500000000007
21 0.290625 0.709375 0.12031250000000002 0.15703124999999996
21 0.39374999999999993 0.72265625 0.10859374999999999 0.17734375000000002
21 0.4765625 0.64453125 0.09531249999999997 0.13437500000000002
21 0.4765625 0.7593749999999999 0.08906250000000004 0.11562499999999998
21 0.4359375 0.58125 0.08749999999999997 0.15625
21 0.534375 0.59609375 0.07578124999999997 0.15312499999999996
21 0.5109375 0.41484375 0.11250000000000004 0.15468749999999998
21 0.35468749999999993 0.38046875 0.12578125 0.1515625
21 0.54921875 0.76484375 0.07890624999999996 0.14140625000000007
21 0.6453125 0.45859375 0.12031250000000004 0.15312499999999996
21 0.55859375 0.22109375 0.12890625 0.12421874999999999
21 0.71796875 0.3140625 0.09609374999999998 0.16874999999999998
21 0.8109375 0.44453124999999993 0.1015625 0.15312499999999996
21 0.61796875 0.5640624999999999 0.08671874999999996 0.09218749999999998
21 0.9195312500000001 0.21875 0.09531250000000002 0.1171875
21 0.778125 0.1328125 0.07656249999999998 0.11796874999999998
