21 0.5514121350614914 0.8698848471902019 0.10768176727882683 0.12956008589207735
21 0.5775860081000287 0.820211975414201 0.1125173777924331 0.13327373134859388
21 0.6564464181002906 0.848335336342495 0.10609148485469078 0.11618917036849874
21 0.6057696525692223 0.7476499157898069 0.11104766245009623 0.12619419072080806
21 0.6919577128409434 0.8022555429412113 0.11432089245986687 0.13788215865875209
21 0.6348296482316089 0.726149233302626 0.11965720196111851 0.13788913413882709
21 0.5911531972677235 0.4051281657162068 0.08539291905965307 0.09521011330918855
21 0.6474721697048396 0.44732491821864906 0.09299408511530949 0.10898208717883873
21 0.7046510465952217 0.4274932323569525 0.08544622712047745 0.09301949125583342
21 0.6680825500386772 0.40361659749341916 0.07661647988608222 0.08475072654998311
21 0.672095117419915 0.3469847521714316 0.08386989565649172 0.09032119473475786
21 0.7592452185662525 0.41098110908577584 0.053379541752442305 0.055623471866621865
21 0.776195261504398 0.35945839006159186 0.09658018800995172 0.10219001329540056
21 0.7218930359780134 0.3052259193359586 0.0819064568065846 0.09228463358466488
21 0.7742432778348646 0.29726305203490466 0.08247441481520457 0.09705996055737165
21 0.7309245602753327 0.3578566524570821 0.07122686232400621 0.08693437312326308
21 0.5601043566149058 0.48207844492738616 0.0720543851566734 0.07542028032794268
21 0.603291051912265 0.47856408075401713 0.07442585783272715 0.08480403461080765
21 0.583591388312741 0.3643059676148264 0.0762687296008352 0.07654922086510763
