21 0.5098926229299402 0.6345762021147444 0.1079189568762216 0.0950565944165338
21 0.5085565347818519 0.5665487703682566 0.11551268431167783 0.09851599106137598
21 0.5826852524421098 0.5958313979919139 0.1156704010554449 0.10740173947421694
21 0.5925744669466267 0.5178128372560469 0.11907263207121321 0.10299467899660342
21 0.6717273319161112 0.544798614440474 0.10902433745275986 0.09294638437815012
21 0.6712686435133499 0.5863127375487509 0.08624315514639114 0.08256819444362318
21 0.7275397750617727 0.6031069651994974 0.08433404733739347 0.07744349601970357
21 0.7499483582515334 0.6481376505816906 0.0767403199019373 0.07398409937486128
21 0.7953674679490437 0.6783968656951984 0.09517160735976649 0.09976530823822649
21 0.7184694313033394 0.7214481791809494 0.1076606890177616 0.0892858855039218
21 0.6728058338908243 0.6627520857916939 0.09787066225776841 0.08500829979808056
21 0.5985627849724182 0.6651074652301672 0.09744021582700169 0.07539045161039404
21 0.6349818149989397 0.7195259729135814 0.11414903587667957 0.09485549218714773
21 0.5528860891015327 0.6847742897213915 0.0813340207803972 0.06939039849640138
