21 0.2606196553075274 0.38634799985300317 0.21658488158296363 0.2153756049382199
21 0.5265477827343759 0.8329401902895073 0.23386161566531338 0.23234637745985143
21 0.6637262570776435 0.6109968452588084 0.23716132089982733 0.2356752218906243
21 0.7781900492076497 0.6870905519978104 0.2279238563210303 0.22613179575110887
21 0.16767077598358904 0.2707598174867403 0.25264250638362573 0.2511272681781638
21 0.3624664535763153 0.20426938961172084 0.2540883846270705 0.2529956647673624
21 0.40391770022989154 0.4125467297158819 0.20143024646693275 0.20070176656046068
21 0.5381094069566237 0.4170788315824786 0.23626053699609179 0.23436648923926423
21 0.5183935307777372 0.5715118768690973 0.18501913788313984 0.18397012681782
21 0.3123231760483819 0.6969684614106935 0.2642060443025539 0.26276365408773905
21 0.32802796786470156 0.511543905960219 0.2116207541330633 0.21039690789019022
21 0.2487827830527698 0.5298354495510501 0.2237585255879595 0.22256381854134522
21 0.4513041750474611 0.71537560493822 0.26111031344185226 0.25923083528315416
21 0.5531896197500578 0.6979351172478163 0.17011218593530947 0.16904860527186027
