21 0.28203125 0.70859375 0.0859375 0.09375
21 0.4265625 0.55 0.071875 0.08984375
21 0.50234375 0.509375 0.06171875 0.08359375
21 0.48203125 0.41171875 0.0390625 0.06640625
21 0.39453125 0.4171875 0.05625 0.06640625
21 0.44609375 0.4734375 0.06796875 0.103125
21 0.35390625 0.49765625 0.07109375 0.0953125
21 0.33125 0.39296875 0.0828125 0.1015625
21 0.375 0.3109375 0.0625 0.09140625
21 0.44140625 0.3390625 0.06015625 0.0875
21 0.5359375 0.42578125 0.06171875 0.09921875
21 0.50546875 0.33359375 0.06328125 0.08203125
21 0.44140625 0.25859375 0.0734375 0.06796875
21 0.29140625 0.6078125 0.07890625 0.09765625
21 0.2234375 0.5828125 0.0609375 0.07734375
21 0.42890625 0.85703125 0.06875 0.11640625
21 0.94375 0.77890625 0.08671875 0.13984375
21 0.34296875 0.12890625 0.0796875 0.1171875
21 0.246875 0.16171875 0.09375 0.1359375
