21 0.4234375 0.82890625 0.08124999999999999 0.10312500000000002
21 0.43984375 0.6671875 0.06718750000000001 0.11328125
21 0.39140624999999996 0.58359375 0.07734374999999999 0.109375
21 0.31875 0.54765625 0.07890625000000001 0.09531249999999997
21 0.4078125 0.48359375 0.06953124999999999 0.11562499999999998
21 0.46328125 0.55078125 0.0859375 0.125
21 0.6125 0.6078124999999999 0.07578125000000002 0.12343749999999998
21 0.49921875000000004 0.34921875 0.07500000000000001 0.12265624999999997
21 0.56328125 0.38125 0.06874999999999998 0.10390625000000003
21 0.41796875 0.3578125 0.06171874999999999 0.11328125
21 0.93203125 0.47109375 0.06562500000000004 0.11484374999999997
21 0.871875 0.403125 0.06484374999999998 0.07968750000000002
21 0.77421875 0.4515625 0.08281249999999996 0.08984375
21 0.7203124999999999 0.509375 0.08046874999999998 0.10546875
21 0.2 0.7953125 0.09062499999999998 0.09765625
21 0.23515625 0.88046875 0.09453124999999998 0.1015625
21 0.31640625 0.3359375 0.08749999999999997 0.11171875000000003
21 0.64765625 0.30546875 0.07578125000000002 0.12109375
21 0.66484375 0.2296875 0.07656249999999998 0.11875000000000002
21 0.42890625000000004 0.08515625 0.06718750000000001 0.084375
21 0.32421875 0.0953125 0.07890625000000001 0.09921874999999998
21 0.3 0.18046875 0.06484374999999998 0.103125
21 0.26484375 0.26640625 0.07265624999999998 0.09999999999999998
21 0.22109375 0.1546875 0.06875000000000003 0.10312499999999998
21 0.2625 0.04453125000000001 0.06406250000000002 0.08828125
21 0.09375 0.24921875 0.07968750000000001 0.08984375
21 0.03828125 0.30546875 0.07578125 0.1015625
21 0.02734375 0.23203125 0.0546875 0.10703124999999997
21 0.04609375 0.3796875 0.09140625 0.1328125
21 0.03281250000000001 0.484375 0.06484375 0.078125
21 0.03359375 0.54453125 0.0671875 0.1328125
21 0.0375 0.6617187500000001 0.075 0.12265625000000002
21 0.12421875 0.5984375 0.084375 0.08984375
21 0.1 0.4828125 0.07265625000000002 0.09921874999999997
21 0.24375 0.5875000000000001 0.07734374999999999 0.08359375000000002
21 0.115625 0.8640625 0.08515624999999999 0.11093750000000002
21 0.07265625 0.7640625000000001 0.07578125 0.10312500000000002
21 0.5421875 0.8578125 0.07109374999999996 0.09375
21 0.48671875 0.7367187499999999 0.07265625000000003 0.11171874999999998
21 0.5562500000000001 0.68671875 0.07968750000000002 0.08437499999999998
21 0.53515625 0.60078125 0.05625000000000002 0.09531250000000002
21 0.58125 0.7679687500000001 0.07968750000000002 0.13046875000000002
21 0.6515625 0.8015625 0.06874999999999998 0.09999999999999998
21 0.7015625 0.87265625 0.08125000000000004 0.140625
21 0.98125 0.60625 0.03749999999999998 0.12890625
21 0.89140625 0.5687499999999999 0.06796875000000002 0.11562499999999998
21 0.93828125 0.3625 0.06328124999999996 0.08437499999999998
21 0.9320312499999999 0.2734375 0.04921874999999998 0.0859375
21 0.90546875 0.159375 0.06406250000000002 0.11562499999999999
21 0.8125 0.1109375 0.06562500000000004 0.0859375
21 0.7796875000000001 0.215625 0.08750000000000002 0.15781250000000002
21 0.815625 0.32265625 0.08046874999999998 0.1171875
21 0.67265625 0.09609375 0.09140625000000002 0.1171875
21 0.60078125 0.14921875 0.061718750000000044 0.09531250000000001
21 0.5453125 0.04296875 0.09296875000000004 0.0859375
21 0.7625 0.709375 0.1015625 0.109375
21 0.7406249999999999 0.60078125 0.08437499999999998 0.09765625
21 0.8390625 0.6625 0.07656249999999998 0.10546875
21 0.8031250000000001 0.55546875 0.07578125000000002 0.13437499999999997
21 0.59609375 0.878125 0.08515625000000004 0.12656250000000002
21 0.64296875 0.953125 0.08515625000000004 0.08359375000000002
21 0.303125 0.8617187500000001 0.09687499999999999 0.11484375000000002
21 0.41875 0.9437499999999999 0.09140625000000002 0.09609374999999998
21 0.18203124999999998 0.946875 0.08828125 0.09765625
21 0.459375 0.27109375 0.07890625000000001 0.1015625
21 0.378125 0.27109375 0.08046874999999998 0.09375
21 0.40703125 0.1734375 0.0546875 0.09375
21 0.3546875 0.18359375 0.06406250000000002 0.09375
21 0.4640625 0.16328125 0.06406250000000002 0.11562499999999999
21 0.509375 0.16796875 0.08359374999999997 0.12265625000000001
21 0.5578125 0.2375 0.06718749999999996 0.13124999999999998
21 0.74921875 0.35390625 0.06953125000000004 0.10703124999999997
21 0.69609375 0.40859375 0.08046874999999998 0.11171875000000003
21 0.51796875 0.4703125 0.06562500000000004 0.11328125
21 0.46640625 0.44765625 0.05703124999999998 0.09140624999999997
21 0.21875 0.4625 0.05390625000000002 0.12734375000000003
21 0.16171874999999997 0.4046875 0.060156249999999994 0.11484374999999997
21 0.19140625 0.303125 0.08281249999999998 0.09140624999999997
21 0.034375 0.11484375 0.06875 0.1171875
