21 0.259375 0.60625 0.18906249999999997 0.22109375000000003
21 0.42265624999999996 0.61328125 0.15624999999999994 0.17734375000000002
21 0.57890625 0.65390625 0.15546874999999993 0.17578125
21 0.52265625 0.47265625 0.16484375000000007 0.22421874999999997
21 0.321875 0.46875 0.16328125000000002 0.21484375
21 0.26328125 0.3203125 0.15625 0.17265624999999998
21 0.4171875 0.34375 0.16718749999999993 0.16953124999999997
21 0.17734375 0.465625 0.14375 0.15859374999999998
21 0.12109375 0.63671875 0.1609375 0.15625
21 0.0453125 0.54765625 0.08671875 0.20468749999999997
21 0.6921875 0.57578125 0.13359375000000007 0.1796875
21 0.62109375 0.25703125 0.14687499999999998 0.17734375000000002
21 0.45390625 0.12421875 0.13124999999999998 0.146875
