21 0.196875 0.21484375 0.1109375 0.13359375
21 0.2578125 0.3515625 0.09921875 0.14296875
21 0.184375 0.35078125 0.084375 0.10625
21 0.15078125 0.2171875 0.0765625 0.10625
21 0.09140625 0.2765625 0.09296875 0.12578125
21 0.090625 0.41171875 0.096875 0.13125
21 0.18828125 0.48359375 0.0953125 0.13359375
21 0.29453125 0.540625 0.09375 0.1296875
21 0.309375 0.42421875 0.0484375 0.08671875
21 0.328125 0.6546875 0.1375 0.184375
21 0.2171875 0.6453125 0.10234375 0.1375
21 0.11953125 0.6296875 0.103125 0.1484375
21 0.0421875 0.553125 0.078125 0.14921875
21 0.38046875 0.46015625 0.125 0.17265625
21 0.41328125 0.60078125 0.1125 0.15625
21 0.46484375 0.375 0.09609375 0.16015625
21 0.3234375 0.28359375 0.09140625 0.16640625
21 0.521875 0.515625 0.1453125 0.15078125
21 0.5578125 0.37578125 0.0859375 0.18046875
21 0.4734375 0.253125 0.10703125 0.146875
