21 0.5814965490684078 0.8798243220423629 0.20005201035043968 0.11959234144138486
21 0.7599841320770376 0.8596149662065136 0.16453708915799514 0.11559079057165345
21 0.6271687362015119 0.8331360109485655 0.1352555814107238 0.09569624419710543
21 0.6358811843690066 0.7799155408055723 0.1387118909066155 0.0931180785248178
21 0.5102423198664832 0.7528223541052397 0.16111962884922615 0.101445374408344
21 0.4688396119486494 0.8205774086598303 0.17553766569945561 0.123909378149479
21 0.35276052217874143 0.851519412691601 0.1502965580090388 0.12280617113177839
21 0.24495715483521646 0.791346797992641 0.14228073199955515 0.10272139478593667
21 0.19712678753659582 0.7541921367143566 0.14227202369385455 0.0913142333847865
21 0.3636619677702355 0.770215756804684 0.15136493180393634 0.1024186332175947
21 0.3702591009236561 0.7151351757231357 0.12394353499522065 0.08505469502251095
21 0.4644107200205685 0.6654882390144633 0.16215786176270192 0.10918857973090756
21 0.4153605981428794 0.6021580604236341 0.12162928170415227 0.09615038654961838
21 0.6073224236968486 0.7224858732101527 0.15161142757375412 0.08724369244651042
21 0.7580597234113186 0.7387559890702979 0.14414955124381135 0.11665916436655088
21 0.658877705213961 0.6789511100439047 0.16834371771505197 0.09861200466053788
21 0.2874329288893287 0.6685587198493252 0.14618247554225888 0.07510976800592728
21 0.13018959504276528 0.6537809792551683 0.16737916721150192 0.11977386310697791
21 0.34605221018239507 0.6370065003394896 0.11046861607281999 0.08096673747283323
21 0.8941901090583879 0.47008887333012656 0.17971202992907942 0.11534429480183561
