21 0.1691283385461942 0.4907073028556095 0.3382566770923884 0.3670775354048184
21 0.16694107337102385 0.3441388481423953 0.23716502495435582 0.24718627698753515
21 0.3380159862688321 0.5185424080718584 0.24712392931447802 0.26128093615500114
21 0.4654921627018863 0.5697766399127022 0.24072293402681683 0.2545618058821597
21 0.36823070725403884 0.7837779411714012 0.2525020310854093 0.2591828657741956
21 0.22400604590804218 0.7210243230216673 0.28493388837292954 0.2978183552727316
21 0.09302654835248114 0.7315951895313855 0.18605309670496228 0.2209421024289503
21 0.4475049985311732 0.9432378973798882 0.19549915048968547 0.11352420524022366
21 0.4136194434401296 0.9078758718865892 0.2236965714315391 0.1842482562268215
21 0.6085225812622992 0.8842789556885922 0.2476413890950933 0.23144208862281568
21 0.848455741132544 0.6045424819734915 0.3030885177349122 0.3294448107715898
21 0.8802426714801439 0.7365189463900467 0.2395146570397122 0.2726834739929356
21 0.626118942717301 0.6915506944332758 0.22998882085516636 0.23905566793280486
21 0.7745819638465435 0.8832000704048741 0.18137429834508567 0.1947359677226581
21 0.5101076517952383 0.7843499017499147 0.2069883438214416 0.22050908069160424
