21 0.60390625 0.66796875 0.13203125 0.20546875
21 0.5359375 0.5375 0.1171875 0.1546875
21 0.35390625 0.51015625 0.10078125 0.140625
21 0.42109375 0.59375 0.1046875 0.15625
21 0.3375 0.65078125 0.09453125 0.13828125
21 0.45234375 0.7515625 0.1109375 0.178125
21 0.32421875 0.95234375 0.1078125 0.0953125
21 0.27421875 0.88984375 0.1171875 0.12890625
21 0.09921875 0.91171875 0.09609375 0.13046875
21 0.0890625 0.7890625 0.10078125 0.11171875
21 0.0625 0.26640625 0.0921875 0.1421875
21 0.03515625 0.084375 0.0703125 0.1421875
21 0.26328125 0.19765625 0.08828125 0.15625
21 0.31953125 0.275 0.07890625 0.1265625
21 0.37734375 0.30234375 0.06328125 0.140625
21 0.44375 0.325 0.0828125 0.15234375
21 0.5265625 0.359375 0.09921875 0.11953125
21 0.60390625 0.33984375 0.07890625 0.109375
21 0.67265625 0.28515625 0.115625 0.14609375
21 0.7703125 0.396875 0.103125 0.1484375
21 0.778125 0.2359375 0.08828125 0.13125
21 0.81875 0.1578125 0.07734375 0.13828125
21 0.8890625 0.2015625 0.0984375 0.165625
21 0.91015625 0.053125 0.11875 0.10625
21 0.9734375 0.171875 0.053125 0.09609375
