21 0.657851643566004 0.5527604424505115 0.15043787323817281 0.16795002303349865
21 0.545754207582493 0.588716073776462 0.14505200643268046 0.15709160941696698
21 0.4615433019296648 0.5508409586519774 0.13901521267689987 0.14580117072258852
21 0.3534387951283744 0.4359953481914019 0.12406122882137938 0.13259840184660077
21 0.29567965656381356 0.3899406499230127 0.09356012083041482 0.09487353206506421
21 0.31629482081774457 0.5862952208956436 0.16285749329697785 0.16635992325604299
21 0.26228590741987284 0.5077461831161698 0.15309936770969046 0.15879081639317127
21 0.2638674786305158 0.898640544744498 0.16951632066786437 0.18352604050412502
21 0.44004262666926675 0.9572471409851734 0.1526268919625886 0.08550571802965323
21 0.3701174419205613 0.95289493566927 0.11170517409997544 0.09421012866146006
21 0.1419568802891291 0.542601526412876 0.1159965315432599 0.13416538695591051
21 0.7845165801885363 0.5980897785720825 0.14786305877220218 0.16077826924625493
21 0.7797129838038387 0.510324434956861 0.14004615670170661 0.15668269900726617
21 0.8851162329393003 0.5688276466192373 0.15413609040153364 0.16858361398267752
21 0.9575257898009467 0.3807284689369292 0.08494842039810657 0.1515041767401425
