21 0.08526766631018287 0.5138482945155693 0.17053533262036574 0.17286505155775023
21 0.22396952993677594 0.5670496544299489 0.17133674572544455 0.17116680952866914
21 0.17163025420524222 0.6185693300278308 0.13483420579436117 0.13474923769597347
21 0.05893981811314264 0.5481836181393684 0.11787963622628528 0.12920981393006603
21 0.06540953777330039 0.6321522316855382 0.13081907554660077 0.15461529887968006
21 0.1487288233815209 0.7280132237472902 0.1613748866716383 0.161241365374172
21 0.26855499723391074 0.7094539444250929 0.16193489819811385 0.16178620402593535
21 0.3839162517492082 0.6743340507290796 0.1580633707118635 0.15792378026451226
21 0.31184608586850515 0.5817238831282543 0.09564388750376929 0.09549519333159096
21 0.4884808742023353 0.7309470675763334 0.22769017396552216 0.2275080994689772
21 0.4036046578491836 0.8029959914324396 0.16966278029590265 0.16952622442349385
21 0.3236623351113274 0.8612206324733164 0.17796888136982136 0.17779287602316107
21 0.2148361098422496 0.8620719631942639 0.16089377409366556 0.16061762777390565
21 0.3874600451416774 0.5566568857343194 0.2105665134902877 0.21038140441880032
21 0.5103078005972417 0.6325547102142075 0.19011919875550876 0.18994926255873346
21 0.3865783686713057 0.43678215868285086 0.18131984680384766 0.18107101165856943
21 0.22205279851184065 0.4725895160529215 0.18244593900668366 0.1821546198122116
21 0.5265042659779682 0.49550776948842573 0.20937972978860347 0.20935848776400656
21 0.4526903394440477 0.3714139236702003 0.1885605471737788 0.1881933636057463
21 0.3062233437412808 0.3447471754832132 0.17961553562488158 0.17946077230281832
