21 0.6161712390931452 0.8045337673775903 0.18408224924509953 0.18996012977312426
21 0.5737746467701018 0.6198924352292365 0.18342482852168573 0.19266149792286724
21 0.7062564135643629 0.5823456230117392 0.19991158362614625 0.22216355991081105
21 0.6751896069789103 0.4369980465554837 0.18752911301103714 0.21104063512313576
21 0.5937532207147314 0.28051322378389204 0.1731334061339529 0.17229370891566365
21 0.5004054494637004 0.25769190166859385 0.14146861066254535 0.1549037661551731
21 0.39235271396522853 0.18344012017870442 0.1781019722966335 0.2112700124190584
21 0.3899626712948746 0.275028616918723 0.1466419696661086 0.1630160654227487
21 0.4766973293290656 0.36918943282397065 0.12674932488744362 0.14816160395381922
21 0.3926988868270368 0.3890288500922742 0.17206433161974094 0.18256054684835643
21 0.26184121884996014 0.42843733324122546 0.1792181476118928 0.1897143628405083
21 0.408745345085378 0.53895585526642 0.12664692846700232 0.1635936060717288
21 0.491760719856943 0.49243453021705025 0.1507851601381608 0.16296076980335472
21 0.5690088053392712 0.44832170558376017 0.12369979338464321 0.15938692516193576
21 0.48210833806468184 0.6700265109027259 0.1322872368807576 0.15999724508430235
21 0.5103795748982969 0.8512537585585287 0.14672184974054253 0.18030973847211207
21 0.4060337916260393 0.7534412860464607 0.1575826179589086 0.17353686510640398
21 0.32550472923595547 0.7532057820412239 0.15038989598405605 0.18481748193391478
21 0.21640543556927913 0.6480654118604754 0.14436864494385687 0.1703992587108233
21 0.1850211767951231 0.4816844308552557 0.12007065312383047 0.1364447488804706
21 0.20132151918664343 0.35042123579669515 0.13009991894225392 0.1376571939068571
21 0.28934436610358977 0.32805453205517726 0.09169296126949245 0.10554796537126487
21 0.6998194501330841 0.7230359587847035 0.1227884109102666 0.15007857050466689
