21 0.22578125 0.69296875 0.20546875 0.3046875
21 0.13984375 0.57421875 0.1484375 0.19765625
21 0.38125 0.61171875 0.146875 0.21640625
21 0.5140625 0.5765625 0.14296875 0.2109375
21 0.5640625 0.80625 0.16640625 0.19921875
21 0.4109375 0.8421875 0.1765625 0.23984375
21 0.28828125 0.946875 0.228125 0.10546875
21 0.74921875 0.921875 0.12734375 0.15625
21 0.690625 0.9 0.13046875 0.19921875
21 0.82421875 0.753125 0.15859375 0.2015625
21 0.85078125 0.36875 0.22421875 0.24375
21 0.946875 0.46171875 0.10625 0.2609375
21 0.715625 0.578125 0.1453125 0.18984375
21 0.94921875 0.64296875 0.1015625 0.1671875
21 0.678125 0.721875 0.11953125 0.1859375
