21 0.39609375 0.45078125 0.15625 0.2523437499999999
21 0.24453125 0.50625 0.15859375000000003 0.24453125000000003
21 0.54453125 0.40234375 0.18124999999999997 0.2734375
21 0.653125 0.303125 0.15781250000000002 0.2109375
21 0.45625 0.578125 0.16249999999999998 0.18984375000000003
21 0.60703125 0.55234375 0.12968749999999996 0.1875
21 0.35078125000000004 0.7124999999999999 0.1515625 0.21718749999999998
21 0.14375 0.7859375 0.19296875000000002 0.23593750000000002
21 0.27421875 0.2671875 0.14765624999999996 0.21718750000000003
21 0.06953125 0.9296875 0.13828125 0.140625
21 0.04140624999999999 0.10390625 0.06796875 0.1484375
