21 0.5125 0.76015625 0.24843750000000003 0.1640625
21 0.659375 0.63671875 0.24843749999999998 0.17734375000000002
21 0.846875 0.6929687499999999 0.20468750000000002 0.15859374999999998
21 0.38984375 0.54375 0.23593750000000002 0.14453125
21 0.60859375 0.4703125 0.17343750000000002 0.12265624999999997
21 0.74375 0.42109375 0.20703125 0.14687499999999998
21 0.834375 0.521875 0.18359375 0.13671875
21 0.15546875 0.70703125 0.22812500000000002 0.13046875000000002
21 0.04609375 0.68828125 0.0921875 0.14218750000000002
21 0.32421875 0.8335937499999999 0.20703125 0.15078124999999998
21 0.75078125 0.95234375 0.16562500000000002 0.08437499999999998
21 0.575 0.95078125 0.17812500000000003 0.09843749999999996
21 0.5390625 0.31953125 0.19140625 0.12109375
21 0.29296875 0.35 0.26171875 0.10390625000000003
21 0.38359375 0.434375 0.23281249999999998 0.09531250000000002
21 0.1921875 0.4359375 0.25625 0.12890625
21 0.19453125 0.54609375 0.15000000000000002 0.09765625
21 0.05 0.5375 0.1 0.12343750000000003
