21 0.34296875000000004 0.32421875 0.10625000000000001 0.1453125
21 0.45078125 0.28203125 0.1171875 0.13437500000000002
21 0.4171875 0.35703125 0.09375 0.10546875
21 0.50234375 0.3625 0.10624999999999996 0.12656250000000002
21 0.575 0.31640625 0.07265624999999998 0.14218749999999997
21 0.49453125 0.24296875 0.06796874999999997 0.1328125
21 0.48359375000000004 0.89375 0.07812500000000006 0.10546875
21 0.45 0.8531250000000001 0.06796875000000002 0.10312500000000002
21 0.39765625 0.8578125 0.07265624999999998 0.14375000000000004
21 0.63828125 0.8328125 0.08515625000000004 0.09921875000000002
21 0.57734375 0.8343749999999999 0.07499999999999996 0.10781249999999998
21 0.64921875 0.925 0.11796874999999996 0.14921875000000007
21 0.715625 0.884375 0.08750000000000002 0.1328125
21 0.8148437499999999 0.9273437500000001 0.10390624999999998 0.13437500000000002
21 0.353125 0.95625 0.11953125000000003 0.08671874999999996
21 0.2515625 0.89609375 0.08359374999999997 0.109375
21 0.31015625 0.86796875 0.07578124999999997 0.11093750000000002
21 0.16796875 0.9046875 0.084375 0.12109375
