21 0.5328125 0.659375 0.08828125 0.1203125
21 0.465625 0.596875 0.07890625 0.1640625
21 0.55234375 0.6015625 0.06796875 0.1359375
21 0.5203125 0.80546875 0.06484375 0.11640625
21 0.4984375 0.89453125 0.06484375 0.11796875
21 0.4765625 0.9359375 0.0640625 0.103125
21 0.4265625 0.91015625 0.0703125 0.11953125
21 0.38671875 0.93671875 0.06875 0.09921875
21 0.31484375 0.94375 0.07265625 0.11171875
21 0.2359375 0.9125 0.06796875 0.1140625
21 0.33046875 0.85390625 0.0625 0.10859375
21 0.2390625 0.81640625 0.0640625 0.096875
21 0.09140625 0.71015625 0.0609375 0.128125
21 0.0765625 0.85546875 0.078125 0.07890625
21 0.0890625 0.9328125 0.06328125 0.11796875
21 0.03515625 0.9078125 0.0703125 0.12578125
21 0.02421875 0.671875 0.0484375 0.12734375
