21 0.4234375 0.82890625 0.08125 0.103125
21 0.43984375 0.6671875 0.0671875 0.11328125
21 0.39140625 0.58359375 0.07734375 0.109375
21 0.31875 0.54765625 0.07890625 0.0953125
21 0.4078125 0.48359375 0.06953125 0.115625
21 0.46328125 0.55078125 0.0859375 0.125
21 0.6125 0.6078125 0.07578125 0.1234375
21 0.49921875 0.34921875 0.075 0.12265625
21 0.56328125 0.38125 0.06875 0.10390625
21 0.41796875 0.3578125 0.06171875 0.11328125
21 0.93203125 0.47109375 0.065625 0.11484375
21 0.871875 0.403125 0.06484375 0.0796875
21 0.77421875 0.4515625 0.0828125 0.08984375
21 0.7203125 0.509375 0.08046875 0.10546875
21 0.2 0.7953125 0.090625 0.09765625
21 0.23515625 0.88046875 0.09453125 0.1015625
21 0.31640625 0.3359375 0.0875 0.11171875
21 0.64765625 0.30546875 0.07578125 0.12109375
21 0.66484375 0.2296875 0.0765625 0.11875
21 0.42890625 0.08515625 0.0671875 0.084375
21 0.32421875 0.0953125 0.07890625 0.09921875
21 0.3 0.18046875 0.06484375 0.103125
21 0.26484375 0.26640625 0.07265625 0.1
21 0.22109375 0.1546875 0.06875 0.103125
21 0.2625 0.04453125 0.0640625 0.08828125
21 0.09375 0.24921875 0.0796875 0.08984375
21 0.03828125 0.30546875 0.07578125 0.1015625
21 0.02734375 0.23203125 0.0546875 0.10703125
21 0.04609375 0.3796875 0.09140625 0.1328125
21 0.0328125 0.484375 0.06484375 0.078125
21 0.03359375 0.54453125 0.0671875 0.1328125
21 0.0375 0.66171875 0.075 0.12265625
21 0.12421875 0.5984375 0.084375 0.08984375
21 0.1 0.4828125 0.07265625 0.09921875
21 0.24375 0.5875 0.07734375 0.08359375
21 0.115625 0.8640625 0.08515625 0.1109375
21 0.07265625 0.7640625 0.07578125 0.103125
21 0.5421875 0.8578125 0.07109375 0.09375
21 0.48671875 0.73671875 0.07265625 0.11171875
21 0.55625 0.68671875 0.0796875 0.084375
21 0.53515625 0.60078125 0.05625 0.0953125
21 0.58125 0.76796875 0.0796875 0.13046875
21 0.6515625 0.8015625 0.06875 0.1
21 0.7015625 0.87265625 0.08125 0.140625
21 0.98125 0.60625 0.0375 0.12890625
21 0.89140625 0.56875 0.06796875 0.115625
21 0.93828125 0.3625 0.06328125 0.084375
21 0.93203125 0.2734375 0.04921875 0.0859375
21 0.90546875 0.159375 0.0640625 0.115625
21 0.8125 0.1109375 0.065625 0.0859375
21 0.7796875 0.215625 0.0875 0.1578125
21 0.815625 0.32265625 0.08046875 0.1171875
21 0.67265625 0.09609375 0.09140625 0.1171875
21 0.60078125 0.14921875 0.06171875 0.0953125
21 0.5453125 0.04296875 0.09296875 0.0859375
21 0.7625 0.709375 0.1015625 0.109375
21 0.740625 0.60078125 0.084375 0.09765625
21 0.8390625 0.6625 0.0765625 0.10546875
21 0.803125 0.55546875 0.07578125 0.134375
21 0.59609375 0.878125 0.08515625 0.1265625
21 0.64296875 0.953125 0.08515625 0.08359375
21 0.303125 0.86171875 0.096875 0.11484375
21 0.41875 0.94375 0.09140625 0.09609375
21 0.18203125 0.946875 0.08828125 0.09765625
21 0.459375 0.27109375 0.07890625 0.1015625
21 0.378125 0.27109375 0.08046875 0.09375
21 0.40703125 0.1734375 0.0546875 0.09375
21 0.3546875 0.18359375 0.0640625 0.09375
21 0.4640625 0.16328125 0.0640625 0.115625
21 0.509375 0.16796875 0.08359375 0.12265625
21 0.5578125 0.2375 0.0671875 0.13125
21 0.74921875 0.35390625 0.06953125 0.10703125
21 0.69609375 0.40859375 0.08046875 0.11171875
21 0.51796875 0.4703125 0.065625 0.11328125
21 0.46640625 0.44765625 0.05703125 0.09140625
21 0.21875 0.4625 0.05390625 0.12734375
21 0.16171875 0.4046875 0.06015625 0.11484375
21 0.19140625 0.303125 0.0828125 0.09140625
21 0.034375 0.11484375 0.06875 0.1171875
