21 0.5 0.54375 0.14921875000000007 0.23906250000000007
21 0.2671875 0.49453125 0.15859375000000003 0.19999999999999996
21 0.11015624999999998 0.4734375 0.153125 0.20390625000000007
21 0.8234375 0.51171875 0.16718749999999993 0.22734375000000007
21 0.7679687500000001 0.4078125 0.15000000000000002 0.19609374999999996
21 0.9546875 0.2125 0.09062499999999996 0.17812500000000003
21 0.78984375 0.0796875 0.12421875000000004 0.159375
21 0.61796875 0.24218749999999997 0.14140625000000007 0.15781249999999997
21 0.37031250000000004 0.25546875 0.14765625 0.14687500000000003
21 0.384375 0.4625 0.08906249999999999 0.09921874999999997
21 0.25390625 0.896875 0.17031250000000003 0.20625000000000004
21 0.2078125 0.6984375 0.15703125000000004 0.20546874999999998
21 0.4484375 0.8328125 0.15781250000000002 0.21640625000000002
21 0.6078125000000001 0.74375 0.15000000000000002 0.19843750000000004
21 0.63515625 0.43437499999999996 0.13203125000000004 0.19140624999999994
21 0.89453125 0.86640625 0.17109374999999993 0.2671874999999999
21 0.96171875 0.76640625 0.07656249999999998 0.22968749999999993
21 0.94140625 0.5859375 0.1171875 0.16249999999999998
21 0.27265625 0.2265625 0.12421875000000002 0.17265624999999998
21 0.19609375 0.35234374999999996 0.13906249999999998 0.14921875
21 0.05390625 0.35078125 0.09062499999999998 0.12265625000000002
21 0.07265625 0.6453125 0.11640624999999999 0.20781250000000007
21 0.04609375 0.7859375 0.0921875 0.25859375000000007
21 0.12265625 0.8734375 0.11796875000000001 0.23828125
21 0.3734375 0.61171875 0.15703125 0.22812499999999997
