21 0.4963511061013349 0.41055391797881097 0.09205283921177781 0.14892452231822928
21 0.6381009958031119 0.42297008294012417 0.08564700073151765 0.14048755229845294
21 0.5786162745278334 0.4138715250810493 0.08516601942086188 0.14271474637381876
21 0.5798322439095369 0.3108662160718154 0.08348113780820199 0.11733333013347064
21 0.5038295004273079 0.5319833172564581 0.11036054815432889 0.14895204740513524
21 0.5866954184178321 0.6550729671105897 0.11464639885611694 0.1647476434975147
21 0.6167055483593163 0.542322475533412 0.0964980523335408 0.14185999004940097
21 0.6636697924271187 0.6317347514894567 0.09707706491212142 0.14040787108846542
21 0.7360120658077608 0.595211083894041 0.09772658367172071 0.12142311829940888
21 0.7204613014468051 0.4940224938305363 0.10664453500215287 0.1256017627043033
21 0.7521104378561061 0.38699162185814484 0.08388243790887018 0.12653620023870865
21 0.6727552954529394 0.2485965322512583 0.08017559978566269 0.10928848518539375
21 0.7769437535322874 0.5019538515034815 0.07149041110695498 0.13107026959942786
21 0.7725869037727031 0.2998094340281964 0.0848352255012127 0.11597924244045993
