21 0.934375 0.75234375 0.09218749999999998 0.1328125
21 0.83828125 0.7484374999999999 0.08515625000000004 0.10781249999999998
21 0.8101562500000001 0.7054687499999999 0.05234375000000002 0.06484374999999998
21 0.79296875 0.66875 0.05625000000000002 0.06640625
21 0.7515624999999999 0.7007812499999999 0.06093749999999998 0.08046874999999998
21 0.74140625 0.75078125 0.05234375000000002 0.07421875
21 0.66640625 0.76171875 0.0703125 0.0859375
21 0.6890625 0.70390625 0.051562499999999956 0.08984375
21 0.6968749999999999 0.675 0.04531249999999998 0.07421875
21 0.71015625 0.6343750000000001 0.05703124999999998 0.07578125000000002
21 0.6429687499999999 0.62265625 0.05703124999999998 0.0859375
21 0.6078125000000001 0.6656249999999999 0.06015625000000002 0.09999999999999998
21 0.6328125 0.72734375 0.046875 0.08750000000000002
21 0.5765624999999999 0.7703125 0.07265624999999998 0.11328125
21 0.4890625 0.6851562499999999 0.06874999999999998 0.11171874999999998
21 0.50234375 0.60859375 0.07187499999999997 0.08437499999999998
21 0.5726562500000001 0.6382812499999999 0.06406250000000002 0.09609374999999998
21 0.54375 0.5601562499999999 0.046093750000000044 0.06484374999999998
21 0.5601562499999999 0.44765625 0.07265624999999998 0.08046875000000003
21 0.45859375 0.415625 0.05937500000000001 0.07187499999999997
21 0.4515625 0.5484374999999999 0.0703125 0.08828124999999998
21 0.4234375 0.65546875 0.06953124999999999 0.10312500000000002
21 0.44218749999999996 0.7671874999999999 0.06171874999999999 0.09609374999999998
21 0.38984375 0.8031249999999999 0.07187500000000002 0.07265624999999998
21 0.36406250000000007 0.7015625 0.06718750000000001 0.08984375
21 0.33828125 0.64453125 0.06562499999999999 0.09921875000000002
21 0.33203125 0.7875000000000001 0.07890625000000001 0.11093750000000002
