21 0.20156250000000003 0.903125 0.10703125000000002 0.13984374999999993
21 0.3140625 0.93515625 0.11171875000000003 0.12968749999999996
21 0.43046875000000007 0.9125 0.13203125 0.12968749999999996
21 0.34609375 0.8703125 0.109375 0.10078125000000004
21 0.25078125 0.8421875 0.09999999999999998 0.078125
21 0.2640625 0.78515625 0.10390625000000003 0.10546875
21 0.33281250000000007 0.82109375 0.06718750000000001 0.06328124999999996
21 0.528125 0.54375 0.12031250000000004 0.09609375000000003
21 0.5999999999999999 0.4625 0.09609374999999998 0.10859375000000004
21 0.65703125 0.55859375 0.09999999999999998 0.1328125
21 0.49375 0.4984375 0.10078125000000004 0.07578124999999997
21 0.65703125 0.4390625 0.0703125 0.10859374999999999
