21 0.5734375 0.31875 0.14687499999999998 0.16015625
21 0.43515625 0.3109375 0.15234375 0.15234375
21 0.33671875 0.38671875 0.06796875000000002 0.11406250000000001
21 0.31953125 0.55 0.13124999999999998 0.15390624999999997
21 0.29453125 0.6671875 0.11562500000000003 0.11484375000000002
21 0.75390625 0.64921875 0.16249999999999998 0.22578124999999993
21 0.52734375 0.76796875 0.16484375000000007 0.19218749999999996
21 0.384375 0.7476562500000001 0.13515625000000003 0.20859375000000002
21 0.20859374999999997 0.575 0.11953124999999998 0.16015625
21 0.2 0.428125 0.13124999999999998 0.1375
21 0.28984375 0.36015625 0.09921875000000002 0.11875000000000002
21 0.66796875 0.5265625 0.14921875000000007 0.13359375000000007
21 0.6421875 0.70625 0.12187499999999996 0.17343750000000002
21 0.4765625 0.59609375 0.16562499999999997 0.15703124999999996
21 0.7578125 0.47734375 0.14296874999999998 0.15703125000000007
21 0.6640625 0.409375 0.10078125000000004 0.12890625
21 0.43203125 0.45312500000000006 0.16640625000000003 0.16484375000000007
21 0.55703125 0.21640625 0.125 0.11640624999999999
21 0.66015625 0.29375 0.08828124999999998 0.12265625000000002
21 0.38515625 0.23593750000000002 0.11953125000000003 0.08984375000000003
