21 0.15859375 0.65 0.05546875000000001 0.16718750000000004
21 0.21171875 0.68125 0.05156249999999998 0.14531249999999996
21 0.13125 0.58203125 0.06171874999999999 0.13671875
21 0.2703125 0.8296874999999999 0.04921874999999998 0.13906249999999998
21 0.32265625 0.79921875 0.05156250000000001 0.12968749999999996
21 0.36953125 0.74296875 0.0625 0.13671875
21 0.39375000000000004 0.8414062499999999 0.06718750000000001 0.13906249999999998
21 0.46171875 0.8343749999999999 0.07187500000000002 0.10781249999999998
21 0.42109375 0.7132812499999999 0.0625 0.14296874999999998
21 0.47734374999999996 0.725 0.062499999999999944 0.14531249999999996
21 0.503125 0.81796875 0.053906250000000044 0.13203125000000004
21 0.559375 0.8265624999999999 0.06874999999999998 0.12343749999999998
21 0.6546875 0.48203125 0.06562500000000004 0.17421875000000003
21 0.5828125 0.5125 0.06484374999999998 0.16093750000000007
21 0.52734375 0.490625 0.051562499999999956 0.15234375
21 0.55 0.62734375 0.055468749999999956 0.15625
21 0.6031250000000001 0.64140625 0.06796875000000002 0.171875
21 0.6671875 0.7007812499999999 0.06484374999999998 0.15859374999999998
21 0.69453125 0.81875 0.0625 0.1171875
21 0.715625 0.68125 0.050000000000000044 0.13671875
21 0.721875 0.525 0.04921874999999998 0.19375000000000003
21 0.7703125 0.6765625 0.0625 0.19374999999999998
21 0.80234375 0.5765625 0.0546875 0.18281250000000004
21 0.8296875 0.47265625 0.047656249999999956 0.1875
21 0.81171875 0.7328125 0.050000000000000044 0.16093749999999996
21 0.8 0.87890625 0.03749999999999998 0.10390624999999998
21 0.4859375 0.46406250000000004 0.038281250000000044 0.15625000000000006
21 0.4390625 0.45859375 0.06328125000000001 0.12812500000000004
21 0.36484375 0.56875 0.07734374999999999 0.14999999999999997
21 0.35703125 0.43515625 0.06796874999999997 0.12109375
