21 0.5 0.54375 0.14921875 0.2390625
21 0.2671875 0.49453125 0.15859375 0.2
21 0.11015625 0.4734375 0.153125 0.20390625
21 0.8234375 0.51171875 0.1671875 0.22734375
21 0.76796875 0.4078125 0.15 0.19609375
21 0.9546875 0.2125 0.090625 0.178125
21 0.78984375 0.0796875 0.12421875 0.159375
21 0.61796875 0.2421875 0.14140625 0.1578125
21 0.3703125 0.25546875 0.14765625 0.146875
21 0.384375 0.4625 0.0890625 0.09921875
21 0.25390625 0.896875 0.1703125 0.20625
21 0.2078125 0.6984375 0.15703125 0.20546875
21 0.4484375 0.8328125 0.1578125 0.21640625
21 0.6078125 0.74375 0.15 0.1984375
21 0.63515625 0.434375 0.13203125 0.19140625
21 0.89453125 0.86640625 0.17109375 0.2671875
21 0.96171875 0.76640625 0.0765625 0.2296875
21 0.94140625 0.5859375 0.1171875 0.1625
21 0.27265625 0.2265625 0.12421875 0.17265625
21 0.19609375 0.35234375 0.1390625 0.14921875
21 0.05390625 0.35078125 0.090625 0.12265625
21 0.07265625 0.6453125 0.11640625 0.2078125
21 0.04609375 0.7859375 0.0921875 0.25859375
21 0.12265625 0.8734375 0.11796875 0.23828125
21 0.3734375 0.61171875 0.15703125 0.228125
