21 0.3653984474794931 0.528696029309501 0.13252839515521303 0.16138351371032994
21 0.3722934239805047 0.6074052097162395 0.08351600686302779 0.08793260664187219
21 0.41359873114007484 0.6279964348759661 0.06206103555574621 0.0753108348922793
21 0.4439410423009016 0.6799457266810001 0.10082674578860279 0.10789330543475384
21 0.47100994713626665 0.6152126586698285 0.08204380693674634 0.08940480656815375
21 0.42022842015263895 0.5335395046023135 0.08906872018656492 0.10261295950835453
21 0.4767588149729667 0.5508893911443161 0.09015569099521087 0.10046109047918117
21 0.457244565502267 0.4784346657521252 0.12561634362589236 0.14593270260857671
21 0.4469512434867964 0.4016516309335644 0.10107704059762185 0.11403239994889885
21 0.5055597932322273 0.3513706935679746 0.08213459606912554 0.09037891565630185
21 0.5132227291886052 0.4045002440939386 0.05922699864377634 0.062171398496339236
21 0.4928351548817555 0.4429960857095623 0.06040475858480143 0.06099363855531409
21 0.5181915601014391 0.479811078986218 0.082112523481007 0.09359568290600245
21 0.5456040476581073 0.455293848546066 0.07554155589308453 0.08525807540654229
21 0.5599899605393331 0.44265000420835454 0.06969690136419593 0.08471334061226687
21 0.5832336443462713 0.4186995811505967 0.07037657046708767 0.08509856972990243
21 0.551735645832538 0.36471128203688713 0.07418221768730093 0.08448761717127118
21 0.5987065280361431 0.40005157660735663 0.05313204930586868 0.05548756918791897
21 0.6060871014757644 0.34019155281683044 0.07058022131996489 0.08383002065649803
21 0.5643724102615593 0.5470296036282467 0.07477109765781353 0.08389873720075869
21 0.5208931614846972 0.5384466988795769 0.0785325997017895 0.08972131914152864
21 0.530506814397276 0.6156149628157734 0.08992996755421523 0.10494640680228617
21 0.6103766797167305 0.6646369297965535 0.08544215245120546 0.09133095215633136
21 0.5275207681483806 0.6658001134891743 0.08879635278942732 0.09969063224391017
21 0.5024883718417861 0.7024385260608811 0.09355403650966992 0.10238723606735878
21 0.6524524451115716 0.6865874931620639 0.06516494108494886 0.07753142046571326
21 0.7024560175202141 0.6860844047641211 0.08879635278942732 0.09969063224391017
21 0.6913726634612587 0.6411796000171195 0.07204992246634156 0.06851664264326607
21 0.7077925860913505 0.5735021321533851 0.07341175945202982 0.08312827896548758
21 0.7051817738404715 0.5166110795834452 0.07400063942254242 0.08253939899497498
21 0.655021194535094 0.5342654012303233 0.059455220864676805 0.07152726026018486
