21 0.93515625 0.7640624999999999 0.0859375 0.12343749999999998
21 0.84453125 0.76953125 0.07578125000000002 0.10703125000000002
21 0.81171875 0.715625 0.059374999999999956 0.07421875
21 0.79375 0.6781250000000001 0.03281250000000002 0.06015625000000002
21 0.753125 0.703125 0.06484374999999998 0.06796875000000002
21 0.7390625 0.7484375 0.07109374999999996 0.109375
21 0.68203125 0.7890625 0.08125000000000004 0.1015625
21 0.690625 0.709375 0.047656249999999956 0.07421875
21 0.6953125 0.68828125 0.06406250000000002 0.10312500000000002
21 0.70703125 0.64453125 0.05312499999999998 0.0625
21 0.6390624999999999 0.6203125 0.06484374999999998 0.08750000000000002
21 0.59609375 0.6578124999999999 0.07499999999999996 0.09218749999999998
21 0.63046875 0.72265625 0.053906250000000044 0.0859375
21 0.5734375 0.753125 0.07343750000000004 0.11562499999999998
21 0.4953125 0.684375 0.07656249999999998 0.11093750000000002
21 0.5328125000000001 0.72265625 0.05625000000000002 0.10390624999999998
21 0.44453125 0.7679687499999999 0.05703124999999998 0.11171874999999998
21 0.38515625 0.803125 0.06875000000000003 0.11328125
21 0.3609375 0.6968750000000001 0.05703124999999998 0.09140625000000002
21 0.3203125 0.78046875 0.06562499999999999 0.11328125
21 0.3296875 0.6343749999999999 0.07968749999999997 0.08828124999999998
21 0.4125 0.6578125 0.06875000000000003 0.11328125
21 0.45234375 0.55078125 0.0625 0.09140625000000002
21 0.54609375 0.5671875 0.06796875000000002 0.09531250000000002
21 0.50390625 0.60234375 0.07578124999999997 0.09531250000000002
21 0.55859375 0.45 0.057812500000000044 0.09765625
21 0.4625 0.42109375 0.07499999999999996 0.09218749999999998
21 0.5796875 0.49453125 0.051562499999999956 0.08359374999999997
