21 0.909375 0.55078125 0.16796875 0.12265625
21 0.58125 0.38671875 0.2046875 0.1171875
21 0.45390625 0.46171875 0.1734375 0.10546875
21 0.69921875 0.4859375 0.1546875 0.103125
21 0.859375 0.428125 0.17734375 0.13515625
21 0.765625 0.584375 0.12265625 0.09921875
21 0.60390625 0.58203125 0.1859375 0.1640625
21 0.4171875 0.596875 0.1640625 0.134375
21 0.29140625 0.5921875 0.12109375 0.11875
21 0.13125 0.9015625 0.23671875 0.1234375
21 0.096875 0.7625 0.19375 0.134375
21 0.784375 0.371875 0.2125 0.1078125
