21 0.25859375 0.621875 0.12187499999999998 0.12265625000000002
21 0.4140625 0.6296875 0.09687499999999999 0.12031250000000004
21 0.453125 0.434375 0.10078125000000004 0.13750000000000007
21 0.52109375 0.64765625 0.07734375000000004 0.12421875000000004
21 0.5718749999999999 0.77578125 0.10390624999999998 0.1328125
21 0.6273437499999999 0.92578125 0.09218749999999998 0.11328125
21 0.6140625 0.4015625 0.08046874999999998 0.13437500000000002
21 0.79375 0.34765625 0.09843749999999996 0.1171875
21 0.7828125 0.16953125 0.07734375000000004 0.11484374999999998
21 0.8499999999999999 0.140625 0.09609374999999998 0.11484375000000001
21 0.5265625 0.13984375 0.10468750000000004 0.10312500000000001
21 0.36953125 0.37421875 0.09687499999999999 0.11484375000000002
21 0.6624999999999999 0.30625 0.08437499999999998 0.09375
21 0.70625 0.40234375 0.09921875000000002 0.11953125000000003
