21 0.3671875 0.28984375 0.11249999999999999 0.14296874999999998
21 0.43515625 0.35234375 0.11953125000000003 0.10390624999999998
21 0.5375 0.37265625 0.12187499999999996 0.08203125
21 0.53125 0.303125 0.10234374999999996 0.125
21 0.61796875 0.3171875 0.11406249999999996 0.11328125
21 0.6343749999999999 0.25234375 0.13906249999999998 0.1640625
21 0.6484375 0.37109375 0.109375 0.06875000000000003
21 0.80546875 0.3234375 0.109375 0.13437500000000002
21 0.721875 0.88828125 0.09843749999999996 0.1796875
21 0.621875 0.8671875 0.09687500000000004 0.20156249999999998
21 0.8125 0.86171875 0.09375 0.17265624999999996
21 0.88125 0.8499999999999999 0.109375 0.20156249999999998
