21 0.909375 0.55078125 0.16796875 0.12265624999999997
21 0.58125 0.38671875 0.20468749999999997 0.1171875
21 0.45390625 0.46171874999999996 0.17343750000000002 0.10546874999999994
21 0.69921875 0.4859375 0.15468749999999998 0.10312499999999997
21 0.859375 0.428125 0.17734375000000002 0.13515625000000003
21 0.765625 0.5843750000000001 0.12265625000000002 0.09921875000000002
21 0.6039062499999999 0.58203125 0.18593749999999998 0.1640625
21 0.4171875 0.596875 0.1640625 0.13437500000000002
21 0.29140625 0.5921875000000001 0.12109375 0.11875000000000002
21 0.13125 0.9015625 0.23671875000000003 0.12343749999999998
21 0.096875 0.7625 0.19375 0.13437500000000002
21 0.784375 0.371875 0.21250000000000002 0.10781249999999998
