21 0.1421875 0.840625 0.1015625 0.17265625
21 0.259375 0.896875 0.11015625 0.1359375
21 0.25625 0.7546875 0.11484375 0.15
21 0.22421875 0.653125 0.0921875 0.109375
21 0.17890625 0.54375 0.11015625 0.13203125
21 0.1125 0.65546875 0.115625 0.11875
21 0.0453125 0.56953125 0.090625 0.13828125
21 0.1046875 0.44921875 0.07890625 0.11953125
21 0.18125 0.37890625 0.0765625 0.10625
21 0.2234375 0.47890625 0.0921875 0.15390625
21 0.27265625 0.375 0.084375 0.15390625
21 0.34453125 0.4734375 0.0859375 0.1171875
21 0.42421875 0.51171875 0.0828125 0.1359375
21 0.4859375 0.66640625 0.1015625 0.14375
21 0.3640625 0.65859375 0.10625 0.178125
21 0.47265625 0.75234375 0.0984375 0.15
21 0.55703125 0.63359375 0.1421875 0.1453125
21 0.5890625 0.60390625 0.08671875 0.1328125
21 0.5890625 0.49140625 0.08125 0.1453125
21 0.50859375 0.4640625 0.08046875 0.13828125
21 0.47578125 0.34765625 0.07734375 0.1078125
21 0.39921875 0.31953125 0.078125 0.1
21 0.3265625 0.31171875 0.08046875 0.09140625
21 0.34140625 0.209375 0.075 0.11328125
21 0.26015625 0.19296875 0.078125 0.0828125
21 0.24296875 0.265625 0.0625 0.0890625
21 0.128125 0.303125 0.08515625 0.0796875
21 0.134375 0.22109375 0.0828125 0.0734375
21 0.29609375 0.103125 0.07734375 0.08359375
21 0.23359375 0.0875 0.07734375 0.1078125
21 0.36015625 0.05703125 0.07578125 0.090625
21 0.40859375 0.16328125 0.0734375 0.10078125
21 0.4453125 0.240625 0.08125 0.14375
21 0.5140625 0.2109375 0.0828125 0.11875
21 0.47578125 0.11171875 0.10234375 0.1359375
21 0.5796875 0.29375 0.09140625 0.13828125
21 0.621875 0.36328125 0.0703125 0.125
21 0.5796875 0.46484375 0.08515625 0.115625
21 0.70625 0.63125 0.09375 0.1453125
21 0.7484375 0.5171875 0.08359375 0.14609375
21 0.7171875 0.44453125 0.08046875 0.1171875
21 0.8265625 0.4875 0.0734375 0.09453125
21 0.78515625 0.35390625 0.08046875 0.10078125
21 0.73671875 0.3171875 0.05703125 0.11015625
21 0.68125 0.29765625 0.08046875 0.12109375
21 0.64921875 0.2078125 0.0828125 0.11953125
21 0.696875 0.74296875 0.07578125 0.13203125
21 0.61171875 0.7203125 0.0671875 0.08359375
21 0.57421875 0.76796875 0.07890625 0.11015625
21 0.42421875 0.88046875 0.1171875 0.1515625
21 0.32734375 0.80703125 0.08515625 0.16796875
21 0.8015625 0.81796875 0.05546875 0.11171875
21 0.8890625 0.76484375 0.07265625 0.125
21 0.83828125 0.60625 0.07890625 0.13203125
21 0.91953125 0.559375 0.06875 0.13984375
21 0.9515625 0.44921875 0.0609375 0.1078125
21 0.92890625 0.3640625 0.06484375 0.10234375
21 0.95390625 0.259375 0.06328125 0.14921875
21 0.865625 0.39140625 0.090625 0.109375
21 0.8203125 0.290625 0.0640625 0.08671875
21 0.8546875 0.221875 0.0609375 0.10078125
