21 0.559375 0.38671875 0.09218749999999998 0.10234375000000001
21 0.50390625 0.3359375 0.08749999999999997 0.09531249999999997
21 0.46875 0.38593749999999993 0.08359374999999997 0.08515624999999999
21 0.4703125 0.45781250000000007 0.09296875000000004 0.10234375000000001
21 0.39140625 0.46640625 0.07656249999999998 0.08828125000000003
21 0.39296875 0.39375000000000004 0.06093749999999998 0.08281250000000001
21 0.34687499999999993 0.4140625 0.06171874999999999 0.0703125
21 0.5562499999999999 0.4703125 0.06484374999999998 0.07109374999999996
21 0.6156249999999999 0.428125 0.07265624999999998 0.08906249999999999
21 0.684375 0.46015625000000004 0.0546875 0.07890625000000001
21 0.6609375 0.38125 0.0625 0.08437500000000003
