21 0.6421875000000001 0.44765625 0.11093750000000002 0.171875
21 0.59296875 0.30859375 0.11093750000000002 0.1875
21 0.4109375 0.36796875 0.13515624999999998 0.14687499999999998
21 0.51484375 0.6328125 0.10234374999999996 0.23671874999999998
21 0.62734375 0.65234375 0.109375 0.1953125
21 0.71171875 0.57578125 0.1171875 0.16171874999999997
21 0.83125 0.68828125 0.11640625000000004 0.20937499999999998
21 0.91328125 0.70234375 0.06796875000000002 0.21484375
21 0.73359375 0.83671875 0.08906250000000004 0.18125000000000002
21 0.52578125 0.840625 0.06796874999999997 0.12890625
21 0.6046875 0.8453124999999999 0.0546875 0.13515624999999998
21 0.7250000000000001 0.6859375 0.09531250000000002 0.1171875
21 0.35390625 0.48671875 0.12265624999999997 0.1484375
21 0.45 0.2203125 0.11562499999999998 0.13828124999999997
21 0.3109375 0.6625 0.0546875 0.10546875
21 0.26796875 0.52734375 0.06015625000000002 0.13515625000000003
