21 0.050666695796078465 0.5339001321030573 0.10133339159215693 0.19774138689497728
21 0.07362505617526216 0.6519923342490537 0.14725011235052432 0.17495607972803917
21 0.14980402899306972 0.5405285954205581 0.18414321088890329 0.1887741533935191
21 0.18995751761650573 0.44189472834550064 0.1407745994794985 0.14303861581508837
21 0.22487154421130484 0.3287703541894963 0.1690672017530639 0.1719486770892692
21 0.10245009006473316 0.3724035606412789 0.16480186364393457 0.16521350297767817
21 0.10556554105287899 0.2633636228769879 0.15801875411375915 0.16429625395334935
21 0.22805794808716356 0.2086269943710491 0.13703084953381583 0.142382160872483
21 0.33187440229567916 0.20335367491636208 0.12675070614714679 0.13066127981771125
21 0.30053730192168104 0.3072659999620464 0.1691931290556284 0.1773230058970649
21 0.4047404775144845 0.25867904351280624 0.16317832377808866 0.17233729895388422
21 0.3972567785837735 0.38033409388706924 0.14094846220064738 0.14506485553808357
21 0.43417782839309355 0.46066085056745687 0.1505082367532652 0.15750610542690663
21 0.3829777926106799 0.6191410799138712 0.16992947636254124 0.17548660736808008
21 0.2941325372242407 0.5353492463227127 0.19547547007906008 0.20494317475516333
21 0.3179098472638747 0.6768282361634013 0.1715121198060699 0.17830416881283961
21 0.45865248979765033 0.6392488309311486 0.20220360519438396 0.20261524452812762
21 0.50225887781965 0.6368339693435384 0.15152135661476274 0.15759303678748116
21 0.5740530578014519 0.5502207733469661 0.15528812402957404 0.1637267303713183
21 0.5295505377439249 0.47781617336081594 0.1501995072529575 0.15781483492721443
21 0.5785753890316501 0.36725560556411496 0.12834932806353694 0.1323628115675372
21 0.5375788423072112 0.2967423785218012 0.12396510164811009 0.1268465769843155
21 0.4866268601692723 0.24436049867268106 0.12028526559387342 0.12172600326197602
21 0.5633677511522648 0.1750393927289538 0.13003488134050145 0.13507746317886082
21 0.5112837608465308 0.11055694943704114 0.11299654637311274 0.11361400537372812
21 0.4516841146643631 0.15552608324316328 0.10495550137257775 0.10845443570939856
21 0.3393350837572617 0.11110725651059794 0.11641558834562615 0.1156952195115748
21 0.3964968508826906 0.05331709912713484 0.11062258120781965 0.10663419825426967
21 0.5962874949697916 0.0643209406839653 0.11289363653967677 0.11371691520716393
21 0.558140466635835 0.03929354018360448 0.12834932806353688 0.07858708036720896
21 0.6750245692103836 0.0697163864805625 0.11617781173303143 0.11813309856831367
21 0.6445107475038725 0.18242912130282316 0.12085478917590442 0.12445663334616114
21 0.6234218335708206 0.26540851618341577 0.15429098264093788 0.1625237693158103
21 0.6952978063972568 0.2864264772287548 0.13953968147826756 0.14427353381631924
21 0.7291437387157069 0.1856084861824148 0.1655452499471145 0.16997037278485844
21 0.6929736771308754 0.3920633514933939 0.1586202346415132 0.16479482464766743
21 0.681080833835282 0.4725179359566732 0.1339045585887486 0.14110824692926205
21 0.5837866950752184 0.5237875870715142 0.13934984028425734 0.14336332378825767
21 0.5750309826816137 0.7326713919626378 0.1649118124736375 0.1717038614804074
21 0.6803022525507663 0.6717780524037332 0.15759113630715404 0.16582392298202642
21 0.7026101060121877 0.5958975355498908 0.13673809850636964 0.14157486067785718
21 0.7593959917102502 0.698778861780889 0.1168662236213599 0.11964478912412935
21 0.8127731124676794 0.5695014447361018 0.12626811392569015 0.12894376959502374
21 0.798914142379882 0.5103204768839449 0.1142065464248877 0.1212044150985293
21 0.7686732922673016 0.45988494439351263 0.13923095197795998 0.14458226331662705
21 0.8013482204759665 0.37027328523476477 0.1400382521725857 0.14487501434407318
21 0.4965176070610823 0.812700259099639 0.142602058531889 0.15001156653927417
21 0.44541477967112286 0.7409131181141045 0.10507438967887511 0.10723549618102912
21 0.38613090198553 0.7536720369798295 0.131048001201999 0.1351643945394353
21 0.19885246067496515 0.7445596596673327 0.18694479386080143 0.19147282653198117
21 0.1711345204993708 0.6261977239630186 0.17275407680356786 0.18366251914777387
21 0.5292532111255801 0.9372508628026418 0.11400072675801587 0.12141023476540114
21 0.6305218374476538 0.9404440625864436 0.1357090001720106 0.11911187482711283
21 0.6926354540902135 0.797682462414264 0.14500798064290488 0.15200584931654648
21 0.7851036706357108 0.8134449829581047 0.14217444072528396 0.15153923556795135
21 0.8800628401724713 0.7490776270118352 0.11571823698070338 0.12189282698685777
21 0.9169641105482756 0.6690576993514281 0.11523564475924686 0.12017531676417026
21 0.9655232488968062 0.6044135708505738 0.06895350220638752 0.15526700704077245
21 0.8507942134990714 0.6497252915830536 0.13957163842399056 0.14204147442645232
21 0.8802239624563717 0.543217203232343 0.1046627503451315 0.10764713551477267
21 0.947473888205808 0.5122240273399883 0.10505222358838384 0.11647950223707204
