19 0.4625 0.325 0.20078124999999997 0.28984375000000007
19 0.6765625 0.36953125 0.18046875000000007 0.17578125
19 0.24375 0.41640625 0.17734374999999997 0.25468749999999996
19 0.58203125 0.484375 0.17812500000000003 0.26718749999999997
19 0.371875 0.4953125 0.15625 0.21250000000000002
19 0.75546875 0.5171875 0.171875 0.23203124999999997
19 0.428125 0.6046875 0.18124999999999997 0.21953125000000007
19 0.11171875 0.6617187500000001 0.18124999999999997 0.22421875000000002
19 0.890625 0.66484375 0.13828125000000002 0.27421875000000007
19 0.81171875 0.71015625 0.16875000000000007 0.2828125
19 0.290625 0.7390625 0.15859375000000003 0.23125000000000007
19 0.11875 0.74296875 0.15859375000000003 0.23906250000000007
19 0.49375 0.75625 0.17265624999999996 0.22265625
19 0.675 0.76171875 0.17734375000000002 0.26953125
19 0.3328125 0.79921875 0.17812499999999998 0.2734375
