21 0.49687499999999996 0.5296875 0.07734374999999999 0.14687500000000003
21 0.4515625 0.43671875000000004 0.08124999999999999 0.12187500000000001
21 0.40234375 0.44609375000000007 0.0546875 0.09843750000000001
21 0.44296875 0.5484375 0.04921874999999998 0.08515625000000004
21 0.35390625 0.4921875 0.07187499999999997 0.07734375000000004
21 0.25078125 0.57421875 0.07734375000000002 0.13906249999999998
21 0.3734375 0.5953125 0.078125 0.15312499999999996
21 0.45 0.6328125 0.08359375000000002 0.13359375000000007
21 0.52265625 0.68046875 0.06718749999999996 0.08515625000000004
21 0.59140625 0.60390625 0.08281249999999996 0.13359374999999996
21 0.70078125 0.66796875 0.09062499999999996 0.14531250000000007
21 0.6304687500000001 0.73515625 0.06406250000000002 0.11796874999999996
21 0.5671875 0.746875 0.08437499999999998 0.12343749999999998
21 0.48359374999999993 0.76171875 0.08124999999999999 0.11953124999999998
21 0.3984375 0.74765625 0.07968749999999997 0.13984375000000004
21 0.33828125 0.7 0.06015625000000002 0.12421875000000004
21 0.31875 0.61640625 0.04999999999999999 0.11406249999999996
21 0.6460937499999999 0.559375 0.08437499999999998 0.11562499999999998
21 0.71875 0.58359375 0.07109374999999996 0.13203125000000004
21 0.64765625 0.509375 0.09687500000000004 0.12734375000000003
21 0.5445312499999999 0.48984375 0.06484374999999998 0.10234374999999996
