21 0.6421875 0.44765625 0.1109375 0.171875
21 0.59296875 0.30859375 0.1109375 0.1875
21 0.4109375 0.36796875 0.13515625 0.146875
21 0.51484375 0.6328125 0.10234375 0.23671875
21 0.62734375 0.65234375 0.109375 0.1953125
21 0.71171875 0.57578125 0.1171875 0.16171875
21 0.83125 0.68828125 0.11640625 0.209375
21 0.91328125 0.70234375 0.06796875 0.21484375
21 0.73359375 0.83671875 0.0890625 0.18125
21 0.52578125 0.840625 0.06796875 0.12890625
21 0.6046875 0.8453125 0.0546875 0.13515625
21 0.725 0.6859375 0.0953125 0.1171875
21 0.35390625 0.48671875 0.12265625 0.1484375
21 0.45 0.2203125 0.115625 0.13828125
21 0.3109375 0.6625 0.0546875 0.10546875
21 0.26796875 0.52734375 0.06015625 0.13515625
