21 0.9084262947279116 0.6807376861335004 0.06790639405348264 0.09610051944630005
21 0.9115735741657154 0.5853203160431815 0.06293505519787379 0.08427115008973585
21 0.8541232673512706 0.5367042204890735 0.06771624237651208 0.08829033387937885
21 0.7395291513998776 0.8372386567495147 0.053752984194539 0.09185315364429247
21 0.6789519769964387 0.8527801738503434 0.07379185763966267 0.1134160338674064
21 0.6752630344632097 0.7012625738520709 0.08080200948219485 0.11280615181998788
21 0.49289058227564425 0.5931693902587278 0.05569672134297721 0.07550880945684901
21 0.5150485194218181 0.5082299159373692 0.04870558466814212 0.07689971006095964
21 0.4740566478009991 0.46155755753169947 0.061506124258369044 0.08970024965118667
21 0.4222988595335383 0.48626213046816613 0.06003916298347012 0.09356731209925323
21 0.41924665593421967 0.5855845933419457 0.06266884285011509 0.07333689029604618
21 0.35468832807653194 0.5980971120544911 0.07813709264238122 0.06746904519645036
21 0.37994992760066437 0.5443413344977266 0.06184979395802892 0.07175583801496477
21 0.1972625976489257 0.2307261794881718 0.05192333805228305 0.11288360917188867
21 0.21516478890641513 0.3240681029372859 0.06331675523292785 0.06788877556689832
21 0.22809703798940864 0.3737680630501261 0.06114483607212501 0.07486089707403631
21 0.16388377651249356 0.3362573637989814 0.05939264728177024 0.06701268117172088
21 0.4606123858712977 0.3587293203960975 0.07442075485477845 0.10718690058156638
21 0.41418722464568963 0.40987443325391415 0.04666816836233145 0.05733621580826248
21 0.37122980734651 0.4429610434693265 0.0697536586823227 0.10785382813207617
21 0.3891023483552819 0.34249627385261083 0.05876375006665452 0.07324181445756084
21 0.3609314281734997 0.2767562122354801 0.07971814492346252 0.06828809408853648
21 0.3231721350611805 0.3628570084674717 0.06162021526455147 0.0943863609913394
21 0.31031035992452405 0.44444422654969706 0.06501050183907875 0.10539668145581743
21 0.24308571854591 0.44373647530156757 0.07043960140052952 0.10396775051631263
21 0.197040860674243 0.5105019592932267 0.05834401969620645 0.0880621518670141
21 0.2574441052061828 0.5520128271663174 0.07152486264037461 0.1164830625910836
21 0.3130295289052032 0.5561298801566711 0.06767681536000514 0.11873104242267479
21 0.2677226108982651 0.3001255333898143 0.06643943277858361 0.09996758189436666
21 0.2921285278760299 0.21122392078190405 0.07419117616130089 0.1298174235579409
21 0.1766244772374037 0.41018791433697466 0.06221108214427307 0.08659519059211518
21 0.08031479094643601 0.3382919867425666 0.05847712587008591 0.0935292817638591
21 0.07422295387781377 0.24856992856145727 0.06754510586723844 0.08126116686914975
21 0.10396149789743131 0.18610885587489698 0.05325858983441556 0.07154667117029717
21 0.12937521876314018 0.13860122677166942 0.04135315980706311 0.06345125808792007
21 0.03219753275666762 0.1777050100660286 0.06439506551333524 0.0757369914692137
21 0.05157900245819322 0.12095826445637489 0.06914517331601683 0.08286123431792808
21 0.02594633798002724 0.3841601213805088 0.04420962500496001 0.08459580462169863
21 0.031188079226733 0.3105732405421754 0.0471435475547578 0.07686167972556562
21 0.013761036360299184 0.25403426509607663 0.027522072720598367 0.0703092885888757
21 0.07120459057055092 0.4455767565248438 0.046953395877787296 0.06905149415864431
21 0.14397102583568533 0.4813162518179366 0.04272364856236399 0.08768184851307298
