24 0.52421875 0.2546875 0.15781249999999997 0.4078125
24 0.678125 0.25859375 0.16796875 0.4
24 0.83203125 0.2796875 0.1875 0.421875
24 0.39765625 0.3203125 0.14687499999999998 0.42578125
24 0.25390625 0.3234375 0.15625 0.49375
24 0.103125 0.33984375 0.20625 0.4453125
24 0.946875 0.503125 0.10546875 0.47812499999999997
24 0.75625 0.6109375 0.36328125 0.47265625
24 0.60234375 0.6125 0.41250000000000003 0.39999999999999997
24 0.396875 0.6609375 0.4375 0.47500000000000003
24 0.2296875 0.70703125 0.3921875 0.3828125
24 0.14140625 0.7625 0.2828125 0.3890625
