24 0.77265625 0.17734375 0.15078125 0.35
24 0.40234375 0.28671875 0.278125 0.54609375
24 0.1171875 0.321875 0.234375 0.56015625
24 0.8765625 0.3609375 0.246875 0.38203125
24 0.65390625 0.390625 0.15390625 0.5703125
24 0.565625 0.51640625 0.1703125 0.640625
24 0.91953125 0.53359375 0.1609375 0.3828125
24 0.21640625 0.53515625 0.159375 0.47421875
24 0.30703125 0.61328125 0.371875 0.5828125
24 0.76484375 0.6765625 0.13125 0.44921875
24 0.17734375 0.8234375 0.34921875 0.2390625
24 0.54375 0.86484375 0.17734375 0.2703125
