30 0.34962825999413216 0.29580934203887754 0.6905886741287606 0.5916186840777551
30 0.6287197386445822 0.5403137521180175 0.23965648369023396 0.24985769324798907
30 0.808945347744323 0.4172233533412645 0.38210930451135394 0.6449685364937154
30 0.20996820978321107 0.8351410881179664 0.37212206140810233 0.27138511702527024
30 0.47183240776756163 0.936736517626924 0.24106829249596218 0.12652696474615188
30 0.5360947222868122 0.6627072840436175 0.15867005464489153 0.13911773632586077
30 0.3812817751256096 0.19936452123795137 0.18713644117412265 0.19223704595300023
30 0.45755059438122164 0.11670495831769825 0.18760504575055947 0.18462969296288095
30 0.4562063200593611 0.26569045846678185 0.16712151335507275 0.1785978741075473
30 0.27684095720441504 0.2991522663150744 0.17697878579456466 0.19525595291887593
30 0.3795124504055093 0.3473302001850803 0.23256428699295745 0.2151372206651258
30 0.285056659794358 0.06746364277922243 0.21097532380822637 0.13492728555844485
30 0.1647086754749159 0.3991532859758695 0.20388762341826305 0.14693087005413014
30 0.34207195502773213 0.31924530987589195 0.3653047685761169 0.390382742072265
30 0.9680783865815099 0.40518378581043685 0.06384322683698018 0.167252175889664
30 0.9533135280953607 0.23172557435265095 0.09337294380927852 0.16602207764224608
30 0.8058983101008791 0.3192394046736433 0.1618496894016157 0.19202826767664138
30 0.9437291961856105 0.5789063198756139 0.11254160762877907 0.20766952282422418
30 0.232404276226213 0.8257899793566907 0.2059227695148591 0.17956964482399151
