28 0.49743784375 0.515555609375 0.510366015625 0.515083015625 0.512020859375 0.51412378125 0.521616515625 0.48273778125 0.5095173125 0.468870296875 0.443395390625 0.431294671875 0.17996265625 0.335437453125 0.040741984375 0.29201346875 0.0172793125 0.36875640625 0.1707149375 0.415666390625 0.216604640625 0.429355890625 0.229929625 0.433770125 0.49743784375 0.515555609375
28 0.639137953125 0.562622015625 0.658363 0.553181953125 0.6636886875 0.552463109375 0.668630671875 0.536298609375 0.6653185625 0.5348848125 0.6319601875 0.5103895625 0.498153984375 0.47152328125 0.21526615625 0.3635909375 0.040515171875 0.29275534375 0.018486625 0.364807453125 0.05696078125 0.382590234375 0.20345825 0.442015953125 0.60490190625 0.56474959375 0.639137953125 0.562622015625
28 0.725787140625 0.616559453125 0.73655084375 0.5813529375 0.734441421875 0.57099515625 0.681445546875 0.5394749375 0.544450984375 0.484316125 0.33188859375 0.4091174375 0.093645140625 0.319940171875 0.067678578125 0.306895484375 0.0389974375 0.297719625 0.017378234375 0.368432875 0.175605640625 0.43486215625 0.355305046875 0.504779109375 0.7226215 0.61707903125 0.725787140625 0.616559453125
28 0.363582546875 0.5130965 0.56693690625 0.57833171875 0.71225915625 0.632973015625 0.743880609375 0.649788953125 0.78525734375 0.66141790625 0.8105363125 0.660010875 0.818681078125 0.63337053125 0.818223046875 0.627075046875 0.80220609375 0.6104345625 0.76539765625 0.58386334375 0.683476921875 0.544521109375 0.3265519375 0.415995703125 0.1494989375 0.343824265625 0.139214265625 0.340679921875 0.062833671875 0.321072375 0.031456703125 0.32238425 0.017789953125 0.36708615625 0.033456875 0.381531453125 0.063547609375 0.398900578125 0.11413240625 0.420493 0.363582546875 0.5130965
28 0.08299565625 0.346979390625 0.07195440625 0.350248953125 0.069493921875 0.358296875 0.068787078125 0.37786621875 0.077630328125 0.397929984375 0.11071509375 0.43000046875 0.143970375 0.450379453125 0.228563890625 0.4854329375 0.34532609375 0.52215190625 0.38498971875 0.53938421875 0.50932615625 0.58250359375 0.659007859375 0.63030825 0.7511518125 0.658479484375 0.785758 0.66701728125 0.82884784375 0.673042890625 0.863689328125 0.670419625 0.874323703125 0.66514065625 0.8828621875 0.637212578125 0.876252171875 0.62932840625 0.860921265625 0.62157771875 0.44269653125 0.47533228125 0.235582796875 0.395672328125 0.114981921875 0.35369503125 0.08299565625 0.346979390625
28 0.6415539375 0.541915796875 0.55830871875 0.511359265625 0.470550671875 0.473295921875 0.36958728125 0.438343578125 0.284914484375 0.4124565 0.2551330625 0.407436140625 0.212534953125 0.40870915625 0.206891953125 0.41157925 0.204516609375 0.421575453125 0.214319515625 0.4429538125 0.25006515625 0.4640941875 0.377825484375 0.5116643125 0.930256390625 0.680559375 0.96280471875 0.6891488125 0.965042296875 0.689067015625 0.981701546875 0.6345770625 0.979935875 0.633115328125 0.965564640625 0.626679234375 0.82830840625 0.585736984375 0.6415539375 0.541915796875
28 0.657919875 0.56632184375 0.5722401875 0.779764640625 0.537460359375 0.88350390625 0.52562321875 0.928901734375 0.52344021875 0.95274271875 0.531755296875 0.983537640625 0.558645765625 0.991758890625 0.571169828125 0.9836740625 0.5864273125 0.96383034375 0.657741828125 0.814074578125 0.672208140625 0.76675740625 0.7088349375 0.67200759375 0.7291781875 0.6054678125 0.7828825625 0.4247985 0.788770140625 0.41055134375 0.844813484375 0.2272418125 0.8435196875 0.20642259375 0.838264296875 0.191880875 0.826504390625 0.1869239375 0.814464953125 0.19958203125 0.80340096875 0.168967890625 0.795981953125 0.165678484375 0.7931921875 0.164825578125 0.768808375 0.183581046875 0.75012465625 0.21463146875 0.74064303125 0.238964203125 0.70558365625 0.360318515625 0.679238640625 0.496591296875 0.657919875 0.56632184375
28 0.841211703125 0.200611078125 0.838023453125 0.2377605 0.824836046875 0.29091496875 0.7788793125 0.42119184375 0.6999035 0.67616996875 0.666717796875 0.761334515625 0.64045003125 0.847252515625 0.6289876875 0.92816596875 0.63204678125 0.96518303125 0.65238453125 0.97140090625 0.678347109375 0.93372559375 0.704263984375 0.879016609375 0.75139846875 0.7382071875 0.86574371875 0.4259933125 0.931709515625 0.210228921875 0.923676640625 0.189741328125 0.91063784375 0.178947078125 0.89230503125 0.17878846875 0.874489734375 0.186957578125 0.85598440625 0.184023078125 0.841211703125 0.200611078125
28 0.499943453125 0.47513390625 0.4490295625 0.48356578125 0.444552453125 0.49598296875 0.4751349375 0.52065071875 0.539519921875 0.550547015625 0.756856875 0.619035953125 0.853487453125 0.657088765625 0.964447453125 0.691012640625 0.9823114375 0.63258215625 0.75222496875 0.545115828125 0.595228125 0.493032328125 0.54733990625 0.4804338125 0.499943453125 0.47513390625
28 1 0.282377046875 0.96735571875 0.404268484375 0.8537486875 0.699037140625 0.774600359375 0.951239375 0.768818609375 0.98351115625 0.76912384375 1 0.834761859375 1 0.887858984375 0.888079984375 0.997221515625 0.53037128125 1 0.517340671875 1 0.282377046875
28 0.302162734375 0.435089953125 0.228775921875 0.403462703125 0.190539890625 0.3815609375 0.166984421875 0.378444046875 0.151768546875 0.38145096875 0.138380796875 0.389612125 0.13343578125 0.40801334375 0.137571875 0.418979125 0.15426296875 0.437868078125 0.203031546875 0.46094759375 0.4391494375 0.5392631875 0.46358528125 0.5528610625 0.489436453125 0.562126140625 0.63817675 0.607600609375 0.751120703125 0.636684734375 0.8977674375 0.682540328125 0.914137296875 0.682439171875 0.938284 0.6697049375 0.941663828125 0.658650046875 0.93829546875 0.647956546875 0.90820471875 0.630587421875 0.814918703125 0.60615175 0.601602828125 0.537871 0.412699 0.46990546875 0.302162734375 0.435089953125
