28 0.080579671875 0.1019601875 0.066578421875 0.176713109375 0.061708953125 0.45700171875 0.06677678125 0.630107390625 0.075588390625 0.77051040625 0.090253734375 0.85468528125 0.101013125 0.88297284375 0.117820953125 0.9025805 0.121808703125 0.904069828125 0.137315796875 0.9035283125 0.141664 0.899793578125 0.152557640625 0.875961375 0.15322309375 0.867035125 0.126147203125 0.091683078125 0.123998359375 0.086112328125 0.107372296875 0.07170984375 0.09854315625 0.070715296875 0.080579671875 0.1019601875
28 0 0.508727328125 0.000472125 0.52224721875 0.299500109375 0.532082 0.369451703125 0.535827890625 0.662433484375 0.52559675 0.672703671875 0.520729859375 0.672184125 0.5058523125 0.63410828125 0.488151015625 0.56459459375 0.47494396875 0.44299521875 0.462578625 0.09055628125 0.443617015625 0 0.447495296875 0 0.508727328125
28 0 0.508727375 0.000998 0.537306296875 0.102967609375 0.542527984375 0.328431609375 0.5444261875 0.466175578125 0.54808475 0.731331734375 0.538825296875 0.75124003125 0.531145921875 0.750313640625 0.504617890625 0.737076984375 0.494001140625 0.70026596875 0.484537875 0.467818375 0.469203328125 0.08685328125 0.45416934375 0 0.45913625 0 0.508727375
28 0.374234390625 0.144472046875 0.36370634375 0.234738203125 0.35838659375 0.6140611875 0.347590046875 0.808566890625 0.35449309375 0.89431571875 0.379167015625 0.957295046875 0.379991703125 0.957591984375 0.394305875 0.957092125 0.398595484375 0.95401084375 0.421222421875 0.9024085 0.427848671875 0.868302296875 0.43179590625 0.813443625 0.43814121875 0.547435125 0.433616625 0.333921296875 0.4379686875 0.178726953125 0.441171453125 0.158513578125 0.438960640625 0.095203953125 0.427739609375 0.067688171875 0.39789359375 0.0804563125 0.3873743125 0.10101825 0.374234390625 0.144472046875
28 0.216022859375 0.487442078125 0.088326015625 0.4870155625 0.055896 0.491079515625 0.04652078125 0.497765609375 0.04681446875 0.506176125 0.0525173125 0.5249094375 0.067410875 0.54100103125 0.109134265625 0.56055290625 0.1472125 0.568994765625 0.238609546875 0.57459753125 0.36096490625 0.5713019375 0.404077890625 0.5746821875 0.53567859375 0.574972375 0.692769109375 0.57144096875 0.789064578125 0.568078265625 0.824565 0.56488425 0.867269 0.556552890625 0.899358203125 0.54272925 0.9076945625 0.5342756875 0.90667534375 0.505089296875 0.897858625 0.499786671875 0.88083959375 0.49744953125 0.437787484375 0.49533240625 0.216022859375 0.487442078125
28 0.604050484375 0.09377746875 0.59624275 0.094050125 0.589172921875 0.101462828125 0.57576034375 0.137108890625 0.574353703125 0.15279253125 0.580328296875 0.295900359375 0.599695859375 0.486746953125 0.597906078125 0.57540509375 0.59048771875 0.6707741875 0.59031009375 0.777616296875 0.59340015625 0.86610403125 0.5983491875 0.895897359375 0.612692125 0.933831375 0.6345805625 0.933067015625 0.645219390625 0.922923921875 0.653570359375 0.882243109375 0.66027015625 0.612395046875 0.65115334375 0.3513236875 0.64916965625 0.3364913125 0.634318390625 0.135064 0.62787184375 0.118351703125 0.604050484375 0.09377746875
28 1 0.491272484375 0.9994370625 0.4751520625 0.926349640625 0.466871265625 0.876900609375 0.4685980625 0.768620890625 0.464562 0.517540046875 0.475284265625 0.445730515625 0.470951796875 0.419693765625 0.4715353125 0.359183296875 0.473648375 0.31700503125 0.47837846875 0.291320046875 0.489046984375 0.279281578125 0.498750375 0.278423328125 0.511483390625 0.29431146875 0.518745828125 0.2689673125 0.539174015625 0.26804090625 0.549955109375 0.2940465625 0.567124390625 0.329488140625 0.57468115625 0.355582109375 0.57572425 0.481739078125 0.5693644375 0.619164625 0.549908078125 0.692036859375 0.5473633125 0.9217455625 0.558884859375 1 0.558248859375 1 0.491272484375
28 1 0.491272625 0.998093875 0.43668821875 0.944173171875 0.4362826875 0.677374625 0.44462234375 0.58604575 0.440971515625 0.49625671875 0.444107015625 0.416019796875 0.459612 0.374957890625 0.47765759375 0.366721046875 0.48429675 0.36762728125 0.491593796875 0.426832890625 0.50809228125 0.486998984375 0.51478565625 0.635482390625 0.513509140625 0.875072515625 0.518171234375 1 0.513808671875 1 0.491272625
28 0.833698765625 0.10823259375 0.840878609375 0.313836453125 0.83158371875 0.607308359375 0.833450984375 0.772708546875 0.83712971875 0.822089390625 0.84754934375 0.868629109375 0.861206578125 0.893884015625 0.89305378125 0.892771890625 0.898663203125 0.8772671875 0.905969 0.806656703125 0.899968578125 0.57886278125 0.905121140625 0.46058246875 0.892532046875 0.100078265625 0.885208671875 0.08623925 0.862307 0.07401021875 0.847849265625 0.079726609375 0.833698765625 0.10823259375
28 1 0.491272484375 0.99811271875 0.437227859375 0.906666578125 0.439546765625 0.783418921875 0.45459940625 0.706642796875 0.457280484375 0.635310421875 0.4666115625 0.549384984375 0.505766984375 0.523577625 0.53158571875 0.522480828125 0.53748696875 0.533831484375 0.5453964375 0.56845509375 0.529529984375 0.707522734375 0.51978784375 0.986616296875 0.5299105625 1 0.5294431875 1 0.491272484375
28 0.6390144375 0.4840710625 0.611482859375 0.47916953125 0.50851053125 0.477879625 0.31232246875 0.493525078125 0.158736140625 0.49791128125 0.1432910625 0.503336421875 0.120052203125 0.528088296875 0.131675515625 0.543805515625 0.16578171875 0.55043175 0.26194084375 0.543165171875 0.485865 0.538277046875 0.6866045 0.541038640625 0.80245340625 0.537970265625 0.882138828125 0.543982015625 0.90522328125 0.548387390625 0.9499009375 0.546827203125 0.962117046875 0.539723375 0.970086875 0.530101 0.969272984375 0.50679421875 0.963322296875 0.4996178125 0.94139090625 0.487192046875 0.887765359375 0.4812474375 0.6390144375 0.4840710625
