20 0.0640625 0.72734375 0.128125 0.15468749999999998
20 0.06953125 0.2984375 0.1390625 0.17343749999999997
20 0.1453125 0.51640625 0.290625 0.31328125000000007
20 0.19609375 0.8265624999999999 0.3921875 0.3453125
20 0.12031249999999999 0.284375 0.1640625 0.16249999999999998
20 0.31875 0.17265625 0.328125 0.30781249999999993
20 0.32265625 0.47968750000000004 0.26484375000000004 0.32421875000000006
20 0.44609374999999996 0.08359375 0.19531249999999994 0.1671875
20 0.48046875 0.8625 0.20859374999999997 0.2734375
20 0.56171875 0.66484375 0.35703124999999997 0.31640625
20 0.54921875 0.29296875 0.2734375 0.21328125000000003
20 0.5703125 0.20078125 0.20000000000000007 0.11093749999999997
20 0.62578125 0.08515625 0.21875 0.1703125
20 0.7015625 0.9281250000000001 0.25468749999999996 0.14218750000000002
20 0.7359375 0.79375 0.203125 0.2671875
20 0.771875 0.196875 0.23750000000000004 0.24453125000000003
20 0.778125 0.4328125 0.23203125000000002 0.18906250000000002
20 0.84375 0.721875 0.3109375 0.40156249999999993
20 0.92265625 0.265625 0.14687499999999998 0.23750000000000002
20 0.95 0.3828125 0.09843749999999996 0.2890625
