21 0.3670008526670562 0.8449408651370875 0.024561883996268297 0.023985513463188224
21 0.3795452843697804 0.8415196641683944 0.020728977725010977 0.020094970138622936
21 0.38075978545395267 0.8541793699777348 0.01939507956951858 0.019222168409594564
21 0.40904342457956644 0.8449573569959039 0.021251834169487227 0.020675463636407154
21 0.44105294179922944 0.8117539535155889 0.028744735552077683 0.028629461445461746
21 0.43441222732214674 0.8646529907260747 0.013297836360432469 0.013182562253816421
21 0.400200133182667 0.8874610253348783 0.012832616969264354 0.012544431702724346
21 0.47699818605010436 0.9597881258325154 0.014981679800477099 0.014808768640553027
21 0.46440024025877613 0.9515953338808203 0.020906011849639083 0.021021285956255187
21 0.3992327566230924 0.6889197957460229 0.017826510236090054 0.01748068791624202
21 0.38964842946259703 0.6960586288793573 0.016723160293829642 0.016377337973981554
21 0.38679535309757596 0.7155689825554921 0.017711236129474006 0.01759596202285796
21 0.3211544041413157 0.47559857381699433 0.012659705809340338 0.012717342862648306
21 0.310067390630108 0.4645609514296865 0.014981679800477099 0.014808768640553027
21 0.35621447776905 0.6596357118906528 0.018929860178350466 0.018584037858502378
21 0.4480395630487094 0.6172226643226191 0.017768873182781975 0.01753832496954999
21 0.4351493090261371 0.6140237656377501 0.022589855289683602 0.022647492342991682
21 0.47354837768613045 0.5760611400685455 0.014924042747169075 0.014866405693860996
21 0.47774772110075625 0.5293746201737618 0.019917936013994775 0.019802661907378782
21 0.4660760911270604 0.5283247843201053 0.017073105578381764 0.017130742631689677
21 0.45714226341176945 0.5055578949057935 0.018579914893798177 0.017830633200794033
21 0.3993234618465823 0.45768565022721686 0.0132401993071245 0.0132401993071245
21 0.4003115376822267 0.45542131328938806 0.013763055751600695 0.013820692804908663
21 0.39555231559333714 0.4490317618490579 0.014751131587245003 0.015039316853785012
21 0.33800933040057773 0.4382081958161657 0.018234092573950145 0.018176455520642176
21 0.3352262599829769 0.4272899705001781 0.010222457711587585 0.010741191191359634
21 0.37096981677354846 0.49733624220117 0.009292018929251189 0.009464930089175205
21 0.381599856822996 0.4890364220722673 0.011963938204940072 0.01230976052478816
21 0.3771823340892505 0.49977761326362685 0.019860298960686695 0.01986029896068675
21 0.49462713179059503 0.8736774392123062 0.014343549249384857 0.014343549249384857
21 0.5646033975441668 0.8683624614138572 0.017711236129474006 0.01759596202285796
21 0.5651797680772469 0.8793959608364609 0.02177469061396331 0.02125595713419126
21 0.5997376845365747 0.8632080258812196 0.02084837479633117 0.021078923009563044
21 0.22140005884082614 0.4509378231203771 0.01614266679604548 0.015854481529505415
21 0.1601970785367336 0.4441777115719743 0.021136560062871124 0.020790737743023036
