83 0.6234375 0.47421875 0.11171875 0.03515625
33 0.62890625 0.55625 0.1515625 0.0515625
99 0.40703125 0.571875 0.146875 0.065625
26 0.77109375 0.58828125 0.06953125 0.05390625
84 0.64296875 0.59765625 0.203125 0.09140625
81 0.4171875 0.62578125 0.16796875 0.0421875
61 0.81953125 0.62578125 0.12578125 0.05859375
35 0.68515625 0.81953125 0.09765625 0.15703125
5 0.4015625 0.85 0.1421875 0.08984375
12 0.57578125 0.88515625 0.1859375 0.0875
79 0.76796875 0.91796875 0.21328125 0.11484375
32 0.55546875 0.95234375 0.19375 0.06796875
6 0.340625 0.1609375 0.175 0.17734375
84 0.66796875 0.17890625 0.11640625 0.05
27 0.6609375 0.2078125 0.28046875 0.07734375
7 0.48203125 0.21328125 0.15703125 0.05390625
11 0.3984375 0.44296875 0.17734375 0.05078125
61 0.4203125 0.45234375 0.1328125 0.05546875
83 0.74296875 0.46015625 0.12265625 0.06875
