26 0.61875 0.47265625 0.10703125 0.0359375
5 0.44609375 0.60703125 0.27734375 0.10703125
99 0.76015625 0.82578125 0.09765625 0.14921875
33 0.40703125 0.85078125 0.146875 0.08203125
36 0.5484375 0.853125 0.1421875 0.07578125
99 0.80625 0.85390625 0.10625 0.16875
12 0.76953125 0.91796875 0.209375 0.12109375
35 0.35078125 0.15546875 0.18046875 0.18203125
32 0.6734375 0.1953125 0.13359375 0.08828125
19 0.4875 0.21484375 0.16796875 0.0609375
20 0.56953125 0.4390625 0.1296875 0.0703125
11 0.40703125 0.43984375 0.16640625 0.06484375
26 0.74296875 0.459375 0.1375 0.06875
85 0.33671875 0.4640625 0.09296875 0.05390625
