83 0.63125 0.57421875 0.16953125 0.078125
12 0.44453125 0.58828125 0.19765625 0.071875
52 0.67421875 0.59453125 0.18203125 0.08515625
85 0.7609375 0.81875 0.09921875 0.1609375
85 0.67265625 0.81875 0.09375 0.159375
61 0.56484375 0.87421875 0.10703125 0.05703125
33 0.79765625 0.93125 0.19296875 0.11171875
81 0.56640625 0.9515625 0.1953125 0.090625
32 0.79140625 0.196875 0.12578125 0.090625
35 0.378125 0.19765625 0.26015625 0.08125
26 0.471875 0.21484375 0.215625 0.0609375
19 0.65234375 0.21484375 0.15859375 0.06328125
20 0.37421875 0.4421875 0.13671875 0.0828125
84 0.7234375 0.45546875 0.146875 0.05234375
84 0.6 0.46171875 0.1 0.05859375
