26 0.5718483451728589 0.39896991541508925 0.10653063043096855 0.10093559892700932
12 0.5211852331551874 0.5873137770445498 0.17726502867422717 0.17145480365088483
99 0.9116662234887013 0.5687841168419587 0.1766675530225974 0.18239304777942023
99 0.9345106199091845 0.5534945451842805 0.13097876018163102 0.19038684609091427
33 0.8470837206442146 0.7093934932236288 0.2183782512829332 0.21090027648437226
36 0.6611689099439246 0.881188260173434 0.20803043536001598 0.20469493580957865
35 0.15205685925093856 0.35361609860736454 0.25829615240592757 0.25705878966947504
85 0.5309408382747394 0.0922267877215861 0.11377125142462197 0.1091445907578864
20 0.5173443132482368 0.4051621449880928 0.1511710318512851 0.14788933068069365
19 0.4214331985847849 0.5005944901236737 0.15619010022410168 0.15059506872014244
26 0.6493626932493686 0.30651230021818565 0.14477807383337404 0.1399362196472554
