26 0.6203125 0.47109375 0.1140625 0.0359375
83 0.5875 0.57578125 0.1828125 0.09375
12 0.45859375 0.5796875 0.1671875 0.084375
27 0.7171875 0.6015625 0.0796875 0.065625
85 0.76484375 0.8234375 0.1015625 0.1578125
85 0.8125 0.84453125 0.103125 0.1671875
33 0.6234375 0.8859375 0.2078125 0.1015625
36 0.3703125 0.89296875 0.171875 0.125
35 0.334375 0.1609375 0.19375 0.1765625
84 0.5078125 0.21484375 0.0890625 0.05
84 0.7921875 0.21328125 0.1125 0.046875
61 0.665625 0.23203125 0.140625 0.0265625
20 0.57578125 0.43984375 0.1296875 0.084375
19 0.440625 0.4484375 0.15 0.0703125
26 0.73984375 0.453125 0.1375 0.06875
