26 0.61875 0.46953125 0.10234375 0.03984375
5 0.659375 0.6046875 0.26796875 0.10546875
52 0.42890625 0.60625 0.234375 0.09453125
99 0.7578125 0.82421875 0.08828125 0.1515625
36 0.54375 0.85 0.14296875 0.07890625
99 0.8078125 0.85 0.10078125 0.1703125
33 0.403125 0.8515625 0.15390625 0.07734375
12 0.76953125 0.9171875 0.19140625 0.12421875
35 0.34140625 0.16171875 0.1875 0.16640625
32 0.66484375 0.1984375 0.1421875 0.08515625
19 0.49375 0.21640625 0.171875 0.06640625
20 0.56796875 0.434375 0.12265625 0.07265625
11 0.40859375 0.44375 0.1734375 0.0671875
26 0.740625 0.459375 0.14140625 0.0671875
85 0.3359375 0.46328125 0.1046875 0.0609375
