84 0.371875 0.58671875 0.1421875 0.096875
33 0.525 0.59296875 0.16875 0.096875
61 0.69609375 0.60234375 0.14453125 0.06171875
7 0.4 0.884375 0.18046875 0.0828125
11 0.6078125 0.88984375 0.0984375 0.103125
11 0.7484375 0.90859375 0.08828125 0.06875
79 0.771875 0.2015625 0.228125 0.08046875
81 0.5203125 0.2296875 0.14375 0.03984375
99 0.37421875 0.440625 0.1328125 0.09140625
61 0.684375 0.45390625 0.10078125 0.05703125
26 0.79375 0.45625 0.0796875 0.06640625
5 0.53203125 0.46484375 0.15390625 0.06796875
