83 0.6359375 0.54375 0.1640625 0.0484375
20 0.4 0.57890625 0.1359375 0.078125
27 0.7765625 0.5828125 0.08125 0.0609375
52 0.64453125 0.59921875 0.20625 0.084375
61 0.4203125 0.6265625 0.1671875 0.053125
84 0.82109375 0.62265625 0.1078125 0.0609375
33 0.39296875 0.84921875 0.1375 0.0890625
85 0.60390625 0.87890625 0.109375 0.1859375
85 0.49765625 0.88359375 0.11875 0.184375
7 0.7859375 0.9265625 0.228125 0.1421875
35 0.3390625 0.15625 0.159375 0.171875
36 0.6609375 0.190625 0.25 0.1046875
19 0.478125 0.21484375 0.1578125 0.0546875
11 0.39765625 0.43828125 0.178125 0.0625
84 0.4203125 0.45703125 0.140625 0.0640625
26 0.690625 0.45546875 0.2390625 0.075
