83 0.6265625 0.471875 0.1109375 0.034375
33 0.590625 0.57890625 0.178125 0.090625
79 0.690625 0.6015625 0.28203125 0.09296875
35 0.76328125 0.83046875 0.09921875 0.15859375
12 0.625 0.8515625 0.203125 0.096875
35 0.80546875 0.85234375 0.1046875 0.16328125
27 0.3703125 0.88359375 0.17578125 0.121875
6 0.3546875 0.1578125 0.1921875 0.1734375
84 0.67109375 0.19921875 0.16171875 0.08671875
61 0.80625 0.21796875 0.109375 0.04453125
99 0.57265625 0.4375 0.12890625 0.08828125
7 0.440625 0.44765625 0.14375 0.06640625
83 0.74140625 0.4609375 0.1328125 0.0703125
