26 0.61875 0.47578125 0.1125 0.0359375
83 0.58828125 0.575 0.171875 0.084375
27 0.7625 0.59453125 0.0890625 0.065625
5 0.44296875 0.60859375 0.29375 0.1078125
7 0.71171875 0.6234375 0.2390625 0.05625
85 0.75078125 0.83046875 0.0875 0.1484375
33 0.3984375 0.8421875 0.15 0.06875
85 0.8015625 0.85703125 0.10625 0.1734375
36 0.5421875 0.8546875 0.1359375 0.075
81 0.3796875 0.909375 0.2 0.0890625
12 0.76796875 0.92578125 0.2015625 0.1265625
7 0.52734375 0.93203125 0.11875 0.0796875
35 0.353125 0.15078125 0.1875 0.1875
32 0.671875 0.196875 0.1375 0.0890625
19 0.496875 0.2125 0.1859375 0.06875
20 0.56640625 0.434375 0.1140625 0.0734375
11 0.40625 0.440625 0.16875 0.06875
26 0.7453125 0.46328125 0.1421875 0.0671875
84 0.33984375 0.46015625 0.0984375 0.05625
