12 0.4234375 0.58828125 0.140625 0.1046875
79 0.75625 0.59453125 0.20625 0.0984375
7 0.5640625 0.60234375 0.1609375 0.090625
26 0.3484375 0.625 0.090625 0.0703125
84 0.759375 0.85234375 0.1359375 0.1171875
5 0.43671875 0.8640625 0.234375 0.071875
99 0.38515625 0.9265625 0.1859375 0.1109375
32 0.603125 0.946875 0.19375 0.1
61 0.53203125 0.20859375 0.0828125 0.0578125
61 0.68671875 0.2046875 0.1078125 0.0515625
81 0.35859375 0.23359375 0.140625 0.040625
33 0.41484375 0.453125 0.1859375 0.1
27 0.60703125 0.46015625 0.078125 0.0546875
