12 0.421875 0.5921875 0.1734375 0.10625
5 0.74375 0.61796875 0.209375 0.1046875
19 0.55234375 0.61015625 0.1609375 0.09375
32 0.7359375 0.8765625 0.153125 0.1265625
33 0.46171875 0.8640625 0.153125 0.0828125
83 0.34453125 0.89453125 0.178125 0.134375
35 0.3890625 0.18046875 0.2515625 0.1265625
84 0.70546875 0.228125 0.11875 0.0640625
61 0.5796875 0.23359375 0.1390625 0.034375
20 0.58984375 0.44453125 0.1375 0.0875
11 0.71953125 0.46484375 0.1578125 0.0796875
84 0.41171875 0.45078125 0.13125 0.065625
