5 0.75234375 0.6046875 0.19765625 0.08984375
52 0.3671875 0.60703125 0.18203125 0.09609375
26 0.55 0.6140625 0.2203125 0.078125
12 0.784375 0.8765625 0.17734375 0.12421875
81 0.41328125 0.90625 0.184375 0.08984375
27 0.63359375 0.91484375 0.0828125 0.07265625
20 0.36015625 0.2015625 0.1609375 0.08359375
84 0.5890625 0.2109375 0.10625 0.0515625
61 0.775 0.2328125 0.13515625 0.025
19 0.54140625 0.44453125 0.13125 0.07734375
83 0.64609375 0.45234375 0.16484375 0.08359375
7 0.37734375 0.465625 0.18828125 0.05625
