20 0.3984375 0.57734375 0.13515625000000003 0.07578125000000002
52 0.6429687500000001 0.6015625 0.20468750000000002 0.08046874999999998
85 0.8187499999999999 0.628125 0.10781249999999998 0.05859375
33 0.38671875 0.84765625 0.13515625000000003 0.0859375
99 0.59765625 0.88046875 0.10624999999999996 0.18437499999999996
99 0.490625 0.88359375 0.11484374999999997 0.18281249999999993
35 0.3453125 0.153125 0.15625 0.16953125000000002
36 0.6664062500000001 0.19375000000000003 0.24765625000000002 0.09921875
19 0.4828125 0.21484375 0.15625 0.05156249999999998
11 0.3984375 0.43671875000000004 0.17734374999999997 0.05937500000000001
26 0.69140625 0.45859375 0.23749999999999993 0.0703125
