26 0.6195312499999999 0.47265625 0.11171874999999998 0.03593750000000001
52 0.41328125000000004 0.609375 0.20703125000000006 0.08671874999999996
99 0.7625 0.83125 0.09531250000000002 0.16640624999999998
33 0.39765625 0.85234375 0.15625 0.08515625000000004
99 0.81015625 0.8570312499999999 0.10624999999999996 0.18203124999999998
12 0.7750000000000001 0.9281250000000001 0.20468750000000002 0.10703125000000002
35 0.33671875000000007 0.159375 0.17109375 0.18281249999999996
32 0.6703125000000001 0.18046875 0.11093750000000002 0.05078125
36 0.6640625 0.21015625 0.25859375000000007 0.078125
19 0.478125 0.215625 0.14296875000000003 0.05000000000000002
20 0.56953125 0.4359375 0.12109375 0.0703125
11 0.403125 0.446875 0.18203124999999998 0.06406249999999997
26 0.746875 0.45859375 0.140625 0.06796874999999997
85 0.33359375 0.4609375 0.10625000000000001 0.05937500000000001
