26 0.6226562499999999 0.4734375 0.10781249999999998 0.03515625
99 0.76015625 0.82265625 0.10078125000000004 0.14453125
33 0.39921875 0.84453125 0.15859374999999998 0.06093749999999998
99 0.80625 0.8531250000000001 0.10624999999999996 0.17343750000000002
12 0.765625 0.91875 0.1796875 0.13593749999999993
36 0.3734375 0.92578125 0.18984375000000003 0.11250000000000004
35 0.353125 0.15625 0.18671875 0.184375
32 0.67421875 0.19765625 0.14453125 0.09843750000000001
19 0.49296875 0.21484375 0.16484375000000007 0.06328124999999998
20 0.56796875 0.4390625 0.11406249999999996 0.07734374999999999
11 0.4046875 0.4453125 0.1796875 0.06093749999999998
26 0.74921875 0.45859375 0.140625 0.06562499999999999
85 0.33828125 0.4625 0.09296874999999999 0.05937500000000001
