32 0.503125 0.5890625 0.14375 0.1015625
83 0.72578125 0.6 0.178125 0.1
52 0.35234375 0.6015625 0.159375 0.096875
11 0.59296875 0.89375 0.1046875 0.103125
35 0.415625 0.89453125 0.2796875 0.15625
11 0.7328125 0.915625 0.0953125 0.0734375
5 0.77734375 0.21171875 0.2234375 0.084375
61 0.52421875 0.23125 0.13125 0.034375
20 0.38203125 0.42578125 0.11875 0.0625
84 0.51796875 0.45390625 0.1125 0.0609375
84 0.6875 0.46015625 0.1046875 0.0609375
27 0.79375 0.46640625 0.0796875 0.0640625
26 0.353125 0.459375 0.1859375 0.0734375
