83 0.61875 0.4703125 0.1125 0.0375
33 0.58984375 0.56640625 0.1734375 0.071875
26 0.771875 0.58671875 0.0765625 0.0625
79 0.6546875 0.6 0.271875 0.103125
84 0.41484375 0.6109375 0.209375 0.090625
35 0.76796875 0.8265625 0.096875 0.1671875
5 0.40390625 0.85390625 0.1578125 0.0875
35 0.81640625 0.8515625 0.109375 0.184375
85 0.534375 0.91484375 0.2015625 0.121875
12 0.7828125 0.9234375 0.2078125 0.1109375
6 0.33046875 0.1625 0.1734375 0.184375
84 0.66484375 0.17734375 0.1109375 0.053125
27 0.65859375 0.20703125 0.2609375 0.0828125
7 0.4734375 0.21640625 0.14375 0.053125
99 0.56875 0.434375 0.121875 0.0734375
11 0.40234375 0.4484375 0.1828125 0.0671875
83 0.74609375 0.45390625 0.1421875 0.0703125
61 0.3328125 0.4640625 0.1078125 0.0609375
