33 0.6328125 0.54609375 0.165625 0.0390625
99 0.39921875 0.57734375 0.1421875 0.0734375
26 0.771875 0.5875 0.078125 0.0625
84 0.64453125 0.603125 0.2015625 0.075
81 0.41796875 0.6234375 0.1671875 0.04375
61 0.81953125 0.628125 0.1109375 0.059375
35 0.68125 0.8234375 0.1 0.165625
5 0.3984375 0.8484375 0.134375 0.078125
12 0.56640625 0.884375 0.2109375 0.0875
79 0.77109375 0.9171875 0.2140625 0.1125
32 0.56328125 0.95390625 0.2171875 0.090625
6 0.33515625 0.16875 0.175 0.15
27 0.66328125 0.20234375 0.25625 0.0921875
7 0.47890625 0.21796875 0.1421875 0.05
35 0.53359375 0.40546875 0.0859375 0.1640625
11 0.39765625 0.440625 0.1515625 0.05
61 0.4203125 0.453125 0.140625 0.053125
83 0.6921875 0.4609375 0.2375 0.06875
