84 0.36640625 0.58671875 0.1421875 0.0953125
33 0.515625 0.5921875 0.17421875 0.09453125
61 0.6890625 0.6015625 0.14140625 0.05859375
12 0.36171875 0.875 0.16640625 0.08515625
83 0.503125 0.88984375 0.12109375 0.09296875
83 0.66015625 0.896875 0.08359375 0.07890625
79 0.759375 0.203125 0.21875 0.07890625
81 0.51328125 0.2265625 0.13515625 0.028125
99 0.37109375 0.43671875 0.13671875 0.08515625
61 0.678125 0.45390625 0.10703125 0.0609375
26 0.78671875 0.45546875 0.0796875 0.06640625
5 0.52265625 0.46328125 0.16796875 0.065625
