83 0.62421875 0.475 0.09921875 0.04140625
33 0.63359375 0.55390625 0.15625 0.04375
99 0.40859375 0.57421875 0.15625 0.05703125
26 0.7703125 0.5875 0.06953125 0.05625
84 0.653125 0.5984375 0.203125 0.09296875
61 0.81953125 0.62578125 0.11875 0.05703125
81 0.421875 0.63046875 0.1578125 0.04453125
5 0.4046875 0.85546875 0.1421875 0.09140625
85 0.75859375 0.91015625 0.17109375 0.07890625
32 0.540625 0.95859375 0.1921875 0.08046875
6 0.33828125 0.16015625 0.17734375 0.17734375
84 0.6671875 0.18203125 0.11484375 0.04765625
27 0.66796875 0.21015625 0.24453125 0.078125
7 0.4859375 0.21328125 0.1609375 0.05625
11 0.396875 0.44296875 0.1609375 0.04609375
61 0.42421875 0.45390625 0.14453125 0.05
83 0.74140625 0.46328125 0.1296875 0.065625
