33 0.61796875 0.56640625 0.15625 0.0625
99 0.39765625 0.571875 0.159375 0.078125
84 0.6328125 0.60546875 0.20625 0.1015625
35 0.74296875 0.834375 0.0953125 0.165625
35 0.66015625 0.8296875 0.103125 0.1703125
81 0.546875 0.8640625 0.121875 0.05625
79 0.7515625 0.93515625 0.2125 0.1296875
5 0.52265625 0.928125 0.1765625 0.1234375
12 0.3453125 0.9359375 0.1875 0.103125
6 0.39140625 0.175 0.2515625 0.13125
84 0.81171875 0.215625 0.134375 0.096875
83 0.484375 0.2125 0.221875 0.065625
7 0.66796875 0.22265625 0.159375 0.0703125
11 0.39921875 0.43125 0.1546875 0.0640625
61 0.52890625 0.45625 0.096875 0.0578125
61 0.425 0.45234375 0.1390625 0.0640625
