12 0.4296875 0.5875 0.1765625 0.1
79 0.75390625 0.61015625 0.203125 0.0984375
7 0.55625 0.60625 0.1578125 0.090625
26 0.3453125 0.6234375 0.09375 0.08125
84 0.7640625 0.8609375 0.1265625 0.1140625
99 0.5078125 0.87421875 0.1296875 0.096875
5 0.6421875 0.878125 0.13125 0.1
85 0.36875 0.890625 0.1296875 0.0703125
61 0.58046875 0.2140625 0.08125 0.0484375
61 0.71328125 0.2203125 0.1140625 0.0484375
33 0.3953125 0.40859375 0.19375 0.046875
83 0.62109375 0.459375 0.1921875 0.0640625
27 0.40078125 0.45859375 0.2640625 0.0828125
