12 0.43828125 0.590625 0.14921875 0.10546875
79 0.7546875 0.6046875 0.2046875 0.0953125
7 0.56015625 0.6046875 0.14375 0.08984375
26 0.34453125 0.6171875 0.08359375 0.07109375
84 0.75390625 0.865625 0.14609375 0.11796875
5 0.44140625 0.86640625 0.23515625 0.06328125
99 0.37265625 0.92265625 0.16328125 0.10703125
32 0.59140625 0.94921875 0.2171875 0.08984375
61 0.5765625 0.21328125 0.08359375 0.053125
61 0.71171875 0.21875 0.115625 0.05234375
33 0.4171875 0.45078125 0.18828125 0.09140625
27 0.6078125 0.4640625 0.08671875 0.05703125
