20 0.40625 0.578125 0.1375 0.05859375
52 0.63984375 0.59765625 0.19765625 0.09765625
99 0.671875 0.8203125 0.08515625 0.15859375
99 0.75703125 0.82109375 0.08671875 0.165625
5 0.77109375 0.9296875 0.20625 0.12578125
33 0.54921875 0.93203125 0.16015625 0.10625
12 0.36796875 0.94296875 0.18828125 0.090625
35 0.371875 0.1765625 0.2625 0.13515625
32 0.7921875 0.19765625 0.134375 0.08828125
19 0.65234375 0.2140625 0.15546875 0.06171875
26 0.46875 0.21640625 0.21015625 0.05234375
11 0.4046875 0.446875 0.17578125 0.0703125
85 0.6015625 0.4625 0.09921875 0.05703125
