26 0.6295725375569496 0.5044765547358346 0.11601141204784737 0.06106955926429336
99 0.6721017633109632 0.8858854679738306 0.13578397468966175 0.17839194215445875
12 0.5329455072451996 0.8716662278962222 0.22091617896728277 0.14467034245133037
99 0.707464267523112 0.9127406352568661 0.14225260377868454 0.17451872948626768
36 0.278354717518717 0.8388751708949841 0.20070696306442942 0.1620234136556007
35 0.4450411582744738 0.13232142633995034 0.22950686029969847 0.21605171267923623
32 0.7409861808032484 0.25166938911505676 0.17828596426581877 0.12446537378397005
85 0.867135942510371 0.30367911931334435 0.11704294369718826 0.07051055817642315
20 0.5859962746230158 0.4576937189648472 0.1469111142898425 0.11775829444550767
19 0.45563065566616534 0.4344513915292772 0.15580172928700398 0.10029924535259738
26 0.7434943918339552 0.5226569545774556 0.14619151630603 0.10134102423782271
