26 0.61875 0.47265625 0.10624999999999996 0.03515625
52 0.6515625 0.59765625 0.21015624999999993 0.08671874999999996
85 0.81953125 0.62421875 0.11484375000000002 0.05859375
99 0.7609375 0.82734375 0.09218749999999998 0.15859374999999998
33 0.403125 0.84921875 0.14453125 0.08515625000000004
99 0.80546875 0.853125 0.09765625 0.17109375000000004
12 0.77578125 0.9195312500000001 0.20703125 0.11875000000000002
35 0.34296875 0.15859375 0.1640625 0.17031250000000003
32 0.6695312499999999 0.18046875 0.10781249999999998 0.045312500000000006
36 0.66484375 0.20859375000000002 0.24531249999999993 0.0796875
19 0.4859375 0.21718749999999998 0.15390624999999997 0.052343749999999994
11 0.403125 0.4390625 0.16640624999999998 0.05703124999999998
20 0.5671875 0.4390625 0.12968750000000007 0.07265625000000003
26 0.7453125 0.45859375 0.13515624999999998 0.06406249999999997
