26 0.628125 0.47109375 0.109375 0.03125
99 0.7632812499999999 0.82421875 0.09218749999999998 0.14218750000000002
33 0.40390625 0.84453125 0.1359375 0.07734375000000004
99 0.8046875 0.86015625 0.10234374999999996 0.1796875
12 0.7749999999999999 0.91640625 0.19765624999999998 0.12187499999999996
36 0.3765625 0.9203125 0.1953125 0.12109375
35 0.3515625 0.15546875 0.18906249999999997 0.18671875
32 0.6765625 0.19296874999999997 0.14921875000000007 0.0921875
85 0.80546875 0.22265625 0.09218749999999998 0.046875
20 0.56953125 0.4359375 0.11562499999999998 0.07265625000000003
11 0.4375 0.45390625 0.15625 0.07265624999999998
26 0.7453125 0.4625 0.12812499999999993 0.07265625000000003
