99 0.7484375 0.8234375 0.11796874999999996 0.15546874999999993
99 0.8078125 0.853125 0.10234374999999996 0.1640625
36 0.36171875 0.8828125 0.159375 0.13515624999999998
12 0.75703125 0.9117187499999999 0.1875 0.11171874999999998
33 0.5203125 0.9203125 0.14687500000000003 0.1015625
35 0.34843749999999996 0.1578125 0.184375 0.1796875
32 0.68046875 0.2 0.13906249999999998 0.0921875
85 0.809375 0.22109375 0.10234374999999996 0.04765625000000001
20 0.565625 0.43984375 0.12265625000000002 0.08359374999999997
19 0.4453125 0.4515625 0.15234375 0.07500000000000001
26 0.6875 0.45703125 0.25 0.0703125
