83 0.62734375 0.478125 0.1125 0.0390625
33 0.70859375 0.59375 0.1765625 0.0984375
12 0.54609375 0.60390625 0.2125 0.1015625
26 0.34921875 0.60078125 0.0828125 0.06875
84 0.74609375 0.88125 0.1453125 0.121875
27 0.56484375 0.88984375 0.1453125 0.1390625
5 0.359375 0.88359375 0.1765625 0.1203125
6 0.36953125 0.15546875 0.190625 0.175
61 0.52734375 0.2171875 0.0921875 0.0484375
61 0.81171875 0.2296875 0.1125 0.05
81 0.68515625 0.23671875 0.1375 0.03125
99 0.57578125 0.44453125 0.125 0.0953125
7 0.446875 0.446875 0.1578125 0.0703125
83 0.74921875 0.46796875 0.134375 0.0734375
