26 0.74921875 0.46640625 0.26953125 0.05859375
12 0.43203125 0.58984375 0.146875 0.10078125
5 0.75546875 0.6046875 0.19375 0.09453125
19 0.56015625 0.60546875 0.1546875 0.08125
27 0.34609375 0.61640625 0.08125 0.0703125
32 0.74609375 0.86015625 0.1328125 0.11328125
33 0.48046875 0.86875 0.15078125 0.0609375
83 0.35859375 0.8984375 0.18671875 0.11796875
81 0.6015625 0.94375 0.225 0.09140625
35 0.36875 0.18671875 0.259375 0.12109375
84 0.68828125 0.21484375 0.09765625 0.05703125
61 0.56953125 0.23046875 0.14609375 0.0390625
84 0.39375 0.4546875 0.12578125 0.05625
