26 0.628125 0.47109375 0.109375 0.03125
5 0.440625 0.603125 0.284375 0.10234375
99 0.76328125 0.82421875 0.0921875 0.1421875
33 0.40390625 0.84453125 0.1359375 0.07734375
99 0.8046875 0.86015625 0.10234375 0.1796875
12 0.775 0.91640625 0.19765625 0.121875
36 0.3765625 0.9203125 0.1953125 0.12109375
35 0.3515625 0.15546875 0.1890625 0.18671875
32 0.6765625 0.19296875 0.14921875 0.0921875
85 0.80546875 0.22265625 0.0921875 0.046875
20 0.56953125 0.4359375 0.115625 0.07265625
11 0.4375 0.45390625 0.15625 0.07265625
26 0.7453125 0.4625 0.128125 0.07265625
