26 0.61953125 0.47265625 0.11171875 0.0359375
5 0.653125 0.60234375 0.2703125 0.09765625
52 0.41328125 0.609375 0.20703125 0.08671875
99 0.7625 0.83125 0.0953125 0.16640625
33 0.39765625 0.85234375 0.15625 0.08515625
99 0.81015625 0.85703125 0.10625 0.18203125
12 0.775 0.928125 0.2046875 0.10703125
35 0.33671875 0.159375 0.17109375 0.1828125
32 0.6703125 0.18046875 0.1109375 0.05078125
36 0.6640625 0.21015625 0.25859375 0.078125
19 0.478125 0.215625 0.14296875 0.05
20 0.56953125 0.4359375 0.12109375 0.0703125
11 0.403125 0.446875 0.18203125 0.0640625
26 0.746875 0.45859375 0.140625 0.06796875
85 0.33359375 0.4609375 0.10625 0.059375
