26 0.62890625 0.475 0.1078125 0.040625
83 0.62734375 0.55703125 0.1578125 0.05
20 0.39765625 0.57109375 0.1296875 0.0625
27 0.76953125 0.59375 0.078125 0.0609375
52 0.65078125 0.60078125 0.2125 0.096875
84 0.81953125 0.63125 0.125 0.0609375
61 0.41796875 0.62890625 0.153125 0.0375
85 0.67890625 0.82890625 0.096875 0.16875
33 0.3984375 0.84921875 0.1671875 0.0984375
12 0.5609375 0.87890625 0.1921875 0.09375
7 0.74609375 0.9390625 0.159375 0.078125
81 0.53125 0.9484375 0.1984375 0.075
35 0.34375 0.1546875 0.184375 0.178125
32 0.671875 0.184375 0.1140625 0.0515625
36 0.6640625 0.21328125 0.2640625 0.084375
19 0.4859375 0.215625 0.1578125 0.0546875
11 0.39765625 0.44296875 0.1625 0.05625
84 0.42421875 0.453125 0.1421875 0.0625
26 0.74765625 0.465625 0.13125 0.0734375
