5 0.75625 0.6140625 0.1984375 0.0984375
52 0.3703125 0.60390625 0.178125 0.1046875
26 0.54921875 0.615625 0.2265625 0.0796875
12 0.77109375 0.88984375 0.171875 0.128125
81 0.3984375 0.90546875 0.184375 0.0953125
27 0.61875 0.92109375 0.090625 0.0828125
20 0.37109375 0.196875 0.1375 0.0921875
84 0.60234375 0.215625 0.1015625 0.0546875
61 0.7890625 0.240625 0.1265625 0.028125
84 0.67421875 0.446875 0.1046875 0.0359375
19 0.55859375 0.4453125 0.1515625 0.0796875
7 0.38671875 0.45859375 0.19375 0.0609375
