36 0.4859375 0.565625 0.1171875 0.0515625
36 0.621875 0.58828125 0.16015625 0.06484375
79 0.76875 0.60078125 0.11484375 0.05625
7 0.4390625 0.6140625 0.17734375 0.07578125
6 0.59921875 0.875 0.18359375 0.0859375
83 0.7875 0.88046875 0.16328125 0.11015625
99 0.3953125 0.8875 0.146875 0.0921875
11 0.8171875 0.21328125 0.09921875 0.06953125
84 0.603125 0.215625 0.0859375 0.05
27 0.36953125 0.215625 0.08203125 0.0609375
85 0.59296875 0.40390625 0.0859375 0.15703125
20 0.38671875 0.4578125 0.128125 0.065625
