33 0.63359375 0.56953125 0.171875 0.084375
12 0.44765625 0.58984375 0.2 0.078125
84 0.67734375 0.58828125 0.1859375 0.0921875
35 0.771875 0.809375 0.1046875 0.165625
35 0.68359375 0.8125 0.1 0.1625
81 0.578125 0.871875 0.109375 0.0609375
5 0.8125 0.9203125 0.196875 0.11875
32 0.58203125 0.94921875 0.1984375 0.096875
84 0.78046875 0.18671875 0.1296875 0.0953125
6 0.36796875 0.20234375 0.2625 0.090625
83 0.46171875 0.215625 0.2171875 0.06875
7 0.6421875 0.209375 0.1609375 0.06875
99 0.37265625 0.446875 0.1390625 0.0890625
61 0.721875 0.44765625 0.1484375 0.0578125
61 0.5984375 0.45859375 0.1015625 0.0609375
