33 0.63046875 0.55546875 0.1609375 0.05625
32 0.33203125 0.58203125 0.10625 0.153125
12 0.4390625 0.59140625 0.1796875 0.078125
84 0.66796875 0.59921875 0.140625 0.084375
35 0.67890625 0.8125 0.1046875 0.1578125
35 0.7703125 0.81171875 0.090625 0.15625
81 0.56953125 0.87265625 0.115625 0.0765625
11 0.75078125 0.8890625 0.2140625 0.103125
6 0.3671875 0.1828125 0.23125 0.1109375
84 0.7890625 0.19296875 0.1640625 0.096875
83 0.465625 0.225 0.2234375 0.04375
83 0.628125 0.23046875 0.059375 0.0234375
99 0.38671875 0.409375 0.1109375 0.01875
79 0.4125 0.453125 0.2765625 0.0953125
61 0.68828125 0.4515625 0.1078125 0.0546875
