12 0.4203125 0.5859375 0.1375 0.09921875
5 0.753125 0.603125 0.203125 0.090625
19 0.56015625 0.6046875 0.1578125 0.08515625
27 0.34453125 0.61953125 0.08828125 0.06640625
32 0.746875 0.8609375 0.13203125 0.11171875
33 0.42421875 0.86171875 0.2328125 0.06328125
20 0.3703125 0.92265625 0.18203125 0.10390625
81 0.5875 0.95 0.190625 0.09453125
84 0.5421875 0.21015625 0.08046875 0.0546875
84 0.696875 0.21171875 0.1046875 0.04765625
61 0.36796875 0.22890625 0.13984375 0.03515625
83 0.41640625 0.45 0.18203125 0.09453125
36 0.60859375 0.4640625 0.07734375 0.05234375
