83 0.6171875 0.46328125 0.1046875 0.0453125
33 0.596875 0.55703125 0.184375 0.0796875
26 0.7875 0.57265625 0.0859375 0.0609375
79 0.66484375 0.59609375 0.2734375 0.1203125
84 0.434375 0.61015625 0.2390625 0.10625
35 0.77421875 0.81015625 0.0953125 0.15625
27 0.56171875 0.846875 0.146875 0.0859375
35 0.82578125 0.83359375 0.109375 0.175
5 0.421875 0.85625 0.1578125 0.0859375
12 0.790625 0.90234375 0.1984375 0.134375
85 0.54765625 0.9375 0.1703125 0.103125
6 0.32421875 0.1703125 0.1953125 0.1765625
84 0.64921875 0.18984375 0.146875 0.0921875
7 0.47890625 0.2171875 0.175 0.075
99 0.5640625 0.43125 0.1265625 0.078125
11 0.40546875 0.4484375 0.1765625 0.0765625
83 0.73828125 0.446875 0.14375 0.075
61 0.334375 0.471875 0.10625 0.065625
