26 0.6203125 0.47890625 0.1078125 0.0421875
83 0.58515625 0.5796875 0.1734375 0.090625
27 0.7640625 0.60078125 0.084375 0.0734375
5 0.440625 0.60390625 0.2828125 0.121875
7 0.703125 0.63203125 0.2421875 0.0671875
85 0.74296875 0.8390625 0.10625 0.153125
33 0.3890625 0.8453125 0.1515625 0.090625
36 0.5296875 0.85546875 0.1453125 0.0828125
85 0.7875 0.86953125 0.115625 0.1734375
12 0.74765625 0.93125 0.215625 0.13125
7 0.490625 0.9328125 0.1375 0.0875
35 0.36875 0.1484375 0.1890625 0.1921875
32 0.6890625 0.2046875 0.1390625 0.0953125
19 0.50234375 0.21484375 0.171875 0.0703125
20 0.57265625 0.44296875 0.1328125 0.078125
11 0.41015625 0.43515625 0.1703125 0.0734375
26 0.74453125 0.471875 0.140625 0.0765625
84 0.3390625 0.45546875 0.0953125 0.0578125
