83 0.62734375 0.4765625 0.1109375 0.0375
33 0.5875 0.58203125 0.18125 0.096875
79 0.68671875 0.6078125 0.284375 0.103125
35 0.7515625 0.83984375 0.1046875 0.1609375
12 0.6125 0.85546875 0.20625 0.103125
35 0.79296875 0.8625 0.1109375 0.1671875
27 0.35703125 0.87890625 0.1796875 0.128125
6 0.36640625 0.153125 0.196875 0.1796875
84 0.68125 0.20546875 0.1640625 0.0921875
61 0.815625 0.22890625 0.1109375 0.0484375
99 0.575 0.43984375 0.1328125 0.0921875
7 0.4421875 0.4453125 0.1453125 0.071875
83 0.74296875 0.46953125 0.1359375 0.075
