83 0.5890625 0.5765625 0.1765625 0.09453125
81 0.32265625 0.57734375 0.06015625 0.14609375
12 0.4375 0.584375 0.184375 0.06875
52 0.76328125 0.6 0.16328125 0.09609375
85 0.671875 0.81875 0.09921875 0.15625
85 0.7671875 0.82109375 0.08671875 0.15859375
61 0.56953125 0.87265625 0.11171875 0.06640625
11 0.74453125 0.89140625 0.19609375 0.08515625
32 0.79140625 0.19609375 0.13984375 0.08984375
26 0.659375 0.21953125 0.165625 0.05234375
5 0.4203125 0.45234375 0.27578125 0.0875
84 0.68984375 0.4578125 0.1078125 0.059375
