27 0.48359375 0.56484375 0.11875 0.0546875
27 0.61875 0.5921875 0.1625 0.0703125
52 0.76484375 0.61015625 0.1171875 0.0609375
85 0.43515625 0.61171875 0.1796875 0.08125
7 0.5859375 0.878125 0.1859375 0.09375
33 0.77421875 0.890625 0.1671875 0.115625
20 0.38203125 0.88359375 0.15 0.0984375
11 0.82734375 0.22421875 0.1015625 0.0734375
61 0.61328125 0.21953125 0.0890625 0.053125
26 0.3796875 0.2109375 0.084375 0.0640625
35 0.59609375 0.40703125 0.090625 0.1609375
99 0.38828125 0.45390625 0.1296875 0.0703125
