79 0.76015625 0.6046875 0.19609375 0.0921875
84 0.37421875 0.60859375 0.175 0.09921875
83 0.553125 0.6140625 0.22421875 0.07109375
12 0.784375 0.88046875 0.16796875 0.12265625
32 0.4125 0.90859375 0.18203125 0.08828125
26 0.63359375 0.91640625 0.0875 0.08046875
99 0.3609375 0.2015625 0.13515625 0.08671875
61 0.5921875 0.2125 0.10078125 0.0515625
81 0.7796875 0.23046875 0.12578125 0.0234375
61 0.671875 0.440625 0.10390625 0.0328125
7 0.55625 0.44296875 0.14921875 0.075
85 0.38515625 0.4625 0.1921875 0.05390625
