33 0.63515625 0.54609375 0.1640625 0.0453125
99 0.3984375 0.57734375 0.134375 0.0765625
26 0.775 0.5875 0.08125 0.059375
84 0.64296875 0.6015625 0.2046875 0.08125
81 0.41796875 0.625 0.165625 0.05
61 0.81875 0.628125 0.10625 0.059375
5 0.38671875 0.84765625 0.1359375 0.0859375
35 0.59765625 0.88046875 0.10625 0.184375
35 0.490625 0.88359375 0.115625 0.1828125
85 0.778125 0.93125 0.225 0.1375
6 0.3453125 0.153125 0.15625 0.16875
27 0.66640625 0.19375 0.2484375 0.1
7 0.4828125 0.21484375 0.15625 0.0515625
11 0.3984375 0.43671875 0.178125 0.059375
61 0.42109375 0.45546875 0.1390625 0.0609375
83 0.69140625 0.45859375 0.2375 0.0703125
