83 0.34453125 0.46796875 0.18359375 0.06171875
84 0.50859375 0.58671875 0.13125 0.09765625
33 0.728125 0.59296875 0.1765625 0.09921875
11 0.60625 0.88203125 0.10625 0.10390625
7 0.40546875 0.8828125 0.184375 0.08046875
11 0.746875 0.909375 0.09296875 0.0640625
79 0.76640625 0.203125 0.21484375 0.08359375
81 0.51015625 0.2296875 0.1421875 0.034375
99 0.37734375 0.43671875 0.12109375 0.07265625
61 0.51484375 0.4515625 0.1078125 0.05625
61 0.68671875 0.453125 0.1078125 0.05703125
26 0.790625 0.45625 0.07890625 0.065625
