83 0.6234375 0.5546875 0.153125 0.053125
20 0.40625 0.578125 0.1375 0.059375
52 0.63984375 0.59765625 0.1984375 0.0984375
85 0.671875 0.8203125 0.084375 0.159375
85 0.75703125 0.82109375 0.0859375 0.165625
61 0.5578125 0.8609375 0.1125 0.046875
5 0.77109375 0.9296875 0.20625 0.125
33 0.54921875 0.93203125 0.1609375 0.10625
12 0.36796875 0.94296875 0.1890625 0.090625
35 0.371875 0.1765625 0.2625 0.134375
32 0.7921875 0.19765625 0.134375 0.0890625
19 0.65234375 0.2140625 0.1546875 0.0625
26 0.46875 0.21640625 0.209375 0.0515625
11 0.4046875 0.446875 0.175 0.06875
84 0.72109375 0.4546875 0.15 0.059375
84 0.6015625 0.4625 0.1 0.05625
