61 0.334375 0.46875 0.1234375 0.0390625
52 0.459375 0.58671875 0.12734375 0.08515625
19 0.6109375 0.61015625 0.15703125 0.08515625
83 0.68671875 0.8296875 0.15234375 0.10234375
12 0.5546875 0.875 0.18671875 0.09921875
7 0.37734375 0.8875 0.184375 0.0953125
26 0.759375 0.90390625 0.19375 0.1046875
85 0.51875 0.159375 0.10546875 0.178125
32 0.67578125 0.19296875 0.18515625 0.10234375
27 0.39609375 0.44921875 0.07109375 0.0609375
36 0.5125 0.45234375 0.20703125 0.07265625
33 0.728125 0.453125 0.17265625 0.071875
