26 0.62421875 0.4796875 0.109375 0.040625
83 0.58671875 0.58359375 0.1703125 0.09375
27 0.75859375 0.609375 0.08125 0.0671875
5 0.43203125 0.603125 0.2890625 0.1140625
85 0.74296875 0.8359375 0.109375 0.15
33 0.38125 0.8390625 0.1609375 0.06875
85 0.7875 0.86875 0.115625 0.1796875
12 0.7421875 0.9296875 0.1875 0.140625
36 0.3515625 0.91875 0.1953125 0.121875
7 0.52421875 0.92890625 0.1375 0.0765625
35 0.37109375 0.14921875 0.196875 0.19375
32 0.68984375 0.20703125 0.15 0.10625
19 0.5078125 0.21484375 0.1671875 0.071875
20 0.57109375 0.44296875 0.11875 0.084375
11 0.4078125 0.440625 0.18125 0.06875
26 0.75078125 0.471875 0.14375 0.0734375
84 0.340625 0.45390625 0.0953125 0.0640625
