26 0.62578125 0.47265625 0.12734375 0.0359375
83 0.58359375 0.5671875 0.15390625 0.0640625
27 0.77109375 0.5796875 0.0765625 0.0359375
5 0.64921875 0.60546875 0.246875 0.090625
52 0.41953125 0.60703125 0.228125 0.09140625
84 0.8234375 0.62421875 0.11328125 0.0609375
85 0.75390625 0.8265625 0.0953125 0.14765625
33 0.40078125 0.85 0.13515625 0.08671875
85 0.80546875 0.8515625 0.10625 0.17265625
81 0.553125 0.85390625 0.13984375 0.05859375
12 0.77578125 0.91875 0.19375 0.121875
7 0.525 0.92265625 0.1640625 0.1359375
35 0.340625 0.1578125 0.175 0.178125
32 0.66875 0.1796875 0.11171875 0.046875
36 0.66171875 0.20546875 0.26015625 0.0703125
19 0.48203125 0.21796875 0.1484375 0.05390625
20 0.5703125 0.4359375 0.1328125 0.07265625
11 0.40625 0.4421875 0.16953125 0.06015625
84 0.4203125 0.45390625 0.1390625 0.0609375
26 0.746875 0.46015625 0.1234375 0.065625
