33 0.59375 0.571875 0.1703125 0.090625
79 0.69453125 0.5984375 0.2796875 0.1015625
35 0.75390625 0.81875 0.1203125 0.1578125
35 0.8140625 0.84765625 0.10625 0.165625
27 0.36875 0.88515625 0.1609375 0.1375
12 0.7640625 0.90703125 0.1890625 0.1140625
5 0.52734375 0.91953125 0.1484375 0.1046875
6 0.3421875 0.16015625 0.1875 0.1828125
84 0.675 0.196875 0.140625 0.0953125
61 0.8046875 0.215625 0.103125 0.05
99 0.56484375 0.4390625 0.1234375 0.0859375
7 0.44453125 0.45234375 0.1546875 0.078125
83 0.68671875 0.45390625 0.2515625 0.075
