32 0.32890625 0.58203125 0.07265625 0.14921875
12 0.40546875 0.5875 0.14140625 0.07109375
84 0.7796875 0.596875 0.14140625 0.09296875
6 0.5796875 0.59921875 0.290625 0.11875
35 0.6734375 0.82265625 0.0921875 0.15703125
35 0.76171875 0.8234375 0.08671875 0.159375
81 0.5671875 0.87734375 0.09921875 0.0609375
11 0.74453125 0.890625 0.19765625 0.09296875
84 0.7921875 0.19609375 0.12890625 0.09453125
83 0.6484375 0.2203125 0.18359375 0.046875
79 0.4140625 0.45 0.28515625 0.07890625
61 0.6859375 0.45625 0.10625 0.0546875
