83 0.6296875 0.5578125 0.16015625 0.053125
81 0.33046875 0.57890625 0.10390625 0.15078125
12 0.4375 0.590625 0.17734375 0.075
52 0.66640625 0.60234375 0.1390625 0.08125
85 0.6734375 0.815625 0.1015625 0.15703125
85 0.76484375 0.81640625 0.0875 0.1546875
61 0.56328125 0.8734375 0.11484375 0.075
11 0.74375 0.89375 0.21171875 0.09921875
35 0.37265625 0.18046875 0.23046875 0.10625
32 0.79453125 0.1984375 0.1625 0.09296875
26 0.4703125 0.22421875 0.22265625 0.03984375
26 0.6328125 0.2328125 0.06015625 0.021875
20 0.38828125 0.40703125 0.1109375 0.01640625
5 0.41328125 0.4515625 0.275 0.090625
84 0.6890625 0.4546875 0.10703125 0.05390625
