84 0.50625 0.5890625 0.13984375 0.0953125
33 0.72890625 0.5921875 0.175 0.09296875
84 0.35625 0.60703125 0.15546875 0.09140625
11 0.60703125 0.890625 0.10078125 0.10078125
6 0.4296875 0.896875 0.275 0.14765625
11 0.746875 0.90703125 0.0921875 0.0703125
79 0.7671875 0.20234375 0.22109375 0.07734375
81 0.51484375 0.23046875 0.1296875 0.0296875
99 0.3796875 0.4296875 0.11640625 0.05859375
61 0.51640625 0.453125 0.11171875 0.05703125
61 0.6859375 0.45390625 0.103125 0.05703125
26 0.7921875 0.45625 0.078125 0.0609375
83 0.3515625 0.46484375 0.18359375 0.06640625
