33 0.62890625 0.57890625 0.171875 0.084375
12 0.44140625 0.5859375 0.2 0.078125
84 0.67109375 0.60078125 0.1859375 0.0921875
35 0.75 0.82734375 0.1046875 0.165625
35 0.66171875 0.82421875 0.1 0.1625
81 0.5515625 0.8765625 0.109375 0.0609375
5 0.7828125 0.940625 0.196875 0.11875
32 0.55078125 0.95234375 0.1984375 0.0953125
84 0.8015625 0.20703125 0.1296875 0.0953125
6 0.3890625 0.19375 0.2625 0.090625
83 0.48203125 0.2140625 0.2171875 0.06875
7 0.6625 0.2203125 0.1609375 0.06875
99 0.3765625 0.4375 0.1390625 0.0890625
61 0.725 0.46328125 0.1484375 0.0578125
61 0.6015625 0.46484375 0.1015625 0.0609375
