20 0.4015625 0.57734375 0.15625 0.0703125
52 0.63828125 0.5984375 0.2015625 0.090625
99 0.76015625 0.82109375 0.08671875 0.1609375
99 0.67734375 0.82109375 0.0953125 0.165625
5 0.775 0.92578125 0.20546875 0.128125
33 0.5453125 0.9265625 0.1703125 0.11484375
12 0.36796875 0.94375 0.18359375 0.09296875
35 0.37421875 0.18125 0.2453125 0.1171875
32 0.79609375 0.2 0.13046875 0.08984375
26 0.46953125 0.2140625 0.21875 0.0546875
19 0.653125 0.2140625 0.1578125 0.0625
11 0.39609375 0.43671875 0.15234375 0.05625
85 0.5265625 0.4546875 0.09375 0.05390625
