33 0.63515625 0.5390625 0.1671875 0.046875
99 0.403125 0.5828125 0.1453125 0.0796875
26 0.77578125 0.5734375 0.08125 0.0671875
84 0.65 0.5953125 0.20625 0.084375
81 0.42421875 0.62734375 0.16875 0.053125
61 0.82578125 0.6109375 0.1140625 0.0640625
35 0.69765625 0.81328125 0.1078125 0.1703125
5 0.4171875 0.853125 0.1390625 0.084375
12 0.58671875 0.88046875 0.2140625 0.096875
79 0.7921875 0.90234375 0.2203125 0.1234375
32 0.5859375 0.94921875 0.221875 0.1015625
6 0.31796875 0.178125 0.1828125 0.159375
27 0.64765625 0.19453125 0.2609375 0.10625
7 0.4640625 0.21953125 0.1453125 0.0578125
35 0.52890625 0.40390625 0.0953125 0.16875
11 0.39453125 0.44609375 0.1546875 0.059375
61 0.41796875 0.45703125 0.14375 0.0609375
83 0.68984375 0.45078125 0.240625 0.08125
