26 0.628125 0.47265625 0.1078125 0.03828125
20 0.39921875 0.57265625 0.128125 0.0609375
52 0.65234375 0.5984375 0.21171875 0.09296875
85 0.821875 0.62578125 0.1234375 0.059375
99 0.684375 0.82578125 0.09375 0.16796875
33 0.4046875 0.85078125 0.165625 0.09453125
12 0.5671875 0.878125 0.1921875 0.09140625
81 0.5390625 0.94765625 0.196875 0.071875
35 0.3375 0.1578125 0.18203125 0.17578125
32 0.66640625 0.18125 0.11328125 0.05
36 0.659375 0.21015625 0.2625 0.07890625
19 0.48125 0.215625 0.15625 0.05234375
11 0.396875 0.44453125 0.1609375 0.053125
26 0.746875 0.4609375 0.1296875 0.07109375
