26 0.61953125 0.4765625 0.1078125 0.0390625
83 0.57578125 0.5765625 0.1515625 0.0953125
27 0.76484375 0.59765625 0.0671875 0.0640625
52 0.6484375 0.603125 0.2125 0.09375
61 0.40234375 0.6203125 0.1703125 0.0375
84 0.81484375 0.63515625 0.1171875 0.0625
85 0.74921875 0.8359375 0.096875 0.1609375
33 0.390625 0.8453125 0.146875 0.090625
85 0.79296875 0.86328125 0.1046875 0.175
7 0.5109375 0.90703125 0.171875 0.0859375
12 0.7609375 0.92890625 0.2109375 0.1265625
35 0.3546875 0.153125 0.1703125 0.1765625
32 0.68046875 0.18671875 0.109375 0.0484375
36 0.675 0.21484375 0.2484375 0.0875
19 0.49609375 0.2171875 0.1546875 0.0578125
11 0.40546875 0.4359375 0.1671875 0.0625
20 0.56953125 0.44140625 0.13125 0.0765625
84 0.42421875 0.45234375 0.1515625 0.0640625
26 0.746875 0.4671875 0.1375 0.06875
