20 0.38125 0.57578125 0.1234375 0.08515625
5 0.75625 0.603125 0.19453125 0.0953125
26 0.54765625 0.6125 0.23359375 0.08046875
12 0.78359375 0.87734375 0.1703125 0.13203125
81 0.40078125 0.9046875 0.18671875 0.08046875
27 0.63828125 0.91796875 0.0875 0.07890625
84 0.5859375 0.21328125 0.08515625 0.0515625
33 0.40234375 0.2140625 0.19375 0.05859375
84 0.71484375 0.2203125 0.11171875 0.04609375
83 0.39921875 0.41953125 0.178125 0.05859375
19 0.565625 0.446875 0.1296875 0.07578125
36 0.40703125 0.46015625 0.278125 0.06796875
