81 0.3375 0.46796875 0.13984375 0.034375
84 0.44921875 0.590625 0.14765625 0.09296875
7 0.60546875 0.6078125 0.165625 0.09453125
33 0.6875 0.828125 0.15078125 0.09765625
85 0.3796875 0.88828125 0.1859375 0.09609375
6 0.54453125 0.8921875 0.26640625 0.13984375
83 0.7515625 0.896875 0.2140625 0.11015625
79 0.73984375 0.19765625 0.21875 0.08203125
99 0.3671875 0.20703125 0.1609375 0.0828125
26 0.39609375 0.44765625 0.07265625 0.06171875
5 0.7359375 0.45 0.1546875 0.06328125
27 0.5171875 0.45 0.209375 0.06640625
