33 0.58671875 0.578125 0.1671875 0.09296875
26 0.72265625 0.60859375 0.08671875 0.0734375
35 0.76015625 0.8328125 0.11171875 0.165625
35 0.803125 0.8578125 0.10078125 0.171875
27 0.3703125 0.88203125 0.17578125 0.1234375
5 0.62421875 0.88359375 0.2078125 0.1015625
6 0.3546875 0.15546875 0.1609375 0.16640625
84 0.68125 0.1984375 0.14140625 0.096875
61 0.81171875 0.221875 0.0921875 0.0515625
99 0.5734375 0.43828125 0.121875 0.0765625
7 0.44453125 0.4484375 0.15 0.06640625
83 0.6875 0.459375 0.240625 0.065625
