83 0.61953125 0.4765625 0.1078125 0.0390625
33 0.58671875 0.578125 0.171875 0.0875
26 0.765625 0.59609375 0.0828125 0.071875
79 0.4421875 0.60546875 0.28125 0.1171875
85 0.7046875 0.628125 0.2421875 0.0625
35 0.7484375 0.834375 0.103125 0.1515625
5 0.39453125 0.84765625 0.15 0.0875
27 0.5359375 0.8546875 0.14375 0.0796875
35 0.79375 0.8640625 0.1125 0.171875
12 0.7546875 0.92734375 0.2140625 0.128125
85 0.4984375 0.9328125 0.1359375 0.0859375
6 0.36328125 0.15078125 0.1859375 0.1890625
84 0.68359375 0.2015625 0.1375 0.0921875
7 0.49765625 0.21484375 0.1703125 0.0671875
99 0.571875 0.44140625 0.1328125 0.075
11 0.409375 0.43671875 0.16875 0.0703125
83 0.74453125 0.46796875 0.1390625 0.0734375
61 0.33828125 0.45859375 0.09375 0.05625
