33 0.5921875 0.5734375 0.16796875 0.08828125
79 0.69296875 0.6015625 0.278125 0.09765625
35 0.7484375 0.8234375 0.11796875 0.15546875
35 0.8078125 0.853125 0.10234375 0.1640625
27 0.36171875 0.8828125 0.159375 0.13515625
12 0.75703125 0.91171875 0.1875 0.11171875
5 0.5203125 0.9203125 0.146875 0.1015625
6 0.3484375 0.1578125 0.184375 0.1796875
84 0.68046875 0.2 0.1390625 0.0921875
61 0.809375 0.22109375 0.10234375 0.04765625
99 0.565625 0.43984375 0.12265625 0.08359375
7 0.4453125 0.4515625 0.15234375 0.075
83 0.6875 0.45703125 0.25 0.0703125
