32 0.54140625 0.46953125 0.2203125 0.03359375
79 0.72734375 0.5859375 0.2078125 0.08984375
61 0.3765625 0.603125 0.1171875 0.06796875
5 0.5515625 0.60390625 0.1609375 0.08046875
35 0.59765625 0.8265625 0.10625 0.1703125
11 0.73359375 0.8640625 0.1828125 0.0921875
12 0.54765625 0.909375 0.22578125 0.07734375
35 0.7359375 0.16953125 0.0921875 0.15390625
83 0.50078125 0.221875 0.21875 0.05390625
27 0.7921875 0.45078125 0.121875 0.0765625
99 0.36171875 0.4515625 0.13984375 0.08125
27 0.6875 0.45234375 0.078125 0.0515625
