12 0.4359375 0.59140625 0.159375 0.0984375
5 0.75 0.59453125 0.203125 0.1015625
19 0.565625 0.60546875 0.153125 0.090625
27 0.3421875 0.62265625 0.0890625 0.0734375
33 0.4359375 0.8625 0.2328125 0.065625
32 0.76015625 0.85390625 0.134375 0.1390625
20 0.3875 0.92578125 0.18125 0.125
81 0.6125 0.9484375 0.215625 0.0953125
84 0.53046875 0.20703125 0.0828125 0.0578125
84 0.69140625 0.2078125 0.10625 0.0546875
61 0.35546875 0.23359375 0.1390625 0.040625
35 0.41875 0.4484375 0.25 0.0984375
36 0.60703125 0.4609375 0.10625 0.0625
