6 0.45625 0.559375 0.25703125 0.10859375
26 0.746875 0.5984375 0.07890625 0.065625
20 0.603125 0.60390625 0.1421875 0.0640625
83 0.36796875 0.61875 0.12890625 0.0578125
99 0.6484375 0.88203125 0.14453125 0.08359375
27 0.78984375 0.8828125 0.1703125 0.128125
11 0.4 0.88515625 0.1828125 0.0953125
35 0.6484375 0.16953125 0.10390625 0.15546875
33 0.80546875 0.19921875 0.19375 0.090625
79 0.409375 0.2015625 0.20078125 0.084375
61 0.7515625 0.44765625 0.12734375 0.059375
85 0.56171875 0.4578125 0.246875 0.0578125
