7 0.4734375 0.60859375 0.153125 0.04765625
33 0.4234375 0.86328125 0.15625 0.10546875
79 0.5984375 0.86875 0.1765625 0.0953125
27 0.803125 0.89609375 0.17265625 0.090625
35 0.41015625 0.16328125 0.0984375 0.1328125
99 0.8359375 0.2140625 0.134375 0.0609375
52 0.40078125 0.215625 0.11171875 0.046875
20 0.70859375 0.21875 0.13515625 0.04921875
81 0.56640625 0.228125 0.14609375 0.02890625
11 0.82265625 0.4484375 0.121875 0.07890625
61 0.44921875 0.4515625 0.12421875 0.059375
85 0.646875 0.46015625 0.16953125 0.05
