12 0.421875 0.58828125 0.1625 0.0921875
19 0.5625 0.603125 0.153125 0.096875
5 0.7515625 0.60390625 0.203125 0.0890625
27 0.35078125 0.6171875 0.08125 0.071875
35 0.79453125 0.85 0.1546875 0.234375
20 0.52109375 0.875 0.1359375 0.10625
7 0.3671875 0.90078125 0.153125 0.1046875
26 0.57421875 0.2125 0.084375 0.046875
84 0.7109375 0.2140625 0.1 0.059375
81 0.378125 0.23203125 0.221875 0.0265625
83 0.39296875 0.4203125 0.1765625 0.06875
36 0.39453125 0.45703125 0.2609375 0.084375
26 0.61953125 0.45859375 0.1953125 0.0640625
