20 0.40625 0.578125 0.1375 0.05859375
52 0.63984375 0.59765625 0.19765624999999998 0.09765625
99 0.671875 0.8203125 0.08515625000000004 0.15859374999999998
99 0.75703125 0.82109375 0.08671874999999996 0.16562500000000002
33 0.54921875 0.93203125 0.16015625 0.10624999999999996
12 0.36796874999999996 0.94296875 0.18828125 0.09062499999999996
35 0.371875 0.1765625 0.26250000000000007 0.13515624999999998
32 0.7921875 0.19765624999999998 0.13437500000000002 0.08828125
19 0.65234375 0.2140625 0.15546874999999993 0.06171875000000002
26 0.46874999999999994 0.21640624999999997 0.21015624999999993 0.052343749999999994
11 0.4046875 0.446875 0.17578125 0.0703125
85 0.6015625 0.4625 0.09921875000000002 0.05703124999999998
