20 0.39921875 0.57734375 0.1421875 0.07265625
52 0.64453125 0.603125 0.20234375 0.0734375
85 0.81953125 0.628125 0.11171875 0.05859375
99 0.68125 0.8234375 0.1 0.16484375
33 0.3984375 0.8484375 0.13515625 0.07734375
12 0.56640625 0.884375 0.21015625 0.0859375
5 0.77109375 0.9171875 0.2140625 0.11171875
81 0.56328125 0.95390625 0.2171875 0.090625
35 0.33515625 0.16875 0.175 0.15
36 0.66328125 0.20234375 0.25625 0.0921875
19 0.47890625 0.21796875 0.1421875 0.05
99 0.53359375 0.40546875 0.08671875 0.1640625
11 0.39765625 0.440625 0.1515625 0.0515625
26 0.6921875 0.4609375 0.23828125 0.06875
