26 0.62265625 0.471875 0.1125 0.0375
83 0.6296875 0.55390625 0.153125 0.053125
20 0.40859375 0.5734375 0.1484375 0.06875
27 0.77265625 0.58359375 0.0703125 0.05625
52 0.64453125 0.5953125 0.2046875 0.0953125
61 0.41953125 0.62734375 0.16875 0.0453125
84 0.821875 0.6203125 0.1265625 0.0609375
85 0.690625 0.81640625 0.1 0.159375
33 0.4078125 0.8515625 0.1421875 0.0921875
12 0.5828125 0.88359375 0.1875 0.090625
5 0.775 0.91328125 0.215625 0.11875
81 0.56328125 0.9515625 0.1953125 0.0703125
35 0.334375 0.1640625 0.178125 0.18125
32 0.6625 0.17578125 0.1171875 0.0515625
36 0.65546875 0.2046875 0.2828125 0.0828125
19 0.47734375 0.21328125 0.1578125 0.0578125
11 0.39765625 0.44453125 0.178125 0.0546875
84 0.41953125 0.45390625 0.134375 0.0578125
26 0.7421875 0.45625 0.125 0.0703125
