12 0.4171875 0.584375 0.1671875 0.1
19 0.55703125 0.60625 0.1578125 0.1046875
5 0.74609375 0.6171875 0.2078125 0.1
27 0.34453125 0.609375 0.084375 0.075
35 0.77578125 0.86484375 0.1671875 0.2421875
20 0.5015625 0.87578125 0.140625 0.1125
7 0.34609375 0.89296875 0.159375 0.1125
26 0.5890625 0.21640625 0.0859375 0.0515625
84 0.72578125 0.22578125 0.103125 0.0640625
81 0.3921875 0.22578125 0.2234375 0.0375
83 0.39765625 0.41484375 0.1796875 0.078125
36 0.396875 0.4515625 0.2640625 0.0984375
26 0.621875 0.46484375 0.1984375 0.0734375
