12 0.421875 0.5875 0.1390625 0.1015625
5 0.7546875 0.5984375 0.2046875 0.09375
19 0.56171875 0.60390625 0.159375 0.0875
27 0.346875 0.621875 0.0890625 0.06875
32 0.753125 0.85625 0.1328125 0.1140625
33 0.43046875 0.86328125 0.234375 0.0671875
20 0.37734375 0.925 0.1828125 0.1078125
81 0.5953125 0.9484375 0.1921875 0.096875
84 0.5375 0.209375 0.08125 0.05625
84 0.6921875 0.20859375 0.10625 0.05
61 0.36328125 0.23125 0.140625 0.0375
83 0.415625 0.4515625 0.184375 0.096875
36 0.6078125 0.4625 0.078125 0.0546875
