26 0.6234374999999999 0.47421875 0.11171874999999998 0.03515625
20 0.40703125 0.571875 0.14687499999999998 0.06562500000000004
52 0.64296875 0.59765625 0.203125 0.09140625000000002
85 0.81953125 0.62578125 0.12578125000000007 0.05859375
99 0.68515625 0.81953125 0.09765625 0.15703125000000007
33 0.4015625 0.85 0.14218750000000002 0.08984375
12 0.57578125 0.8851562500000001 0.18593750000000003 0.08750000000000002
81 0.55546875 0.95234375 0.19375000000000003 0.06796875000000002
35 0.34062500000000007 0.1609375 0.175 0.17734375000000002
32 0.66796875 0.17890625 0.11640625000000004 0.05000000000000002
36 0.6609375 0.2078125 0.28046874999999993 0.07734375000000002
19 0.48203125 0.21328125 0.15703124999999996 0.05390624999999999
11 0.3984375 0.44296875 0.17734374999999997 0.05078125
26 0.74296875 0.46015625 0.12265625000000002 0.06874999999999998
