20 0.3807641453411222 0.5381419458612101 0.17096295768197833 0.12040628640411044
52 0.5952507235816491 0.6404953563822832 0.22051495963831175 0.1552508930796095
99 0.6317893304177766 0.8916810476537754 0.137417072846029 0.1810796525860059
99 0.5541799658233338 0.8627899299270962 0.14710622111866062 0.18847077034600712
33 0.39364898931802683 0.9155697914784264 0.19967769610764524 0.16704566282829403
12 0.22145153315835256 0.86980679428146 0.2044928649921594 0.15117855709913508
35 0.49332517295075295 0.15739537067426373 0.2707830956760089 0.19540769486173304
32 0.8821522489465913 0.32214846805797503 0.15361549458339696 0.12971597725204115
26 0.5712017346111444 0.22139829214239073 0.22408490874822207 0.127567627217747
19 0.7432602315893906 0.28544935502700974 0.1697017081718094 0.11362976366362859
11 0.4246993872150954 0.4044445548132245 0.16239609973808744 0.10586454912738047
85 0.5407019172109289 0.4668014609078246 0.10666614032522653 0.08322622909639676
