26 0.62109375 0.47734375 0.1078125 0.0375
83 0.590625 0.57734375 0.175 0.0921875
27 0.765625 0.5921875 0.08125 0.059375
5 0.43828125 0.60625 0.275 0.09375
85 0.76015625 0.8265625 0.1046875 0.146875
85 0.809375 0.85390625 0.096875 0.16875
36 0.35625 0.89375 0.175 0.125
33 0.52265625 0.91953125 0.1609375 0.1109375
12 0.76015625 0.91953125 0.178125 0.1203125
35 0.35078125 0.15625 0.190625 0.1875
32 0.6734375 0.19765625 0.121875 0.0890625
84 0.8015625 0.21796875 0.103125 0.0453125
20 0.565625 0.434375 0.11875 0.078125
19 0.44140625 0.45078125 0.1515625 0.075
26 0.7421875 0.4625 0.134375 0.06875
