12 0.425 0.58515625 0.146875 0.08828125
5 0.75234375 0.6046875 0.20078125 0.0921875
19 0.56015625 0.60546875 0.1578125 0.0875
27 0.33671875 0.6203125 0.0765625 0.06640625
33 0.6453125 0.86484375 0.1421875 0.09453125
32 0.76796875 0.8671875 0.13671875 0.12734375
20 0.51015625 0.87109375 0.1421875 0.10078125
7 0.36953125 0.896875 0.1515625 0.1015625
84 0.57421875 0.21171875 0.0796875 0.05
84 0.7125 0.21875 0.11171875 0.05234375
83 0.38203125 0.44609375 0.20234375 0.09296875
26 0.61640625 0.4609375 0.19609375 0.05859375
