99 0.8834790478556678 0.677170128481138 0.17505171975557832 0.19837117231862755
99 0.9245169282634527 0.6797747245760146 0.15096614347309467 0.19893307979359565
36 0.5591982096026705 0.8990768041525976 0.21275974582684554 0.1901162194250441
33 0.7857641565716915 0.7844526493276074 0.23125679266747534 0.18529381370262488
35 0.21332106273655138 0.2599319017188827 0.21918923031512938 0.22155497187949663
32 0.5234346406741546 0.14894114236680586 0.1700460070690949 0.15078211147353254
85 0.6501968155541009 0.11017566606999776 0.1055614233943255 0.08798734320188267
20 0.5371230225037041 0.4115457648950488 0.14339165410830196 0.12378979543211571
19 0.427100252560178 0.47947926765384175 0.16376854749585046 0.12760649786909317
26 0.6482207840104566 0.378191790866438 0.24402337727366374 0.16831964721391002
