26 0.625 0.4796875 0.1 0.04375
83 0.63125 0.55859375 0.1578125 0.0484375
20 0.40625 0.57109375 0.1578125 0.0625
27 0.7671875 0.596875 0.0703125 0.059375
52 0.64921875 0.60390625 0.20625 0.1
84 0.81484375 0.63671875 0.1203125 0.0609375
61 0.4171875 0.62734375 0.1578125 0.05
33 0.3921875 0.8515625 0.14375 0.096875
7 0.74375 0.91875 0.1734375 0.0859375
81 0.52421875 0.9578125 0.1953125 0.084375
35 0.35 0.1546875 0.1828125 0.1828125
32 0.678125 0.18828125 0.1171875 0.0515625
36 0.678125 0.21640625 0.246875 0.0859375
19 0.49609375 0.21328125 0.1625 0.0625
11 0.39921875 0.4390625 0.1625 0.0515625
84 0.42578125 0.4515625 0.146875 0.0546875
26 0.7421875 0.471875 0.13125 0.0703125
