61 0.340625 0.46953125 0.13125 0.04296875
52 0.4546875 0.58671875 0.1359375 0.07890625
19 0.60703125 0.61015625 0.16796875 0.09453125
83 0.68671875 0.83046875 0.15078125 0.1015625
7 0.3890625 0.8890625 0.20546875 0.09765625
35 0.54375 0.89140625 0.278125 0.14296875
26 0.76015625 0.8984375 0.2125 0.1140625
20 0.371875 0.20546875 0.17734375 0.08125
5 0.7515625 0.20625 0.21015625 0.09296875
27 0.39765625 0.44921875 0.0734375 0.0609375
36 0.5171875 0.45234375 0.22421875 0.0703125
33 0.7328125 0.453125 0.1625 0.06171875
