83 0.34609375 0.4625 0.1859375 0.0671875
84 0.50546875 0.58671875 0.134375 0.103125
33 0.725 0.60078125 0.1796875 0.1046875
11 0.59296875 0.88515625 0.109375 0.1078125
7 0.3921875 0.87890625 0.1875 0.0875
11 0.7328125 0.91796875 0.0953125 0.0671875
79 0.7765625 0.2125 0.2171875 0.0921875
81 0.51953125 0.23046875 0.14375 0.0390625
99 0.3796875 0.4328125 0.1234375 0.0765625
61 0.51640625 0.45234375 0.109375 0.059375
61 0.68828125 0.459375 0.109375 0.0609375
26 0.7921875 0.46640625 0.08125 0.06875
