79 0.75625 0.59453125 0.20625 0.0984375
84 0.36484375 0.6140625 0.140625 0.1046875
83 0.559375 0.61171875 0.225 0.0828125
12 0.79765625 0.865625 0.171875 0.128125
32 0.43359375 0.909375 0.1890625 0.0984375
26 0.64921875 0.909375 0.0921875 0.078125
99 0.34921875 0.21015625 0.159375 0.0921875
61 0.57890625 0.21015625 0.1015625 0.053125
81 0.771875 0.21640625 0.11875 0.034375
61 0.66796875 0.434375 0.0984375 0.040625
7 0.5578125 0.44140625 0.159375 0.08125
33 0.38203125 0.4484375 0.15625 0.0984375
