32 0.36640625 0.58671875 0.1421875 0.0953125
83 0.515625 0.5921875 0.175 0.09375
84 0.6890625 0.6015625 0.140625 0.059375
12 0.36171875 0.875 0.1671875 0.084375
26 0.503125 0.88984375 0.121875 0.0921875
26 0.66015625 0.896875 0.0828125 0.078125
5 0.759375 0.203125 0.21875 0.078125
61 0.51328125 0.2265625 0.1359375 0.028125
20 0.37109375 0.43671875 0.1359375 0.0859375
84 0.678125 0.45390625 0.10625 0.0609375
27 0.78671875 0.45546875 0.0796875 0.0671875
33 0.52265625 0.46328125 0.1671875 0.065625
