83 0.628125 0.5765625 0.165625 0.0921875
81 0.32265625 0.57734375 0.06796875 0.14453125
12 0.440625 0.590625 0.18359375 0.07578125
52 0.67265625 0.5921875 0.19609375 0.08671875
85 0.7640625 0.81796875 0.08359375 0.15390625
85 0.67109375 0.82109375 0.10234375 0.1640625
61 0.565625 0.875 0.1140625 0.06171875
11 0.74765625 0.8875 0.19609375 0.090625
35 0.3796875 0.18359375 0.2453125 0.12109375
32 0.79140625 0.19453125 0.12890625 0.096875
19 0.65625 0.2109375 0.1609375 0.065625
26 0.471875 0.221875 0.2171875 0.05390625
5 0.41328125 0.44921875 0.27109375 0.08046875
84 0.721875 0.45625 0.15 0.05859375
