26 0.61953125 0.47265625 0.1109375 0.0359375
83 0.58828125 0.56796875 0.171875 0.06875
27 0.7703125 0.59140625 0.075 0.0609375
5 0.653125 0.60234375 0.26875 0.0984375
52 0.41328125 0.609375 0.2078125 0.0875
85 0.7625 0.83125 0.09375 0.165625
33 0.39765625 0.85234375 0.15625 0.0859375
85 0.81015625 0.85703125 0.10625 0.1828125
7 0.52734375 0.915625 0.1984375 0.11875
12 0.775 0.928125 0.20625 0.10625
35 0.33671875 0.159375 0.1703125 0.18125
32 0.6703125 0.18046875 0.109375 0.0515625
36 0.6640625 0.21015625 0.259375 0.078125
19 0.478125 0.215625 0.14375 0.05
20 0.56953125 0.4359375 0.1203125 0.071875
11 0.403125 0.446875 0.18125 0.0625
26 0.746875 0.45859375 0.140625 0.0671875
84 0.33359375 0.4609375 0.10625 0.059375
