26 0.62109375 0.47734375 0.10703125000000002 0.03749999999999998
99 0.76015625 0.8265625 0.10468750000000004 0.14765625000000004
99 0.809375 0.85390625 0.09765625 0.16874999999999996
36 0.35625 0.89375 0.17578125 0.12656250000000002
33 0.52265625 0.9195312500000001 0.16015625 0.11093750000000002
12 0.7601562499999999 0.9195312499999999 0.17812499999999998 0.11953124999999998
35 0.35078125000000004 0.15625 0.190625 0.18906250000000002
32 0.6734375 0.19765624999999998 0.12187499999999996 0.08828125
85 0.8015625 0.21796875 0.10468750000000004 0.044531249999999994
20 0.565625 0.43437500000000007 0.11875000000000002 0.07890625000000001
19 0.44140624999999994 0.45078125 0.15156249999999993 0.07500000000000001
26 0.7421875 0.4625 0.13359375000000007 0.06875000000000003
