26 0.62109375 0.46640625 0.1109375 0.04375
83 0.590625 0.575 0.1828125 0.096875
27 0.72421875 0.5984375 0.08125 0.065625
85 0.7734375 0.8203125 0.1140625 0.165625
85 0.8203125 0.83984375 0.1078125 0.1703125
12 0.63671875 0.846875 0.2078125 0.1046875
36 0.38046875 0.8921875 0.1703125 0.125
35 0.33125 0.16953125 0.2328125 0.1671875
32 0.653125 0.1921875 0.15 0.0921875
84 0.7953125 0.2078125 0.115625 0.05
20 0.56640625 0.4359375 0.121875 0.0796875
19 0.43828125 0.45 0.1453125 0.0703125
26 0.73828125 0.45 0.140625 0.06875
