83 0.61796875 0.4734375 0.11171875 0.0328125
33 0.58984375 0.5734375 0.17109375 0.08046875
26 0.7640625 0.58984375 0.08828125 0.0640625
79 0.44453125 0.609375 0.29140625 0.10234375
85 0.7140625 0.61953125 0.2375 0.05234375
35 0.75625 0.82578125 0.08515625 0.146875
5 0.4046875 0.84375 0.14921875 0.06640625
35 0.8078125 0.8515625 0.1046875 0.17109375
27 0.5484375 0.85390625 0.134375 0.07265625
32 0.38671875 0.91171875 0.19765625 0.0859375
12 0.775 0.92109375 0.1984375 0.12421875
85 0.53515625 0.93125 0.11796875 0.078125
6 0.346875 0.153125 0.184375 0.18515625
84 0.66640625 0.19375 0.13515625 0.0859375
7 0.4921875 0.2125 0.1859375 0.065625
99 0.565625 0.43359375 0.1140625 0.07109375
11 0.40546875 0.4421875 0.16796875 0.06640625
83 0.74453125 0.459375 0.140625 0.06484375
61 0.3390625 0.46328125 0.09765625 0.05546875
