83 0.62265625 0.4734375 0.1078125 0.03515625
33 0.590625 0.57890625 0.165625 0.0859375
26 0.7640625 0.5953125 0.078125 0.0625
79 0.4375 0.60625 0.284375 0.09921875
35 0.76015625 0.82265625 0.10078125 0.14453125
5 0.39921875 0.84453125 0.15859375 0.0609375
35 0.80625 0.853125 0.10625 0.1734375
12 0.765625 0.91875 0.1796875 0.1359375
27 0.3734375 0.92578125 0.18984375 0.1125
85 0.546875 0.92734375 0.13515625 0.0703125
6 0.353125 0.15625 0.18671875 0.184375
84 0.67421875 0.19765625 0.14453125 0.0984375
7 0.49296875 0.21484375 0.16484375 0.06328125
99 0.56796875 0.4390625 0.1140625 0.07734375
11 0.4046875 0.4453125 0.1796875 0.0609375
83 0.74921875 0.45859375 0.140625 0.065625
61 0.33828125 0.4625 0.09296875 0.059375
