26 0.61796875 0.4734375 0.11171874999999998 0.03281250000000002
99 0.75625 0.8257812499999999 0.08515625000000004 0.14687499999999998
33 0.4046875 0.84375 0.14921875 0.06640625
99 0.8078125 0.8515625 0.10468750000000004 0.17109374999999993
36 0.5484375 0.8539062499999999 0.13437499999999997 0.07265624999999998
81 0.38671875 0.91171875 0.19765625000000003 0.0859375
12 0.775 0.92109375 0.19843750000000004 0.12421875000000004
35 0.34687499999999993 0.153125 0.184375 0.18515625000000002
32 0.6664062499999999 0.19375 0.13515624999999998 0.0859375
19 0.4921875 0.2125 0.18593750000000003 0.06562499999999999
20 0.565625 0.43359375 0.11406249999999996 0.07109375000000001
11 0.40546875 0.4421875 0.16796875 0.06640625
26 0.74453125 0.459375 0.140625 0.06484375000000003
85 0.3390625 0.46328125 0.09765625 0.05546875000000001
