20 0.39921875 0.57734375 0.14218750000000002 0.07265624999999998
52 0.64453125 0.603125 0.20234374999999993 0.07343750000000004
85 0.81953125 0.628125 0.11171874999999998 0.05859375
99 0.6812499999999999 0.8234375 0.09999999999999998 0.16484375000000007
33 0.3984375 0.8484375 0.13515625000000003 0.07734375000000004
12 0.56640625 0.884375 0.21015624999999993 0.0859375
81 0.56328125 0.95390625 0.21718750000000003 0.09062499999999996
35 0.33515625 0.16875 0.17499999999999996 0.15000000000000002
36 0.66328125 0.20234375 0.25625 0.0921875
19 0.47890625 0.21796875 0.14218749999999997 0.05000000000000002
99 0.53359375 0.40546875 0.08671874999999996 0.1640625
11 0.39765625000000004 0.44062500000000004 0.1515625 0.05156250000000001
26 0.6921875 0.4609375 0.23828125 0.06875000000000003
