79 0.7484375 0.61328125 0.2015625 0.096875
84 0.36328125 0.60234375 0.184375 0.1015625
83 0.54609375 0.615625 0.221875 0.0859375
12 0.77109375 0.8859375 0.18125 0.13125
32 0.39921875 0.903125 0.1875 0.096875
26 0.61875 0.91953125 0.0859375 0.0765625
99 0.3703125 0.196875 0.1640625 0.0890625
61 0.59921875 0.2140625 0.1078125 0.05625
81 0.784375 0.2421875 0.1359375 0.0296875
7 0.54296875 0.44609375 0.134375 0.08125
33 0.64765625 0.4578125 0.1671875 0.0890625
85 0.37890625 0.46171875 0.190625 0.0625
