26 0.5884167815660986 0.4033244134925714 0.10999757889202588 0.09378132734957062
20 0.46016015495609075 0.6176799802961501 0.13969175749375928 0.1240221211718362
52 0.6811872218370628 0.4916483406870551 0.22634430599917588 0.19864913482554436
85 0.8350734567160645 0.4154410437569729 0.13496844026135602 0.12002762423347585
99 0.8393062316915635 0.6581102293080165 0.1738744932086007 0.19118397519212038
33 0.6261507786276643 0.840907522738127 0.18972983827375345 0.17314917658427675
12 0.7743133202048134 0.7687840734483009 0.20953763624063892 0.1860331817577543
81 0.7918032625510465 0.841720431105425 0.20200941055227362 0.17285659879055637
35 0.16897183630915857 0.315829182551308 0.2502762509321478 0.24881861034406189
32 0.4503263151189027 0.1438748428299456 0.1212557530827828 0.10649714212841338
36 0.46139177322699204 0.17148942960004082 0.25951439567648904 0.21669620340146667
19 0.3195678688558101 0.2793986646101936 0.15759516136307944 0.1333618865861519
11 0.38383547796636086 0.5147428515646963 0.1618647177465653 0.13672041760208403
26 0.6782771890414072 0.32481327562071277 0.14686258037454103 0.13319719986123613
