83 0.74765625 0.46640625 0.2625 0.05625
12 0.43203125 0.59296875 0.1609375 0.10546875
79 0.75390625 0.603125 0.2046875 0.09296875
7 0.56171875 0.60703125 0.15703125 0.08984375
84 0.746875 0.86171875 0.14375 0.09453125
5 0.4875 0.86953125 0.14921875 0.075
26 0.59140625 0.8796875 0.0828125 0.05625
33 0.36484375 0.90078125 0.1609375 0.12421875
85 0.62890625 0.93671875 0.246875 0.06640625
6 0.36875 0.1875 0.259375 0.11015625
61 0.68984375 0.2171875 0.1078125 0.05078125
81 0.5703125 0.22734375 0.12265625 0.03515625
61 0.3921875 0.4546875 0.121875 0.05859375
