83 0.625 0.4671875 0.1140625 0.040625
33 0.715625 0.57578125 0.178125 0.1015625
12 0.55546875 0.59921875 0.2140625 0.1046875
26 0.35859375 0.6140625 0.084375 0.06875
84 0.77890625 0.85859375 0.146875 0.1234375
27 0.5984375 0.8828125 0.146875 0.140625
5 0.39296875 0.89453125 0.1796875 0.1234375
6 0.33984375 0.16796875 0.1921875 0.178125
61 0.50234375 0.215625 0.09375 0.05
61 0.7875 0.203125 0.1125 0.0515625
81 0.66171875 0.221875 0.1375 0.0328125
99 0.5703125 0.43828125 0.1265625 0.096875
7 0.44296875 0.4515625 0.159375 0.0734375
83 0.7453125 0.44609375 0.1359375 0.075
