83 0.62734375 0.47890625 0.128125 0.0421875
33 0.5796875 0.57109375 0.1578125 0.0734375
26 0.76640625 0.59375 0.078125 0.0390625
79 0.64375 0.61328125 0.2515625 0.103125
84 0.4140625 0.60234375 0.2328125 0.103125
61 0.81640625 0.640625 0.115625 0.0671875
35 0.73671875 0.8390625 0.103125 0.1515625
5 0.3828125 0.84453125 0.140625 0.09375
35 0.78671875 0.8671875 0.115625 0.178125
32 0.534375 0.85625 0.14375 0.065625
12 0.753125 0.9328125 0.2 0.13125
85 0.503125 0.9234375 0.1703125 0.14375
6 0.35859375 0.15 0.184375 0.1875
84 0.68515625 0.1890625 0.1140625 0.053125
27 0.6765625 0.2140625 0.2640625 0.084375
7 0.496875 0.2171875 0.1515625 0.0625
99 0.5734375 0.43984375 0.1375 0.0796875
11 0.409375 0.4375 0.171875 0.06875
61 0.42265625 0.45 0.1421875 0.06875
83 0.7484375 0.4734375 0.128125 0.071875
