26 0.62421875 0.475 0.09921875 0.04140625
20 0.40859375 0.57421875 0.15625 0.05703125
52 0.653125 0.5984375 0.203125 0.09296875
85 0.81953125 0.62578125 0.11875 0.05703125
33 0.4046875 0.85546875 0.1421875 0.09140625
81 0.540625 0.95859375 0.1921875 0.08046875
35 0.33828125 0.16015625 0.17734375 0.17734375
32 0.6671875 0.18203125 0.11484375 0.04765625
36 0.66796875 0.21015625 0.24453125 0.078125
19 0.4859375 0.21328125 0.1609375 0.05625
11 0.396875 0.44296875 0.1609375 0.04609375
26 0.74140625 0.46328125 0.1296875 0.065625
