26 0.7484375 0.47109375 0.2640625 0.0609375
12 0.43046875 0.59140625 0.1625 0.1078125
5 0.75234375 0.6078125 0.20625 0.096875
19 0.56015625 0.6078125 0.159375 0.0921875
32 0.740625 0.865625 0.1453125 0.096875
33 0.48125 0.86953125 0.1515625 0.078125
27 0.58515625 0.88125 0.084375 0.0578125
83 0.3578125 0.8984375 0.1625 0.1265625
7 0.62109375 0.9390625 0.2484375 0.071875
35 0.37421875 0.18515625 0.2609375 0.1140625
84 0.69453125 0.2203125 0.109375 0.0515625
61 0.575 0.22890625 0.1234375 0.0375
84 0.39296875 0.453125 0.1234375 0.0609375
