17 0.80546875 0.4546875 0.1984375 0.4015625
17 0.0828125 0.5078125 0.090625 0.19296875
17 0.584375 0.51171875 0.2046875 0.321875
17 0.33359375 0.57421875 0.0734375 0.24609375
17 0.48671875 0.61640625 0.1421875 0.4375
17 0.20859375 0.62265625 0.09296875 0.30078125
17 0.13984375 0.62421875 0.10625 0.29296875
17 0.02578125 0.63515625 0.0515625 0.3421875
17 0.27890625 0.63828125 0.08984375 0.33671875
17 0.40078125 0.63828125 0.0859375 0.32734375
17 0.92578125 0.7265625 0.1484375 0.51953125
17 0.70078125 0.765625 0.2046875 0.38828125
