17 0.80546875 0.4546875 0.19843749999999993 0.40156250000000004
17 0.0828125 0.5078125 0.09062499999999998 0.19296874999999997
17 0.584375 0.51171875 0.20468749999999997 0.32187499999999997
17 0.33359375 0.57421875 0.07343749999999999 0.24609375
17 0.48671875 0.61640625 0.14218749999999997 0.4375
17 0.20859375 0.62265625 0.09296874999999999 0.30078125
17 0.13984375 0.62421875 0.10624999999999998 0.29296875
17 0.02578125 0.63515625 0.0515625 0.3421874999999999
17 0.27890625 0.63828125 0.08984375 0.33671874999999996
17 0.40078125 0.63828125 0.0859375 0.32734375000000004
17 0.92578125 0.7265625 0.1484375 0.51953125
17 0.7007812500000001 0.765625 0.20468750000000002 0.38828125
