20 0.0671875 0.1546875 0.134375 0.09062500000000001
20 0.10859375 0.240625 0.12031250000000002 0.11249999999999999
20 0.1265625 0.0875 0.06562499999999999 0.08749999999999998
20 0.1890625 0.04921875 0.08124999999999999 0.0890625
20 0.22812499999999997 0.27421875 0.13124999999999998 0.0546875
20 0.20468750000000002 0.14140625 0.071875 0.09218749999999999
20 0.23828125 0.1 0.0546875 0.05312499999999999
20 0.26015625 0.18125 0.09531249999999997 0.06562499999999999
20 0.27890625 0.11796875 0.09843749999999998 0.1109375
20 0.28359375 0.04375 0.0859375 0.07499999999999998
20 0.3421875 0.27109375 0.11249999999999999 0.07343750000000002
20 0.32343750000000004 0.11015625000000001 0.05937500000000001 0.07031250000000001
20 0.3375 0.15703125 0.07500000000000001 0.07343750000000002
20 0.36796875 0.06640625 0.0703125 0.0703125
20 0.4296875 0.10859375 0.08749999999999997 0.0921875
20 0.4453125 0.2296875 0.10625000000000001 0.09062499999999998
20 0.4625 0.15546875 0.07499999999999996 0.0859375
20 0.8609375000000001 0.86484375 0.22812500000000002 0.22343749999999996
