79 0.1359375 0.56953125 0.1453125 0.17109374999999993
79 0.1390625 0.7484374999999999 0.14296875000000003 0.17421874999999998
79 0.28125 0.7484374999999999 0.13046874999999997 0.17421874999999998
79 0.27890625 0.56640625 0.13515625000000003 0.17109374999999993
79 0.42265625 0.56015625 0.12734374999999998 0.17265624999999996
79 0.421875 0.74765625 0.11874999999999997 0.17578125
79 0.56015625 0.7359375 0.1171875 0.1640625
79 0.56171875 0.56171875 0.125 0.17109374999999993
79 0.6953125 0.55625 0.12656250000000002 0.16250000000000003
79 0.6890625 0.73359375 0.12109375 0.16562500000000002
79 0.82734375 0.55859375 0.13203124999999993 0.1640625
