79 0.2875 0.7671875 0.24609375 0.32343750000000004
79 0.0578125 0.78828125 0.115625 0.29999999999999993
79 0.11484375 0.51640625 0.2265625 0.31015624999999997
79 0.1 0.290625 0.19921875 0.25078124999999996
79 0.3078125 0.3296875 0.23281249999999998 0.30703125
79 0.50546875 0.5703125 0.2562499999999999 0.33671875000000007
79 0.6171875 0.29765625 0.24843750000000003 0.2953125
79 0.6812500000000001 0.78828125 0.22812500000000002 0.32343749999999993
79 0.88359375 0.7109375 0.19921875 0.296875
79 0.74765625 0.50078125 0.21484375 0.30156250000000007
79 0.85234375 0.3796875 0.19374999999999998 0.28671875
