79 0.20874300908384105 0.3658261679924527 0.20199641757248538 0.20442051769561892
79 0.33627455811975826 0.22729448834435045 0.20963148633059075 0.21224696277923483
79 0.2979098701865755 0.44891285078607596 0.21360850098090223 0.21600070504978397
79 0.4315634294559752 0.3118623336083449 0.2129446678681025 0.21556014431674647
79 0.3927900768440068 0.5384664163834638 0.19325695496854273 0.19548967876616574
79 0.5213941236715094 0.39879844683527255 0.20758217891017505 0.20987869481630156
79 0.4903196319261498 0.6240748633847919 0.1993789652020252 0.2015160008368928
79 0.6172511399577708 0.4839025409950596 0.2031327074725744 0.20549301548720433
79 0.5794864930288843 0.7071615461784151 0.21247221108081332 0.2149282072581985
79 0.712003762398195 0.5690385312090986 0.20521391094724173 0.20782938739588575
79 0.6726941608904338 0.796210758934262 0.218057972418503 0.22038638437888125
79 0.8006981667136401 0.6549021466444407 0.2113359211807243 0.21385570946661303
