79 0.321875 0.34140625 0.265625 0.13515625000000003
79 0.2 0.46171874999999996 0.22499999999999998 0.15624999999999994
79 0.2375 0.6148437499999999 0.23671874999999998 0.14296874999999998
79 0.40703125000000007 0.515625 0.23359375000000004 0.19062499999999993
79 0.5703125 0.7054687500000001 0.29453124999999997 0.16562500000000002
79 0.58203125 0.321875 0.2421875 0.13906250000000003
79 0.5859375 0.46328125 0.20468749999999997 0.140625
79 0.70859375 0.6265624999999999 0.20781249999999996 0.12734374999999998
79 0.47734375 0.6171875 0.21328124999999998 0.1328125
79 0.784375 0.45546875 0.17890624999999993 0.15625
