79 0.09140625 0.446875 0.17031250000000003 0.21640624999999997
79 0.3453125 0.20390625 0.12187500000000001 0.23828125
79 0.25234375 0.4265625 0.15546875000000002 0.22499999999999998
79 0.18984375 0.6507812500000001 0.15546875 0.18515625000000002
79 0.30703125 0.88984375 0.14375000000000002 0.2203124999999999
79 0.39765624999999993 0.68046875 0.16484375 0.24375000000000002
79 0.4125 0.42890625 0.1484375 0.24062499999999998
79 0.6109375 0.32421875 0.1484375 0.20859374999999997
79 0.58203125 0.571875 0.1796875 0.20546875000000003
79 0.7578125 0.4359375 0.15546874999999993 0.1875
79 0.81953125 0.7125 0.16875000000000007 0.19140625
79 0.9359375 0.52421875 0.12812500000000004 0.17656250000000007
