79 0.09140625 0.446875 0.1703125 0.21640625
79 0.3453125 0.20390625 0.121875 0.23828125
79 0.25234375 0.4265625 0.15546875 0.225
79 0.18984375 0.65078125 0.15546875 0.18515625
79 0.30703125 0.88984375 0.14375 0.2203125
79 0.39765625 0.68046875 0.16484375 0.24375
79 0.4125 0.42890625 0.1484375 0.240625
79 0.6109375 0.32421875 0.1484375 0.20859375
79 0.58203125 0.571875 0.1796875 0.20546875
79 0.7578125 0.4359375 0.15546875 0.1875
79 0.81953125 0.7125 0.16875 0.19140625
79 0.9359375 0.52421875 0.128125 0.1765625
