79 0.29296875 0.4125 0.16328125000000002 0.24140625000000004
79 0.5125 0.3203125 0.18437500000000007 0.303125
79 0.48203125 0.61171875 0.1796875 0.2945312500000001
79 0.36171875 0.59609375 0.13046874999999997 0.27656250000000004
79 0.49296875 0.79765625 0.15859374999999998 0.18906250000000002
79 0.65234375 0.7289062500000001 0.16249999999999998 0.23593750000000002
79 0.665625 0.52734375 0.21796875000000004 0.27031250000000007
79 0.71640625 0.27421875 0.18046874999999996 0.2875
79 0.59609375 0.27109375 0.10468750000000004 0.24140625000000002
79 0.40546875000000004 0.34296875 0.11796875000000001 0.23828125
