79 0.27421875 0.26015625 0.19296875 0.14140625
79 0.48828125 0.25625 0.18125 0.14765625
79 0.70703125 0.24921875 0.18671875 0.14609375
79 0.271875 0.42421875 0.18515625 0.13125
79 0.4984375 0.41875 0.175 0.13046875
79 0.703125 0.4171875 0.18515625 0.13515625
79 0.2734375 0.56875 0.18828125 0.1328125
79 0.49296875 0.5734375 0.18828125 0.14296875
79 0.69921875 0.5765625 0.19609375 0.14609375
79 0.278125 0.740625 0.18515625 0.1515625
79 0.48828125 0.7421875 0.175 0.1546875
79 0.7 0.7390625 0.18515625 0.1515625
