106 0.39296875 0.33671875 0.23046875 0.32890625000000007
106 0.89140625 0.33828125 0.21640625000000002 0.3460937499999999
106 0.6515625 0.36015625 0.25312499999999993 0.3140625
106 0.10234375 0.37890625 0.2046875 0.2734375
106 0.5 0.4484375 1.0 0.896875
106 0.51171875 0.6609375 0.27499999999999997 0.44218750000000007
106 0.20390625 0.66953125 0.30078125 0.4820312500000001
106 0.80546875 0.675 0.30390624999999993 0.40625
106 0.6890625 0.14687500000000003 0.26640624999999996 0.29140625
106 0.46015625 0.14765625 0.20468750000000002 0.2953125
106 0.2015625 0.16328125 0.24453125000000003 0.30078125
