20 0.32734375 0.290625 0.078125 0.12265624999999997
20 0.3421875 0.3890625 0.08281250000000001 0.08203125
20 0.40312500000000007 0.48906250000000007 0.07109375000000001 0.11796875000000001
20 0.44375 0.390625 0.09296874999999999 0.09531249999999997
20 0.47265625 0.31328124999999996 0.08281249999999996 0.08515624999999999
20 0.49531250000000004 0.43125 0.10234375000000001 0.11093749999999997
20 0.50625 0.59453125 0.09062499999999996 0.09140625000000002
20 0.5421875 0.3734375 0.05703124999999998 0.10859374999999999
20 0.5609375000000001 0.328125 0.07968750000000002 0.10312499999999997
20 0.57421875 0.2125 0.08281249999999996 0.09687499999999999
