57 0.36015625 0.76796875 0.51328125 0.25703125000000004
57 0.52109375 0.6359375 0.39765625000000004 0.30078125
57 0.80078125 0.6296875 0.24609375 0.31718750000000007
57 0.15078124999999998 0.5359375 0.296875 0.22109375000000003
57 0.521875 0.4546875 0.44843750000000004 0.21718750000000003
57 0.7390625 0.3625 0.31015625 0.25390625
57 0.17734375 0.43359374999999994 0.33515625 0.21406249999999993
57 0.35390625 0.25859375 0.4867187499999999 0.21406249999999996
57 0.50234375 0.20625 0.3414062500000001 0.18593749999999998
57 0.8953125 0.32109375 0.20937499999999998 0.22812500000000002
57 0.62109375 0.19453125 0.34843750000000007 0.16796875
57 0.72421875 0.15390625 0.32343750000000004 0.1921875
57 0.93359375 0.178125 0.13203124999999993 0.15859375000000003
