57 0.275 0.51171875 0.2328125 0.6
57 0.11796875 0.496875 0.23046875 0.6
57 0.48203125 0.48515625 0.2328125 0.6
57 0.70703125 0.4703125 0.2359375 0.6
57 0.88359375 0.4390625 0.2328125 0.6
57 0.090625 0.8359375 0.1765625 0.1859375
57 0.26875 0.8359375 0.1765625 0.1859375
57 0.475 0.82890625 0.21484375 0.1859375
57 0.6875 0.82578125 0.2359375 0.19921875
57 0.90234375 0.81875 0.19453125 0.19921875
57 0.11015625 0.11953125 0.21484375 0.225
57 0.3 0.115625 0.21484375 0.22109375
57 0.49921875 0.115625 0.21484375 0.22109375
57 0.71796875 0.115625 0.21484375 0.22109375
57 0.909375 0.1046875 0.17890625 0.19921875
