57 0.36015625 0.76796875 0.51328125 0.25703125
57 0.52109375 0.6359375 0.39765625 0.30078125
57 0.80078125 0.6296875 0.24609375 0.3171875
57 0.15078125 0.5359375 0.296875 0.22109375
57 0.521875 0.4546875 0.4484375 0.2171875
57 0.7390625 0.3625 0.31015625 0.25390625
57 0.17734375 0.43359375 0.33515625 0.2140625
57 0.35390625 0.25859375 0.48671875 0.2140625
57 0.50234375 0.20625 0.34140625 0.1859375
57 0.8953125 0.32109375 0.209375 0.228125
57 0.62109375 0.19453125 0.3484375 0.16796875
57 0.72421875 0.15390625 0.3234375 0.1921875
57 0.93359375 0.178125 0.13203125 0.15859375
