18 0.46875 0.921875 0.1921875 0.146875
18 0.55078125 0.13125 0.21171875 0.23046875
18 0.3453125 0.4375 0.18984375 0.23046875
18 0.1765625 0.42890625 0.1875 0.21640625
18 0.16953125 0.70078125 0.1921875 0.228125
18 0.3140625 0.0984375 0.18984375 0.196875
18 0.4078125 0.82578125 0.20703125 0.18046875
18 0.7453125 0.14765625 0.2140625 0.24765625
18 0.71875 0.296875 0.240625 0.209375
18 0.321875 0.5828125 0.22578125 0.196875
18 0.615625 0.86328125 0.19921875 0.2015625
18 0.91328125 0.73046875 0.16796875 0.1921875
18 0.06875 0.4375 0.13203125 0.2140625
