18 0.19921875 0.65234375 0.084375 0.13671875
18 0.86328125 0.3703125 0.23593750000000002 0.2953125
18 0.2828125 0.41953125 0.09609375000000003 0.12265624999999997
18 0.49375 0.27265625 0.15156250000000004 0.23281249999999998
18 0.66015625 0.18359375 0.21640625000000002 0.28125
18 0.31484375 0.8171875 0.08906249999999999 0.125
18 0.06484375 0.625 0.09609375 0.14921875000000007
18 0.6609375 0.8257812500000001 0.271875 0.31484375
18 0.54296875 0.5265625 0.27890624999999997 0.31484375000000003
18 0.78515625 0.59140625 0.21640625000000002 0.2593750000000001
18 0.13125 0.59765625 0.07421875 0.09140625000000002
18 0.27734375 0.625 0.06484375000000003 0.12031250000000004
18 0.4046875 0.8328125 0.09843750000000001 0.12031250000000004
