18 0.446875 0.5765625 0.09140624999999997 0.15390624999999997
18 0.2046875 0.33515625 0.09140624999999997 0.11562499999999998
18 0.34140625 0.70078125 0.09140624999999997 0.14921874999999996
18 0.76796875 0.87109375 0.09843749999999996 0.16796875
18 0.8773437500000001 0.5203125 0.07968750000000002 0.13906250000000003
18 0.49531250000000004 0.45546875 0.07421875000000006 0.12968749999999996
18 0.39765625 0.4078125 0.09609374999999998 0.13906250000000003
18 0.328125 0.25703125 0.09375 0.11093750000000002
18 0.25859375 0.58515625 0.09609374999999998 0.11562499999999998
18 0.18906250000000002 0.5421875 0.09140625 0.12031250000000004
18 0.18359375 0.428125 0.06953125000000002 0.11562500000000003
18 0.671875 0.7390625 0.09140625000000002 0.13203124999999993
18 0.62109375 0.61796875 0.08671874999999996 0.13437500000000002
18 0.428125 0.72265625 0.08203125 0.13437500000000002
