21 0.2388786586564639 0.4500809192171721 0.41105470116429177 0.2893733228560962
21 0.3618024920692333 0.2503751181988749 0.3490278000401543 0.22800415891200304
21 0.641195074211083 0.19875261631878569 0.35477790742182225 0.26664112529588585
21 0.5109151777047546 0.48503749774273613 0.33218891336002504 0.2519449773946204
21 0.7425915757651247 0.3931397980611172 0.3063112333980065 0.24053751539357648
21 0.8291951023006333 0.623238441760376 0.32100330694429613 0.2986402428227898
21 0.8994514209789319 0.430063636161376 0.20109715804213613 0.29943930589078516
21 0.8345118581639464 0.11088406615931001 0.3309762836721074 0.17706384034181344
21 0.12453704602192348 0.08485188424137197 0.1562989023562978 0.16970376848274393
21 0.348327507289354 0.7601953721970311 0.3511260400483347 0.2827213733237274
21 0.6057628279431845 0.9090153234489946 0.342500878975833 0.1819693531020108
21 0.8678646635243232 0.8971173749786108 0.1812706658126394 0.20576525004277835
21 0.65077316643851 0.7341196445114504 0.2801571727595755 0.2018864483343038
21 0.20590411633940597 0.8874513786827254 0.41180823267881195 0.20308064944726945
21 0.04334581613209343 0.7548228660980707 0.08669163226418686 0.21175062842450598
21 0.045320905282688645 0.5088799306316751 0.09064181056537729 0.2298727137589679
