21 0.7378533125825508 0.6355729520454574 0.0724849632025154 0.08493926357738957
21 0.589576605909462 0.477215740212738 0.0751994196959731 0.0928976360181627
21 0.693510814955227 0.7718769756452152 0.06658555776178576 0.09083866901811932
21 0.6759513464127376 0.7312908761682351 0.05392446902649717 0.06703425889478576
21 0.631320686752928 0.7964373736365775 0.07892023505950252 0.10251785682242187
21 0.614647954003353 0.7291202859458488 0.060125827965712864 0.08306796023521779
21 0.5386436305611797 0.71445181270696 0.07098632055781506 0.08999551586683352
21 0.4994036344831999 0.8483677912508314 0.07562099627161611 0.09069725462014788
21 0.4274927871020275 0.8066637096814369 0.06328631897389925 0.07901806681584544
21 0.44707076499584586 0.6721411575223224 0.06522832951505675 0.08685948279773281
21 0.48297327288085357 0.6333285296311713 0.07351311339340133 0.10169916161022174
21 0.4496847231146893 0.5974722710060637 0.06115664477487015 0.07492192413657306
21 0.40701253208030874 0.5870604795469614 0.06560365683079966 0.07936893619250263
21 0.3910548711754054 0.6454862097441024 0.07157110285224388 0.09385774562833427
21 0.4627158059291778 0.5322821908960926 0.06689017787854284 0.08786584166780448
21 0.5361417540393221 0.5117934776449168 0.06560099021252819 0.10427487032397936
