21 0.75546875 0.5984375 0.06171875 0.0765625
21 0.58515625 0.4640625 0.06328125 0.084375
21 0.73203125 0.73984375 0.0546875 0.08359375
21 0.70859375 0.70234375 0.0453125 0.0609375
21 0.67421875 0.7734375 0.065625 0.09375
21 0.64765625 0.709375 0.04921875 0.0765625
21 0.5703125 0.70625 0.059375 0.08203125
21 0.5515625 0.84453125 0.0640625 0.08203125
21 0.47421875 0.8140625 0.053125 0.071875
21 0.4734375 0.678125 0.05390625 0.0796875
21 0.503125 0.634375 0.06015625 0.09375
21 0.46484375 0.60390625 0.0515625 0.06796875
21 0.42109375 0.6 0.05546875 0.071875
21 0.4140625 0.66015625 0.059375 0.0859375
21 0.46796875 0.5375 0.05546875 0.08046875
21 0.5375 0.50625 0.0515625 0.09765625
