30 0.25672854001747913 0.4102837907760035 0.5134570800349583 0.5756215581110569
30 0.4710527907653702 0.13445600015717535 0.4728403761927608 0.2689120003143507
30 0.4812103001643627 0.6882837756895138 0.3097725010750331 0.3039297160604473
30 0.30216151458621854 0.8537768073126133 0.2795813273800913 0.2811394033839808
30 0.7402321432628209 0.9087687671730615 0.21634997521067534 0.1824624656538768
30 0.7037273719638024 0.7309997414911378 0.3060390354624508 0.29883293394446164
30 0.5870911165387656 0.8572439884768444 0.2624483774684299 0.26405514334744096
30 0.4754220911560221 0.8835267961039237 0.3657486304613906 0.2329464077921526
30 0.6680270620791587 0.3604295192228707 0.30587731106530924 0.3078249060701712
30 0.29019271116707535 0.4445581650701363 0.2110901745277049 0.21386549740963312
30 0.20227170980150486 0.4445657767610509 0.1685130980504787 0.16593253466903674
30 0.6495794855392156 0.3308302357203019 0.16495830577665804 0.16286464114643145
30 0.34014522525034685 0.737084681711488 0.1833330631988927 0.1820184365706109
