30 0.3484375 0.42578125 0.51953125 0.2453125
30 0.04296875 0.2515625 0.0859375 0.125
30 0.1 0.13359375 0.12734375 0.15390625
30 0.6703125 0.44453125 0.12265625 0.20703125
30 0.85546875 0.39921875 0.2859375 0.2984375
30 0.72578125 0.21015625 0.1828125 0.13203125
30 0.65390625 0.06640625 0.0890625 0.12734375
30 0.4359375 0.9 0.34375 0.196875
30 0.13203125 0.86796875 0.2640625 0.26171875
30 0.25625 0.64453125 0.2453125 0.18984375
30 0.5 0.63203125 0.21640625 0.165625
30 0.71484375 0.7765625 0.2140625 0.44453125
30 0.40234375 0.37578125 0.125 0.1359375
30 0.24296875 0.36640625 0.19609375 0.1171875
30 0.25234375 0.4921875 0.0921875 0.10703125
