30 0.1622325207247884 0.42595858898022726 0.3244650414495768 0.4849569908231025
30 0.0377960457426996 0.5854754279574446 0.0755920914853992 0.18566944547101988
30 0.1499506774761705 0.6144194648998434 0.299901354952341 0.3137062280072509
30 0.17421278974557375 0.7995252155786733 0.1977221700733065 0.1978153199491921
30 0.34080768317102894 0.19243043859403663 0.4452904452054511 0.38486087718807327
30 0.5542652300703608 0.09316942225666949 0.372246927592883 0.18633884451333899
30 0.5503857611733801 0.415547080697044 0.26966534161384836 0.26950308053972527
30 0.7506541793819272 0.2025823266894936 0.2553067556527998 0.25513548007455866
30 0.5667725495677047 0.8972709096026623 0.3281549590094789 0.20545818079467548
30 0.8229714015796243 0.4646699464394568 0.3540571968407512 0.5580576002950841
30 0.7852486347386636 0.6633797812833151 0.42950273052267274 0.4673694826789191
