30 0.55546875 0.340625 0.41250000000000003 0.5953125
30 0.690625 0.0390625 0.15000000000000002 0.078125
30 0.8140624999999999 0.0734375 0.19374999999999998 0.146875
30 0.575 0.66328125 0.24531249999999993 0.18906250000000002
30 0.640625 0.825 0.38437499999999997 0.35
30 0.815625 0.6890625 0.19062499999999993 0.22343749999999996
30 0.9359375 0.59921875 0.12812500000000004 0.12968749999999996
30 0.1234375 0.48515625000000007 0.246875 0.40156250000000004
30 0.13046875 0.20390625 0.2609375 0.2984375
30 0.32734375 0.275 0.26874999999999993 0.30625
30 0.36796875 0.515625 0.234375 0.26718749999999997
30 0.26640625 0.74375 0.48125000000000007 0.34843749999999996
