30 0.259375 0.22499999999999998 0.46406250000000004 0.44921875
30 0.33984375 0.49296875 0.45468749999999997 0.24765625000000002
30 0.5140625 0.2984375 0.10546875 0.5093750000000001
30 0.6156250000000001 0.2984375 0.09140625000000002 0.11093749999999997
30 0.0359375 0.86328125 0.071875 0.12968750000000007
30 0.16796875 0.7296875 0.11093750000000001 0.13203124999999993
30 0.30625 0.7296875 0.10781250000000003 0.10078125000000004
30 0.509375 0.6656249999999999 0.11562500000000003 0.09609374999999998
30 0.7078125 0.97734375 0.22812500000000002 0.04296875
30 0.75390625 0.8578125 0.13671875 0.18281250000000004
30 0.9750000000000001 0.853125 0.04843750000000002 0.16328125000000004
