30 0.59609375 0.54609375 0.1109375 0.128125
30 0.384375 0.546875 0.10390625 0.103125
30 0.57890625 0.3171875 0.0921875 0.13125
30 0.52421875 0.15 0.09453125 0.11171875
30 0.68359375 0.31640625 0.27421875 0.290625
30 0.5734375 0.58984375 0.296875 0.31328125
30 0.34375 0.42109375 0.21796875 0.296875
30 0.74609375 0.44375 0.2890625 0.38203125
30 0.55546875 0.78671875 0.11640625 0.13515625
30 0.13203125 0.7625 0.2640625 0.31484375
30 0.175 0.27421875 0.10546875 0.11484375
30 0.73828125 0.63984375 0.103125 0.1125
