30 0.29921875 0.49140625 0.5984375 0.7640625
30 0.52265625 0.10390625 0.32968749999999997 0.2078125
30 0.3828125 0.1890625 0.53125 0.378125
30 0.5390625 0.68515625 0.40781249999999997 0.41718750000000004
30 0.41796875 0.8546875 0.37656249999999997 0.2906249999999999
30 0.8375 0.81015625 0.26249999999999996 0.22968750000000004
30 0.76484375 0.659375 0.40156249999999993 0.41250000000000003
30 0.690625 0.8140625000000001 0.353125 0.35
30 0.5796875 0.84375 0.41874999999999996 0.3125
30 0.61875 0.3171875 0.4140625 0.41093750000000007
