30 0.63515625 0.596875 0.7296875 0.7124999999999999
30 0.9007812500000001 0.79609375 0.17343750000000002 0.15625
30 0.80703125 0.8648437500000001 0.203125 0.15000000000000002
30 0.32265625 0.52734375 0.30937499999999996 0.31562499999999993
30 0.2046875 0.53125 0.409375 0.53125
30 0.23125 0.75078125 0.29999999999999993 0.2953125
30 0.28046875 0.9 0.20156249999999998 0.19999999999999996
30 0.62421875 0.18359375 0.5171874999999999 0.3671875
30 0.83359375 0.240625 0.3203125 0.403125
30 0.7640624999999999 0.3953125 0.415625 0.41093750000000007
30 0.5203125 0.36875 0.36406250000000007 0.359375
30 0.35234374999999996 0.25390625 0.5703125 0.5078125
