30 0.5960937500000001 0.54609375 0.11093750000000002 0.12812499999999993
30 0.384375 0.546875 0.10390625000000003 0.10312499999999997
30 0.57890625 0.3171875 0.09218749999999998 0.13124999999999998
30 0.52421875 0.15 0.09453124999999996 0.11171875000000002
30 0.68359375 0.31640625 0.27421875000000007 0.290625
30 0.5734375 0.58984375 0.296875 0.31328125000000007
30 0.34375 0.42109375000000004 0.21796875000000002 0.29687500000000006
30 0.74609375 0.44375 0.2890625 0.38203125000000004
30 0.55546875 0.7867187499999999 0.11640625000000004 0.13515624999999998
30 0.13203125 0.7625 0.2640625 0.31484375
30 0.175 0.27421875 0.10546875 0.11484375000000002
30 0.73828125 0.63984375 0.10312500000000002 0.11250000000000004
