30 0.4296875 0.57109375 0.21328125000000003 0.14531250000000007
30 0.6585937500000001 0.2703125 0.22812500000000002 0.16015625
30 0.35078125 0.3203125 0.20390625000000004 0.23671875000000003
30 0.73671875 0.55078125 0.1875 0.25468750000000007
30 0.6109375 0.4125 0.19999999999999996 0.15234375
30 0.8671875 0.51484375 0.14765624999999993 0.23906250000000007
30 0.6820312500000001 0.7265625 0.19687500000000002 0.2671875
30 0.25703125 0.6328125 0.20000000000000004 0.21328124999999998
30 0.44531250000000006 0.7109375 0.28593750000000007 0.17812499999999998
30 0.48984375 0.46640625 0.17812500000000003 0.21640624999999997
