30 0.4255530270948631 0.34854947182966206 0.5610102283259439 0.5119527267478999
30 0.29058298952765216 0.04977496950764221 0.14446297394879792 0.09954993901528442
30 0.6686416184669175 0.5603583830438752 0.22370415633517282 0.23879877220534024
30 0.819209245748679 0.6378331272608759 0.3615815085026418 0.4110140800593753
30 0.8559425427724734 0.40894244396926216 0.22538202974280297 0.21629730722835022
30 0.887069989217405 0.25126822222449535 0.1483687811924551 0.15521726431873473
30 0.20454385119437404 0.777145571927819 0.39234646866859074 0.3660706558575586
30 0.08414866587056519 0.5658292969893413 0.16829733174113037 0.3685871190357536
30 0.21877426677103823 0.465136958015754 0.3101916694091743 0.3002683571241568
30 0.41919995571032065 0.6044203228272561 0.27250910539977474 0.26342438288532205
30 0.5006649295795795 0.8044604099067161 0.44133960742896816 0.39107918018656784
30 0.49878500999202363 0.34199504813169457 0.18205005537730867 0.18400676484195994
30 0.3784764577714078 0.2370468060664778 0.22680182055084708 0.21268555941300532
30 0.30891572844175524 0.3422614362834267 0.13840949207871167 0.141065026352167
