30 0.17779089208484075 0.22133403814028058 0.3555817841696815 0.3404094593036566
30 0.13163813806577176 0.4280836219616069 0.2543314081289612 0.19230132670968159
30 0.06514117424649721 0.6098876430174958 0.13028234849299442 0.16370079651947966
30 0.519195810228932 0.1384945685490091 0.34071074587538497 0.2769891370980182
30 0.7892416020825188 0.1182191884983747 0.25810713118632445 0.2364383769967494
30 0.5843248045122156 0.4499519644780975 0.2285603202173453 0.1573940252556913
30 0.8665167831258928 0.3599506803127563 0.22913300570753647 0.14786879051483692
30 0.3438063001986099 0.9098292040104102 0.25065281975609444 0.18034159197917954
30 0.8583649408861774 0.6734342806666698 0.28327011822764514 0.46865292566053435
30 0.6918050474554521 0.8013383777603456 0.3313578470354519 0.3669409945162788
