30 0.615625 0.3453125 0.3531250000000001 0.42578125
30 0.71875 0.7789062500000001 0.5601562499999999 0.43984375
30 0.628125 0.26953125 0.12812499999999993 0.06093749999999998
30 0.52734375 0.23046874999999997 0.07499999999999996 0.07187499999999997
30 0.515625 0.296875 0.10078125000000004 0.07187499999999997
30 0.61328125 0.18203125000000003 0.09140625000000002 0.07578125
30 0.715625 0.2625 0.10468750000000004 0.10312500000000002
30 0.7421875 0.7796875 0.16249999999999998 0.16015625
30 0.6 0.634375 0.15156250000000004 0.14375000000000004
30 0.67578125 0.9171875 0.15937499999999993 0.15468749999999998
