12 0.1 0.12890625 0.19375000000000003 0.2578125
12 0.74609375 0.13359375 0.09687500000000004 0.26640625000000007
12 0.91875 0.19296875000000002 0.16249999999999998 0.375
12 0.2453125 0.2296875 0.12265625000000002 0.31328125000000007
12 0.37031250000000004 0.265625 0.20234375 0.41015625
12 0.64609375 0.29375 0.2421875 0.14140625000000004
12 0.59765625 0.453125 0.22734375000000007 0.0859375
12 0.5890625 0.5523437499999999 0.19062499999999993 0.06874999999999998
12 0.09296875 0.559375 0.1859375 0.33749999999999997
12 0.79453125 0.5703125 0.24296874999999996 0.42421875000000003
12 0.37812500000000004 0.68359375 0.09062500000000001 0.32578125
12 0.5515625 0.7546875 0.20234374999999993 0.328125
12 0.90859375 0.84609375 0.18281250000000004 0.30781250000000004
12 0.6851562499999999 0.87734375 0.2515625 0.24531250000000004
12 0.39609375 0.89765625 0.29765624999999996 0.2046874999999999
