24 0.1203125 0.2609375 0.178125 0.521875
24 0.3890625 0.303125 0.13671875 0.60546875
24 0.2859375 0.415625 0.165625 0.83125
24 0.60703125 0.26953125 0.146875 0.459375
24 0.74609375 0.1296875 0.25703125 0.2328125
24 0.53515625 0.27734375 0.115625 0.45703125
24 0.8953125 0.1609375 0.209375 0.321875
24 0.828125 0.30078125 0.28828125 0.60078125
24 0.8578125 0.60703125 0.16796875 0.41328125
24 0.0921875 0.6453125 0.165625 0.3921875
24 0.25390625 0.71171875 0.19921875 0.4234375
24 0.46640625 0.61171875 0.1703125 0.5984375
24 0.7328125 0.6984375 0.2453125 0.49765625
24 0.81796875 0.44921875 0.2546875 0.8984375
24 0.4515625 0.63359375 0.3796875 0.6390625
24 0.109375 0.87265625 0.21875 0.15390625
24 0.3109375 0.4078125 0.25 0.803125
24 0.74140625 0.1421875 0.290625 0.28125
24 0.81875 0.5578125 0.2453125 0.63203125
24 0.4796875 0.74375 0.35546875 0.4375
24 0.13359375 0.80625 0.2671875 0.3390625
24 0.41796875 0.734375 0.3171875 0.4328125
24 0.8375 0.7125 0.25234375 0.4734375
24 0.553125 0.68515625 0.2234375 0.3703125
24 0.2765625 0.38359375 0.553125 0.26171875
