24 0.59765625 0.1921875 0.5765625 0.178125
24 0.20703125 0.8109375 0.40625 0.178125
24 0.484375 0.8109375 0.384375 0.165625
24 0.665625 0.8140625 0.57421875 0.15859375
24 0.6734375 0.4328125 0.53125 0.16796875
24 0.8375 0.4828125 0.22578125 0.34375
24 0.36875 0.51171875 0.6296875 0.2015625
24 0.5671875 0.61171875 0.584375 0.2765625
24 0.33984375 0.33515625 0.53125 0.2671875
24 0.38125 0.6671875 0.74765625 0.22578125
24 0.3140625 0.3734375 0.39453125 0.22578125
24 0.4859375 0.8296875 0.3390625 0.2140625
24 0.62890625 0.6921875 0.71875 0.2046875
24 0.453125 0.60703125 0.8484375 0.303125
