24 0.1203125 0.2609375 0.178125 0.521875
24 0.3890625 0.303125 0.13671875 0.60546875
24 0.2859375 0.415625 0.16562500000000002 0.83125
24 0.6070312499999999 0.26953125 0.14687499999999998 0.459375
24 0.74609375 0.1296875 0.25703124999999993 0.23281249999999998
24 0.53515625 0.27734375 0.11562500000000003 0.45703125
24 0.8953125 0.1609375 0.20937499999999998 0.321875
24 0.828125 0.30078125 0.28828124999999993 0.60078125
24 0.8578125 0.60703125 0.16796875 0.41328125000000004
24 0.0921875 0.6453125 0.16562499999999997 0.39218749999999997
24 0.25390625 0.71171875 0.19921875 0.42343749999999997
24 0.46640625 0.61171875 0.17031250000000003 0.5984375
24 0.7328125 0.6984375 0.24531250000000004 0.49765624999999997
24 0.81796875 0.44921875 0.25468749999999996 0.8984375
24 0.4515625 0.63359375 0.37968749999999996 0.6390625000000001
24 0.109375 0.8726562500000001 0.21875 0.15390625000000002
24 0.3109375 0.4078125 0.25 0.8031249999999999
24 0.74140625 0.14218750000000002 0.290625 0.28125
24 0.81875 0.5578125 0.24531250000000004 0.63203125
24 0.47968750000000004 0.74375 0.35546875000000006 0.4375
24 0.13359375 0.80625 0.2671875 0.33906250000000004
24 0.41796875000000006 0.734375 0.31718750000000007 0.43281249999999993
24 0.8375000000000001 0.7125 0.25234375 0.47343749999999996
24 0.553125 0.68515625 0.22343749999999996 0.37031250000000004
24 0.2765625 0.38359374999999996 0.553125 0.26171874999999994
