24 0.59765625 0.1921875 0.5765625000000001 0.17812499999999998
24 0.20703125 0.8109374999999999 0.40625 0.17812499999999998
24 0.484375 0.8109375000000001 0.38437499999999997 0.16562500000000002
24 0.665625 0.8140624999999999 0.57421875 0.15859374999999998
24 0.6734375 0.43281250000000004 0.53125 0.16796875000000006
24 0.8375 0.4828125 0.22578125000000004 0.34375
24 0.36875 0.51171875 0.6296875 0.20156250000000003
24 0.5671875 0.61171875 0.5843750000000001 0.27656250000000004
24 0.33984375 0.33515625 0.53125 0.2671875
24 0.38125 0.6671875 0.7476562500000001 0.22578124999999993
24 0.3140625 0.3734375 0.39453125 0.22578125
24 0.4859375 0.8296875 0.33906250000000004 0.21406250000000004
24 0.62890625 0.6921875 0.71875 0.20468750000000002
24 0.453125 0.60703125 0.8484375 0.3031249999999999
