30 0.23203125 0.25625 0.1515625 0.16328125000000002
30 0.5640625 0.04453125 0.22578125000000004 0.0890625
30 0.74296875 0.03515625 0.21406249999999993 0.06953124999999999
30 0.71875 0.63203125 0.40156249999999993 0.41328124999999993
30 0.39921875 0.6609375 0.13906249999999998 0.13203124999999993
30 0.71484375 0.5203125 0.14765624999999993 0.12812499999999993
30 0.61484375 0.6195312500000001 0.12578124999999996 0.18906250000000002
30 0.81171875 0.70546875 0.13515624999999998 0.14531249999999996
30 0.7015624999999999 0.78125 0.16640624999999998 0.12031250000000004
30 0.8031250000000001 0.47734374999999996 0.09921875000000002 0.12109374999999994
30 0.15703125 0.59609375 0.3140625 0.4984374999999999
