30 0.15673384670550816 0.15724164574929403 0.11035032156654223 0.13195065268096456
30 0.25846906250444657 0.0587603606637456 0.15276165535338637 0.1175207213274912
30 0.7674106876032502 0.33009234421988287 0.4651786247934997 0.5204629189251662
30 0.24385151106174277 0.5607774055052699 0.48770302212348554 0.6881349606090655
30 0.5370714373391103 0.9061427271051783 0.2406441331805732 0.18771454578964342
30 0.5495825757270583 0.6922527603139497 0.1885624670941914 0.17056219116550608
30 0.7045870553740963 0.7864028335446752 0.24076566147268197 0.2081401613519398
30 0.7830314145482881 0.7023754936970077 0.161758188219012 0.13138272258935557
30 0.20319045420570017 0.6192927226683649 0.213623271967133 0.19742302363131614
30 0.11593003823392531 0.4303632765125438 0.1958612366105345 0.2032863504311173
