30 0.708514534147458 0.6719444734206178 0.16220646687887208 0.16021764328656807
30 0.3655856613031 0.7899644667851349 0.3873086807012627 0.38562582996931327
30 0.2503498526727774 0.9092381083551738 0.17429945562838467 0.1790420349638786
30 0.4373358340065754 0.8893527321052854 0.31556947757156945 0.22129453578942904
30 0.6055718155733235 0.5799374264482987 0.2559431010341251 0.2564020603246567
30 0.7412776706577758 0.5558945164580825 0.2209149248352531 0.22076193840507585
30 0.9241909151316068 0.5737468139123192 0.15161816973678643 0.20941404396371321
30 0.29151698629072975 0.523905852594505 0.5830339725814595 0.7359323892614522
30 0.4199269452339182 0.4977792170320882 0.6317409819424796 0.6358716155572647
30 0.15485868561318283 0.5545331891954396 0.30971737122636567 0.49941570670397833
30 0.15686749546621037 0.7036905021361916 0.262190747367971 0.261196335571819
