30 0.44218750000000007 0.23593750000000002 0.13593750000000004 0.14062500000000003
30 0.784375 0.3546875 0.33124999999999993 0.334375
30 0.94765625 0.3515625 0.10468750000000004 0.1875
30 0.81484375 0.19687499999999997 0.26093750000000004 0.2671875
30 0.46640625 0.37265625 0.22031249999999997 0.21875
30 0.34453125 0.30703125 0.18906250000000002 0.18906249999999997
30 0.18828125 0.1625 0.1796875 0.18124999999999997
30 0.709375 0.65546875 0.58125 0.6296875
30 0.5609375 0.55078125 0.55 0.5406249999999999
30 0.8328125 0.71953125 0.334375 0.4234375
30 0.8921875 0.55 0.21562499999999996 0.22500000000000003
