30 0.48046875 0.384375 0.47343749999999996 0.40625
30 0.1734375 0.54296875 0.125 0.08906250000000004
30 0.76328125 0.18906250000000002 0.08906250000000004 0.3125
30 0.3453125 0.7984375 0.19218749999999998 0.30781250000000004
30 0.5109375 0.8125 0.17343749999999997 0.25468750000000007
30 0.61328125 0.884375 0.09140625000000002 0.09375
30 0.54296875 0.9515625 0.19921875 0.09375
30 0.36796875 0.9640625 0.07968750000000002 0.06953125000000004
30 0.4546875 0.3515625 0.16015625 0.12109375
30 0.38750000000000007 0.215625 0.1984375 0.07890624999999998
30 0.61328125 0.259375 0.17734375000000002 0.09921874999999997
30 0.546875 0.52265625 0.13828124999999997 0.06875000000000003
30 0.44375 0.46406250000000004 0.16718750000000004 0.11796875000000001
