30 0.2907109347844178 0.3292098404841842 0.14820314350527947 0.1389196127333313
30 0.6325184041461153 0.20908548442013616 0.3485580338476068 0.3392745030756586
30 0.7686923401231633 0.10493401635009972 0.18872002996476744 0.12837707994710484
30 0.5546475164384457 0.10246459898182181 0.2691471631809559 0.20492919796364362
30 0.39373235618081937 0.42083945440636306 0.22562679376342953 0.22872130402074564
30 0.2583245666393594 0.44608839204358175 0.1956220976570755 0.19562209765707544
30 0.0702831467396704 0.43176084968811856 0.1405662934793408 0.17946684162591198
30 0.729802032677377 0.4725592394899699 0.540395934645246 0.6614379634777372
30 0.5796761579971468 0.5015549452164632 0.5523867148609075 0.5755955417907778
30 0.8633137335891463 0.4261947893676736 0.2733725328217075 0.4635555635143277
30 0.8410870455348126 0.2931458105605662 0.2350165230512018 0.2303747576652278
