30 0.32421875 0.29296875 0.125 0.02656249999999999
30 0.6828125 0.23828125000000003 0.22812500000000002 0.13906250000000003
30 0.8703125 0.11171875 0.14218750000000002 0.11562500000000002
30 0.6382812499999999 0.08046875 0.13906249999999998 0.1609375
30 0.41015625 0.40234375 0.11093749999999997 0.13203125
30 0.271875 0.40234375 0.10781250000000003 0.10078124999999999
30 0.06640625 0.3484375 0.12031249999999999 0.07968750000000002
30 0.7828124999999999 0.525 0.2671875 0.43281250000000004
30 0.578125 0.5171875 0.19687499999999997 0.4039062500000001
30 0.953125 0.5171875 0.09140625000000002 0.40156250000000004
30 0.8734375 0.3578125 0.15156250000000004 0.09843750000000001
