70 0.21484375 0.22578125 0.365625 0.321875
70 0.19921875 0.19296875 0.3984375 0.3859375
70 0.19921875 0.17734375 0.3984375 0.3546875
70 0.7828125000000001 0.1390625 0.428125 0.278125
70 0.334375 0.90234375 0.1296875 0.18984374999999998
70 0.30078125 0.88671875 0.19453125000000002 0.22343750000000007
70 0.21718749999999998 0.85078125 0.36328125 0.2953125
70 0.13203125 0.8296874999999999 0.2640625 0.2984375
70 0.0875 0.7296875 0.175 0.353125
70 0.2984375 0.50625 0.20156250000000003 0.23593749999999997
70 0.19921875 0.45078125 0.3984375 0.12656249999999997
70 0.62890625 0.69375 0.45703125 0.6109375000000001
