25 0.32890625 0.3625 0.165625 0.221875
25 0.23671875 0.4421875 0.1578125 0.2375
25 0.10625 0.37109375 0.15546875 0.17734375
25 0.0734375 0.1953125 0.146875 0.22890625
25 0.196875 0.19375 0.12578125 0.2328125
25 0.30546875 0.2171875 0.15 0.234375
25 0.29375 0.07265625 0.15390625 0.14453125
25 0.10703125 0.06484375 0.21328125 0.12578125
25 0.17578125 0.6015625 0.1578125 0.19140625
25 0.13671875 0.78203125 0.171875 0.203125
25 0.05625 0.6921875 0.11171875 0.2171875
25 0.38515625 0.87578125 0.2078125 0.2484375
25 0.290625 0.66796875 0.17890625 0.334375
25 0.44140625 0.5484375 0.16953125 0.22578125
25 0.559375 0.70390625 0.18125 0.2375
25 0.678125 0.56484375 0.16171875 0.21015625
25 0.65234375 0.35 0.17421875 0.2328125
25 0.4984375 0.35546875 0.165625 0.221875
25 0.4359375 0.134375 0.1515625 0.23046875
25 0.58125 0.14453125 0.12421875 0.17890625
25 0.778125 0.19296875 0.17734375 0.24140625
25 0.89375 0.3578125 0.1953125 0.271875
25 0.871875 0.54921875 0.18984375 0.2171875
25 0.853125 0.74453125 0.21328125 0.253125
25 0.690625 0.81328125 0.178125 0.2390625
25 0.54765625 0.87265625 0.13984375 0.171875
25 0.25 0.940625 0.16953125 0.11875
