25 0.24062499999999998 0.259375 0.18749999999999997 0.22812499999999997
25 0.0890625 0.52578125 0.178125 0.28593749999999996
25 0.078125 0.2390625 0.15625 0.27812500000000007
25 0.17578125 0.80546875 0.234375 0.3203125
25 0.0640625 0.8296875 0.109375 0.234375
25 0.2375 0.52578125 0.20390625000000004 0.30781250000000004
25 0.40312499999999996 0.259375 0.1609375 0.25
25 0.20468750000000002 0.10859374999999999 0.16015625000000003 0.1484375
25 0.34062499999999996 0.40312499999999996 0.11249999999999999 0.153125
25 0.3421875 0.14609375 0.1328125 0.1609375
25 0.2953125 0.0390625 0.11328125 0.078125
25 0.42968750000000006 0.07421875 0.16875000000000007 0.1484375
25 0.4921875 0.4453125 0.20859374999999997 0.296875
25 0.38593749999999993 0.61875 0.17265625 0.34687500000000004
25 0.44296875 0.8671875 0.20781249999999996 0.265625
25 0.2734375 0.91953125 0.171875 0.16093749999999996
25 0.5546875 0.19375000000000003 0.18906249999999997 0.36875
25 0.7546875 0.27421875 0.23749999999999993 0.31718750000000007
25 0.578125 0.64296875 0.19687499999999997 0.3109374999999999
25 0.5796875000000001 0.9359375 0.13046875000000002 0.12812500000000004
25 0.44453125 0.8640625 0.19453124999999993 0.27109375
25 0.69609375 0.8328125 0.20234374999999993 0.334375
25 0.7406249999999999 0.53359375 0.17812499999999998 0.30781250000000004
25 0.83046875 0.13515625 0.16093749999999996 0.24843750000000003
25 0.7 0.084375 0.12890625 0.14999999999999997
25 0.90859375 0.29296875 0.1484375 0.2640625
25 0.9171875 0.525 0.16484375000000007 0.2593750000000001
25 0.8984375 0.8828125 0.20234374999999993 0.23359374999999993
25 0.91875 0.753125 0.16171875000000002 0.19687500000000002
25 0.96171875 0.14140625 0.07656249999999998 0.23281249999999998
