24 0.4640625 0.2703125 0.09140625000000002 0.4546875
24 0.5718750000000001 0.5453125 0.09140625000000002 0.4234375000000001
24 0.334375 0.8265624999999999 0.14921875 0.34140625
24 0.2609375 0.8265625000000001 0.16328124999999996 0.334375
24 0.1234375 0.8796875 0.13671875 0.23593750000000002
24 0.31484375 0.3921875 0.05781249999999999 0.3890624999999999
24 0.046875 0.92890625 0.09375 0.1421874999999999
24 0.83203125 0.51328125 0.125 0.18281250000000004
24 0.6921875 0.24140625 0.125 0.21406249999999996
24 0.1703125 0.48203125 0.08203125 0.20937500000000003
24 0.26171875 0.275 0.04843750000000002 0.375
24 0.6273437500000001 0.24765625 0.13437500000000002 0.17343749999999997
24 0.4 0.19375 0.04296875 0.2453125
24 0.67578125 0.43515625 0.05312499999999998 0.19687499999999997
24 0.28984375 0.77734375 0.07421875 0.44453124999999993
