25 0.503125 0.66015625 0.26171875 0.3375
25 0.36328125 0.7453125 0.15625 0.2640625
25 0.18515625 0.884375 0.21328125 0.23125
25 0.58828125 0.8921875 0.19453125 0.21484375
25 0.4078125 0.91171875 0.18828125 0.1765625
25 0.10625 0.6625 0.20703125 0.29765625
25 0.25234375 0.7640625 0.11875 0.19921875
25 0.04375 0.90859375 0.08671875 0.1828125
25 0.1140625 0.4296875 0.228125 0.240625
25 0.2390625 0.55546875 0.0921875 0.25703125
25 0.3609375 0.5078125 0.17578125 0.22890625
25 0.540625 0.43125 0.21328125 0.2875
25 0.35 0.28984375 0.2046875 0.2828125
25 0.1578125 0.2078125 0.22421875 0.24765625
25 0.20078125 0.090625 0.2515625 0.18125
25 0.4765625 0.1171875 0.20078125 0.234375
25 0.65703125 0.17578125 0.24140625 0.30546875
25 0.73515625 0.4328125 0.22578125 0.25546875
25 0.73203125 0.6875 0.215625 0.30625
25 0.76953125 0.89296875 0.20703125 0.21328125
25 0.88828125 0.6484375 0.19375 0.2703125
25 0.87265625 0.2703125 0.246875 0.3140625
25 0.9390625 0.09609375 0.121875 0.1921875
25 0.80390625 0.06640625 0.1578125 0.1328125
