24 0.6050885450560182 0.37183889135809667 0.5459004208607616 0.21547144073624924
24 0.8633782999838164 0.6367461893315447 0.1974062837621965 0.7265076213369106
24 0.618812347006319 0.7523798595238229 0.23484522130224827 0.4952402809523542
24 0.6732957631354635 0.6362637943232164 0.3956639474337184 0.4562206529545454
24 0.43991418882872574 0.5590134798474252 0.2473919434799522 0.8529589986882218
24 0.2636180015683489 0.6347583233061 0.21130721071620368 0.6707483026024779
24 0.3011487258822533 0.5787190966181255 0.39380691779043736 0.23978225374833395
24 0.35646411170182896 0.6903827547381982 0.29825991242985295 0.17648827632818997
24 0.5256786038684221 0.7209993922473118 0.1452633765113142 0.5566540390169323
24 0.7184185217356316 0.7740589184264424 0.2547680969116185 0.29097047521211294
24 0.9336906851294342 0.5510256837347125 0.1326186297411317 0.2965949718543849
