1 0.3664285583643708 0.28654745189649367 0.4604937563935047 0.45107364021668395
1 0.16168121976689842 0.4471785625128686 0.32336243953379684 0.3976107841343193
1 0.6314393308626236 0.14750835378183094 0.43062461014010645 0.2950167075636619
1 0.2765224328503294 0.6385365098395107 0.5530448657006588 0.5423008891118477
1 0.5112813284775242 0.48821675303525375 0.40434763032737137 0.39433875688949926
1 0.7173324467651314 0.2528719529361725 0.43143046433573107 0.3672559228811398
1 0.41346888611290006 0.8300680768346631 0.5520249409970709 0.3398638463306737
1 0.6473285002402256 0.738031650539093 0.5363536936269794 0.5239366989218139
1 0.8416430562756347 0.6387770869323075 0.31671388744873064 0.45520304278776325
1 0.773805300557523 0.4189133380376089 0.4523893988849541 0.42385244630386004
