26 0.44140625 0.47656250000000006 0.27499999999999997 0.23906250000000007
26 0.1921875 0.79609375 0.08281249999999998 0.30859375
26 0.28125 0.7453125 0.11328125 0.39296875
26 0.4 0.74921875 0.2554687500000001 0.46562500000000007
26 0.47890625 0.69609375 0.203125 0.271875
26 0.80703125 0.53125 0.37421875000000004 0.30156250000000007
26 0.63671875 0.8046875 0.22265625 0.2984375
26 0.67890625 0.74140625 0.28203125000000007 0.23046875
26 0.8203125 0.69921875 0.29218749999999993 0.24296875000000007
26 0.60546875 0.51015625 0.38125000000000003 0.2593750000000001
