1 0.875 0.11875 0.21718749999999998 0.22812499999999997
1 0.63125 0.11640625 0.23124999999999996 0.2125
1 0.37734375 0.11640625 0.25 0.2171875
1 0.1390625 0.115625 0.23593749999999997 0.21718750000000003
1 0.88046875 0.36328125 0.23906249999999996 0.2078125
1 0.6234375 0.3640625 0.26249999999999996 0.23125000000000004
1 0.3765625 0.3609375 0.2390625 0.2140625
1 0.134375 0.35078125 0.2453125 0.20468750000000002
1 0.8617187500000001 0.60234375 0.21250000000000002 0.21406249999999993
1 0.615625 0.60078125 0.23593749999999997 0.22812499999999997
1 0.36640625 0.6109375 0.2640625 0.24374999999999997
1 0.12109375 0.62109375 0.22812500000000002 0.25
1 0.8640625 0.853125 0.271875 0.19218749999999996
1 0.6265625 0.859375 0.2796874999999999 0.18125000000000002
1 0.35234375 0.8531250000000001 0.2984375 0.16562500000000002
