33 0.22109375 0.175 0.1328125 0.159375
33 0.62734375 0.19609375 0.140625 0.2015625
33 0.90625 0.19765625 0.1578125 0.30546875
33 0.0890625 0.2953125 0.1484375 0.21171875
33 0.43046875 0.29765625 0.16875 0.2296875
33 0.28828125 0.3 0.1328125 0.2078125
33 0.74921875 0.3078125 0.1921875 0.203125
33 0.17109375 0.34296875 0.14765625 0.18984375
33 0.57265625 0.36015625 0.1609375 0.1859375
33 0.26015625 0.46484375 0.184375 0.2078125
33 0.70625 0.52890625 0.25625 0.28828125
33 0.08984375 0.53046875 0.15234375 0.271875
33 0.5109375 0.6375 0.19453125 0.26171875
33 0.30234375 0.67421875 0.215625 0.30859375
33 0.87734375 0.68671875 0.18359375 0.21640625
33 0.10703125 0.0703125 0.13671875 0.140625
33 0.6875 0.771875 0.23359375 0.28515625
33 0.15078125 0.86484375 0.17890625 0.2703125
33 0.5765625 0.88828125 0.2609375 0.2234375
33 0.35234375 0.9234375 0.21953125 0.15234375
33 0.33203125 0.10703125 0.1890625 0.2140625
33 0.49140625 0.14921875 0.14453125 0.2078125
