24 0.39765625 0.70078125 0.07421875 0.22343749999999996
24 0.27734375 0.6851562499999999 0.11328125 0.20156249999999998
24 0.5953124999999999 0.5421875 0.10781249999999998 0.29296875
24 0.6140625 0.36640625 0.14218750000000002 0.3265625
24 0.84609375 0.68046875 0.12031250000000004 0.2640625
24 0.15390625 0.1 0.1921875 0.1875
24 0.30000000000000004 0.1078125 0.07500000000000001 0.215625
24 0.16328125 0.6312500000000001 0.125 0.20468750000000002
24 0.2078125 0.26171875 0.15156249999999996 0.10546875
24 0.2765625 0.37265625 0.125 0.29296875
24 0.33203125 0.8640625 0.09375 0.259375
24 0.89296875 0.525 0.12031250000000004 0.15156250000000004
24 0.77421875 0.4015625 0.13437500000000002 0.15390625000000002
24 0.52265625 0.4234375 0.11562500000000003 0.18281250000000004
24 0.72734375 0.7632812500000001 0.09375 0.303125
