24 0.4475135738790303 0.7191632464366984 0.12447274525996022 0.2346043010311223
24 0.32688706740819196 0.7321433935040778 0.15732739424734887 0.22248375970358614
24 0.6025410007766852 0.5186976194264369 0.17341315314665529 0.31006853910354243
24 0.5796111501513909 0.34341261635468456 0.21469844124883702 0.35077722220168667
24 0.8787289613993523 0.594415185817711 0.17879736164326487 0.2848926823861646
24 0.09262110991568628 0.19215625992368934 0.18524221983137257 0.22728782868534958
24 0.21373028808369818 0.16554419246243074 0.1234030053062875 0.22719190603303718
24 0.2033733850511961 0.7064430439747887 0.16945208644085502 0.22826579685268
24 0.1601421477916183 0.33675745177767435 0.17204442534845804 0.13802473011024569
24 0.2529566481772896 0.42851343209726034 0.19012286202099404 0.3140929378890563
24 0.42194465573029966 0.8781066925921878 0.1518757028050558 0.24378661481562447
24 0.8878983784058561 0.4322926406757003 0.15245584231990206 0.17552004248140185
24 0.7435469803599166 0.3400914867326354 0.16667620396056737 0.18109132906150482
24 0.5040995671079762 0.42026095297885924 0.155215737691471 0.20480376803869588
24 0.7826703487795783 0.7027305383667113 0.1621196269863635 0.31664976806841316
