25 0.503125 0.66015625 0.26171875 0.33749999999999997
25 0.36328125 0.7453125 0.15625 0.2640625
25 0.18515625 0.884375 0.21328125000000003 0.23124999999999996
25 0.58828125 0.8921875 0.19453125000000004 0.21484375
25 0.4078125 0.91171875 0.18828124999999996 0.17656249999999996
25 0.10625000000000001 0.6625 0.20703125 0.29765624999999996
25 0.25234375 0.7640625 0.11874999999999997 0.19921875
25 0.04375 0.90859375 0.08671874999999998 0.18281250000000004
25 0.1140625 0.4296875 0.228125 0.24062500000000003
25 0.2390625 0.55546875 0.09218749999999998 0.25703124999999993
25 0.3609375 0.5078125 0.17578125 0.22890625000000003
25 0.540625 0.43125 0.21328125000000003 0.2874999999999999
25 0.35 0.28984375 0.20468749999999997 0.2828125
25 0.1578125 0.2078125 0.22421874999999997 0.24765625000000002
25 0.20078124999999997 0.090625 0.2515625 0.18125
25 0.4765625 0.1171875 0.20078124999999997 0.234375
25 0.65703125 0.17578125 0.24140624999999993 0.30546874999999996
25 0.73515625 0.4328125 0.22578124999999993 0.25546875
25 0.73203125 0.6875 0.21562499999999996 0.30625
25 0.76953125 0.8929687499999999 0.20703125 0.21328124999999998
25 0.8882812499999999 0.6484375 0.19374999999999998 0.27031250000000007
25 0.87265625 0.2703125 0.24687499999999996 0.3140625
25 0.9390625 0.09609375 0.12187499999999996 0.1921875
25 0.80390625 0.06640625 0.15781250000000002 0.1328125
