22 0.20234375 0.1796875 0.19296875000000002 0.16953125000000002
22 0.1890625 0.38828125 0.18515624999999997 0.23984374999999997
22 0.1140625 0.6234375000000001 0.1734375 0.22812500000000002
22 0.40234375 0.38359375 0.17734374999999997 0.23984375000000002
22 0.309375 0.61796875 0.19140625 0.27265624999999993
22 0.6109375000000001 0.346875 0.19296875000000002 0.2671875
22 0.51640625 0.565625 0.18671874999999993 0.25703124999999993
22 0.73203125 0.56640625 0.23124999999999996 0.28671874999999997
22 0.228125 0.8140625 0.22500000000000003 0.22265625
22 0.43203125 0.7796875 0.1953125 0.28828125000000004
22 0.63828125 0.74921875 0.19921875 0.27812500000000007
22 0.85546875 0.74921875 0.20859375000000002 0.25234375
22 0.92109375 0.54140625 0.1578124999999999 0.265625
