1 0.3589794241658577 0.2538040114674248 0.4963137357008954 0.4866606785280471
1 0.6495229500977422 0.16020408047216872 0.4568882729379353 0.32040816094433744
1 0.132907359887948 0.3691767025414904 0.265814719775896 0.41230478793742303
1 0.7140696222863334 0.3716161644775256 0.5718607554273333 0.5763620245138231
1 0.46029373413448443 0.5052360631458177 0.43841095278972586 0.42618374703745143
1 0.1787891630883448 0.5412888510151672 0.3575783261766896 0.36239358377264785
1 0.8069813601873672 0.6566925422017394 0.38603727962526546 0.5219499503665321
1 0.6154214366068982 0.7423789353588666 0.5760909464899675 0.5152421292822669
1 0.3790569547447117 0.8640611839482697 0.46699572017152974 0.2718776321034606
1 0.2589006455698346 0.7020503609590193 0.4715024252012655 0.42902897364073334
