24 0.478125 0.61328125 0.057812500000000044 0.6203125
24 0.41015625 0.55390625 0.12031249999999999 0.7281249999999999
24 0.3375 0.553125 0.10078124999999999 0.7140625
24 0.2859375 0.5265625 0.125 0.7984374999999999
24 0.2453125 0.5359375 0.14687499999999998 0.7718750000000001
24 0.2078125 0.4671875 0.17031249999999998 0.9109375
24 0.1609375 0.69140625 0.11562499999999999 0.46406249999999993
24 0.06875 0.553125 0.07421875 0.7359375000000001
24 0.8031249999999999 0.3734375 0.384375 0.3656249999999999
24 0.54921875 0.553125 0.10312499999999997 0.7046875000000001
24 0.63125 0.640625 0.0625 0.54296875
24 0.67421875 0.6421875 0.13671875 0.5531249999999999
24 0.75703125 0.63359375 0.09140625000000002 0.5671875
24 0.8640625 0.671875 0.12968750000000007 0.5093749999999999
24 0.9265625 0.51796875 0.07421875 0.5023437499999999
24 0.9578125 0.2453125 0.06718749999999996 0.4515625
