24 0.3710969075855258 0.30652688990847976 0.2735740888719452 0.4511307119660841
24 0.584249343244432 0.5110130124912259 0.2604754593183968 0.42275839440443774
24 0.48650739575785507 0.8398283462067105 0.27858034422937794 0.3203433075865789
24 0.4198324494879861 0.8553415829701984 0.2884006954825703 0.2893168340596033
24 0.3172619224577743 0.9334016967753298 0.22302354246149353 0.13319660644934028
24 0.2867037464875031 0.4797248845170944 0.21556672543072353 0.37746781831656206
24 0.8070227916527509 0.3728852959572478 0.1901162531348437 0.21837257594982507
24 0.5660985934485121 0.18466250042305343 0.20321488268839216 0.24674489351147133
24 0.1931403377313403 0.6218764591919892 0.16223815160809613 0.22447843024109537
24 0.1893509458068977 0.39559636390195274 0.20116064686313284 0.36077068654775674
24 0.5098457604188056 0.21751662025899562 0.1946983595372731 0.2137904695473956
24 0.2808420141779571 0.26386690246722033 0.14183617864261888 0.2407333084950532
24 0.6324146299606479 0.36744764982087397 0.13075430604215388 0.20101327087940452
24 0.4254465016856702 0.8112699354275881 0.2537122596081363 0.37746012914482385
