25 0.30234375 0.703125 0.33515625 0.4515625
25 0.3234375 0.3078125 0.24375 0.34375
25 0.1703125 0.58515625 0.24609375 0.43828125
25 0.05625 0.33828125 0.1125 0.3796875
25 0.7921875 0.671875 0.2984375 0.35390625
25 0.6046875 0.87890625 0.234375 0.2421875
25 0.509375 0.5984375 0.34140625 0.50703125
25 0.75625 0.3171875 0.240625 0.41171875
25 0.60390625 0.2078125 0.2734375 0.35
25 0.42734375 0.13828125 0.18515625 0.25625
25 0.91640625 0.43828125 0.1671875 0.403125
25 0.1859375 0.209375 0.26953125 0.3453125
25 0.94453125 0.7828125 0.1109375 0.3375
25 0.13359375 0.8671875 0.2671875 0.265625
25 0.9140625 0.121875 0.171875 0.24375
