25 0.3702649916011359 0.04241492200781535 0.16872766571603265 0.0848298440156307
25 0.2264119713436304 0.06449259539500984 0.15937947927743568 0.1289851907900197
25 0.32426005136696856 0.08796798949472151 0.16848227812093003 0.16121166110047191
25 0.2149660906078227 0.22257451628908154 0.21462899026220156 0.24443852004607947
25 0.14931963144910013 0.14833773941570724 0.10284124544686651 0.12356250395517193
25 0.07666737513216487 0.36148705491008615 0.15333475026432974 0.1847793815466709
25 0.11343177017328432 0.23338225261642934 0.12147950805237384 0.14874432187909153
25 0.03379200267858537 0.46301770074602133 0.06758400535717074 0.14937686897640123
25 0.09445492088180149 0.5505724482834014 0.18890984176360298 0.26266599449819583
25 0.07562439243973279 0.738161887434916 0.15124878487946558 0.2323420608729283
25 0.14799241073120922 0.7993206547547282 0.19532545082493813 0.20114194444130462
25 0.3777916783595242 0.4548311636405362 0.25560260885373487 0.27232502800078834
25 0.31519891251469223 0.3222003424623725 0.2093559556230678 0.2257148439190984
25 0.41325247202797133 0.2090603380448884 0.19233721697994044 0.19161015527789466
25 0.4942055539752525 0.05473003161766429 0.16951108580370888 0.10946006323532859
25 0.667226455836064 0.10184779212897563 0.19628879903882424 0.18974524372041207
25 0.6020688491549998 0.2187358218279496 0.2059005752390488 0.20517351353700297
25 0.4785880841226984 0.33781046311772034 0.2425209247015696 0.2530633193812337
25 0.28888450039350416 0.7016743796227278 0.2631695453702668 0.3158815187685876
25 0.2544435841510646 0.6095446040124168 0.21624851422458136 0.2355156493287952
25 0.2301852063358695 0.46940687930195474 0.19655781528511101 0.19364956847692782
25 0.8293283986452651 0.6066093956074283 0.34134320270946983 0.4560992305158643
25 0.6545988008880728 0.8541985789754065 0.28703901179719893 0.29160284204918707
25 0.46923237766040415 0.7827456048259291 0.3479159871888588 0.3897220350564926
25 0.3316356943084993 0.8830406052686584 0.30833278441858036 0.2339187894626833
25 0.6588013678532094 0.5897487083253827 0.35356165376227777 0.4237231080096978
25 0.8839131561830342 0.4200396630554302 0.23217368763393142 0.2724377447720493
25 0.899012942860487 0.21875052022236224 0.2019741142790259 0.20295417221175982
25 0.5984461455001453 0.4417132459818123 0.21005396218927036 0.2584035653753163
25 0.6588687500346494 0.33642004729646546 0.20519714218818685 0.204833611337164
25 0.7485901551102452 0.25309324726146254 0.16162244925386282 0.1659848194661377
25 0.4742673739016413 0.6125111319187777 0.23384344157938797 0.2596541320020141
