25 0.49881919836609356 0.7522915616681938 0.5547399873155647 0.49541687666361256
25 0.2394925011001499 0.4843094111186162 0.4141000104201481 0.416618680402531
25 0.32189344676111065 0.7735389844038016 0.48142916580360917 0.4529220311923966
25 0.12034484680572805 0.6917696995501663 0.2406896936114561 0.35133870537260004
25 0.7996761687848951 0.42078380996298403 0.40064766243020977 0.4619020658599325
25 0.8350152401966864 0.6999612491379277 0.32996951960662735 0.3370255141378319
25 0.5751012633728916 0.5643244298151611 0.5977549832249812 0.6019265303833028
25 0.5574491858721173 0.2110945400787685 0.45904888502051444 0.422189080157537
25 0.3718743144202191 0.21922916278291982 0.43980278659184907 0.43845832556583964
25 0.19653947259095422 0.2901641282567521 0.3111765401432727 0.31296715708387307
25 0.7567833534276289 0.18476222772122022 0.40023663170499535 0.36952445544244045
25 0.1445312363794782 0.5089551453771874 0.2890624727589564 0.4356455696367413
25 0.9295849223448713 0.39482540645086184 0.14083015531025722 0.3198960854486054
25 0.4913139367681249 0.9151593655200316 0.37671525366579794 0.16968126895993674
