25 0.6142999469798534 0.3988585668323056 0.36659224040691174 0.4858732939184896
25 0.4294927024802981 0.38518001818920744 0.3362254408786097 0.44808236242888594
25 0.2846335786040517 0.28351677848118273 0.30337138434644756 0.424632206381039
25 0.12127581104584148 0.2176918854982825 0.20751989564818635 0.36243678257401135
25 0.21768947509097594 0.583989925375927 0.3298225590540473 0.4248514481587067
25 0.4424681612046347 0.8107744545316455 0.38792702848802985 0.3784510909367089
25 0.06595503375088863 0.6696546441048987 0.13191006750177725 0.39377255578033227
25 0.8199961496867452 0.4908192040610923 0.36000770062650966 0.5562948580458899
25 0.45444409403823804 0.12263933992694528 0.2745730535443582 0.24527867985389057
25 0.23277934373516804 0.0887046776068211 0.2639412074957291 0.1774093552136422
25 0.11596067791205766 0.48528588316067894 0.23192135582411533 0.4424292125046746
25 0.6665929847530303 0.836479919781113 0.330563926721003 0.32704016043777395
25 0.8187884161399279 0.8334918903988009 0.2744078599348019 0.3330162192023982
25 0.6241572877769035 0.6614675951952377 0.2873432692015533 0.38633169535224016
25 0.47711797312511495 0.6109461781570665 0.20814866551326383 0.23537048270470268
25 0.8982872051076556 0.6414608041302188 0.20342558978468883 0.35351527787035664
