24 0.4640625 0.2703125 0.09140625 0.4546875
24 0.571875 0.5453125 0.09140625 0.4234375
24 0.334375 0.8265625 0.14921875 0.34140625
24 0.2609375 0.8265625 0.16328125 0.334375
24 0.1234375 0.8796875 0.13671875 0.2359375
24 0.31484375 0.3921875 0.0578125 0.3890625
24 0.046875 0.92890625 0.09375 0.1421875
24 0.83203125 0.51328125 0.125 0.1828125
24 0.6921875 0.24140625 0.125 0.2140625
24 0.1703125 0.48203125 0.08203125 0.209375
24 0.26171875 0.275 0.0484375 0.375
24 0.62734375 0.24765625 0.134375 0.1734375
24 0.4 0.19375 0.04296875 0.2453125
24 0.67578125 0.43515625 0.053125 0.196875
24 0.28984375 0.77734375 0.07421875 0.44453125
