22 0.2578125 0.72421875 0.43125 0.5515625
22 0.7796875000000001 0.74453125 0.43984375 0.5101562499999999
22 0.55234375 0.5609375 0.37968749999999996 0.5625
22 0.26484375 0.4 0.30625 0.43359375
22 0.09453125 0.54921875 0.1890625 0.5101562499999999
22 0.73515625 0.36171875 0.31484375 0.4195312500000001
22 0.94609375 0.428125 0.10781249999999998 0.40234375
22 0.09375 0.28046875 0.18359375 0.39531250000000007
22 0.27421875 0.1640625 0.20390625000000004 0.31328124999999996
22 0.4734375 0.2421875 0.29453125 0.375
22 0.65625 0.14921875 0.26093749999999993 0.29765625000000007
22 0.88046875 0.25859375 0.23906249999999996 0.3828125
