25 0.4736677826713939 0.3352155821395071 0.5146262049600004 0.49017928823521273
25 0.223336014226047 0.5388967514344133 0.446672028452094 0.46412110150609753
25 0.21172050790953914 0.2617384208459662 0.4234410158190783 0.447915088754814
25 0.5347886132733828 0.5391103637234111 0.4583390692849539 0.4438902319594856
25 0.3896778355212281 0.22903679024571655 0.3231349187112823 0.3110727196940388
25 0.49198043802156943 0.10544233748704165 0.4239050059963725 0.2108846749740833
25 0.8473458012409215 0.25690881134659105 0.28718479700375865 0.29518326052321436
25 0.5751012438156688 0.7846388957431016 0.46418924952266627 0.4307222085137967
25 0.3403717957567498 0.8003164257054077 0.4218280738606481 0.39936714858918454
25 0.8614836729129126 0.5731582868817489 0.2770326541741748 0.4513530056487013
25 0.7602944679387621 0.49640789174345046 0.4655566405397291 0.45652611721131153
25 0.6924981621711379 0.1397862720019622 0.31182113951515955 0.2795725440039244
25 0.7883806575637333 0.8582949799148339 0.2186785089684148 0.20706783611759216
25 0.5339780105455347 0.9138016469247032 0.39293812891578755 0.17239670615059355
