22 0.4375 0.27578125 0.12187500000000001 0.14375000000000002
22 0.2234375 0.42734375 0.10859375000000002 0.17578125
22 0.09921875 0.57890625 0.12656249999999997 0.17421875000000003
22 0.2265625 0.803125 0.16796875 0.23750000000000004
22 0.07343749999999999 0.77890625 0.1328125 0.23124999999999996
22 0.3546875 0.4953125 0.12109375 0.20546874999999998
22 0.5734375 0.31328125 0.11015624999999996 0.1953125
22 0.76796875 0.28359375 0.12968749999999996 0.20156250000000003
22 0.7125 0.43828125 0.13203125000000004 0.16093750000000007
22 0.85078125 0.4375 0.13593749999999993 0.22265625
22 0.6140625 0.63046875 0.14218750000000002 0.19999999999999996
22 0.4921875 0.60390625 0.13046874999999997 0.19843750000000004
22 0.49609375 0.7289062500000001 0.13671875 0.18125000000000002
22 0.39609375 0.8078125 0.14453125 0.16093750000000007
22 0.82734375 0.75078125 0.14218750000000002 0.22109374999999998
