22 0.13203125 0.23281250000000003 0.20156249999999998 0.29921875
22 0.29140625 0.271875 0.19218749999999998 0.30078125
22 0.46015625 0.31953125 0.15859374999999998 0.36953125
22 0.56015625 0.1 0.15781249999999997 0.2
22 0.74296875 0.10703125 0.1796875 0.2140625
22 0.9117187499999999 0.12265625 0.15468749999999998 0.2453125
22 0.63203125 0.321875 0.18593749999999998 0.30859375
22 0.83984375 0.33984375 0.17578125 0.34843749999999996
22 0.1296875 0.51640625 0.24375000000000002 0.36171875000000003
22 0.33125 0.54765625 0.20078125000000002 0.34453125000000007
22 0.5265625 0.58671875 0.20468749999999997 0.37734375000000003
22 0.73125 0.63125 0.19296875000000002 0.4437499999999999
22 0.91328125 0.68203125 0.1734374999999999 0.43359375
22 0.06171875 0.82265625 0.1234375 0.3359375
22 0.2171875 0.828125 0.20078124999999997 0.3359375
22 0.41015625 0.8453125 0.21328125000000003 0.30937499999999996
22 0.6109374999999999 0.88046875 0.20937499999999998 0.23906249999999996
22 0.82265625 0.90546875 0.19218749999999996 0.1890624999999999
