1 0.88671875 0.1296875 0.2265625 0.24062499999999998
1 0.6296875 0.12890625 0.24531249999999993 0.2265625
1 0.3609375 0.12890625 0.2640625 0.22812500000000002
1 0.11796875 0.12265625 0.2359375 0.2265625
1 0.884375 0.38671875 0.23124999999999996 0.21718750000000003
1 0.62109375 0.3890625 0.27656249999999993 0.24531250000000004
1 0.359375 0.3859375 0.25312500000000004 0.2265625
1 0.11796875 0.37265625 0.2359375 0.21718750000000003
1 0.87265625 0.640625 0.22343749999999996 0.2265625
1 0.61171875 0.640625 0.25 0.24062499999999998
1 0.3484375 0.6499999999999999 0.2796875 0.259375
1 0.10546875 0.66015625 0.2109375 0.2640625
1 0.86484375 0.90390625 0.27031249999999996 0.19218749999999996
1 0.62734375 0.90859375 0.29374999999999996 0.18281250000000004
1 0.334375 0.9078125 0.31562500000000004 0.17656249999999996
