25 0.48046875 0.56171875 0.3828125 0.5453125000000001
25 0.15703125 0.60234375 0.30703125 0.43593750000000003
25 0.83359375 0.490625 0.33281249999999996 0.5218749999999999
25 0.86484375 0.19140625 0.27031249999999996 0.37968749999999996
25 0.68984375 0.19921875 0.21015625000000004 0.3984375
25 0.4984375 0.90390625 0.3109374999999999 0.19218749999999996
25 0.6828125 0.778125 0.3421875 0.44375
25 0.10078125 0.23281249999999998 0.2015625 0.22656249999999997
25 0.34765625 0.27109375 0.22578125000000002 0.1953125
25 0.325 0.090625 0.16718749999999996 0.18125
25 0.578125 0.296875 0.20156250000000003 0.25312500000000004
