22 0.20981215825924818 0.16735254353719795 0.30786282434336004 0.3347050870743959
22 0.5245503184863569 0.17017215099185273 0.4111041579635593 0.34034430198370547
22 0.8383605724636221 0.2196692574890204 0.3232788550727559 0.33561348777801325
22 0.43551276547882506 0.42933878070726494 0.3999402336913197 0.39836638731491675
22 0.12144597049265143 0.4367994324168407 0.24289194098530287 0.41158294106331894
22 0.7881654298683907 0.4364500228714454 0.4236691402632188 0.42977586999072676
22 0.721981087611394 0.7229601156016758 0.4520430181681798 0.4814214838610369
22 0.1342960405878534 0.739805903277713 0.2685920811757068 0.37457528688148156
22 0.39511070601714504 0.7836226007598412 0.4779663028629444 0.4327547984803176
22 0.671243145820182 0.9307090649068974 0.40449591876497004 0.13858187018620516
