22 0.11406250000000001 0.9164062499999999 0.20703125 0.16640624999999998
22 0.33515625 0.9171875 0.21953125000000004 0.1656249999999999
22 0.51953125 0.91015625 0.15156249999999993 0.1796875
22 0.35703125 0.31015625 0.06796874999999997 0.11874999999999997
22 0.37734375 0.42265625 0.05078125 0.12734374999999998
22 0.2515625 0.4140625 0.04218750000000002 0.12187500000000001
22 0.27578125 0.49375 0.06562500000000002 0.10078125000000004
22 0.3421875 0.52265625 0.07421875 0.12734375000000003
22 0.35 0.68671875 0.07968749999999997 0.13437500000000002
22 0.46328125 0.6148437500000001 0.07499999999999996 0.11875000000000002
22 0.44140625 0.45078125 0.07656250000000003 0.12187499999999996
22 0.51640625 0.42421875 0.05078125 0.12890625
22 0.55625 0.5234375 0.06718749999999996 0.12031250000000004
22 0.58984375 0.44140625 0.05859375 0.140625
22 0.6421875 0.49140625000000004 0.07734375000000004 0.11015625000000001
22 0.60546875 0.60234375 0.06406250000000002 0.09921875000000002
22 0.60625 0.69140625 0.07968750000000002 0.10468750000000004
22 0.5390625 0.62421875 0.059374999999999956 0.109375
22 0.5 0.71328125 0.06093750000000003 0.10078125000000004
22 0.38515625 0.7945312500000001 0.09453125000000001 0.13437500000000002
22 0.4625 0.80390625 0.08281249999999996 0.140625
22 0.60625 0.81328125 0.08359375000000002 0.12734374999999998
22 0.6828125 0.89609375 0.16171875000000002 0.20781249999999996
