22 0.14247999174035086 0.34086271842824684 0.28495998348070173 0.4449166430607997
22 0.3294220480280522 0.26903028346273217 0.4871886114717497 0.537472409319939
22 0.65820784063895 0.2136634009433408 0.5519539223117188 0.4273268018866816
22 0.10798338702089758 0.638942100843258 0.21596677404179515 0.3422720906082872
22 0.2731238969301344 0.6161727417518594 0.4103898918964523 0.46181650333210056
22 0.6064738976921371 0.5738310831344551 0.5045022966363304 0.5616429760092729
22 0.8266671714521234 0.49213419697382105 0.34666565709575314 0.6424476103031899
22 0.5317392144569419 0.831293237519948 0.44438810660524475 0.337413524960104
22 0.8419640998552906 0.7516401941853372 0.3160718002894187 0.3488216406218757
22 0.2987023315257087 0.8556063146760535 0.39996597528741823 0.28878737064789284
