24 0.4251509829722094 0.7125675849361762 0.10315873441617252 0.2312991316396975
24 0.3038289414972356 0.7130153947113447 0.13897979141590788 0.21479060233872627
24 0.6000604432851082 0.5291918739050382 0.145665798475077 0.30466723377337784
24 0.5953633758299934 0.3524758647013313 0.18418737885457281 0.3425179220208132
24 0.8669473766567378 0.6330393786830166 0.1542270972093569 0.27767124950845956
24 0.10582015245072163 0.14936345214085256 0.21164030490144325 0.21130297045835034
24 0.24981755052380314 0.1377572952696767 0.102898351385939 0.2236589351568003
24 0.18363156133940584 0.6746914139876954 0.1510091987394333 0.2194401962095882
24 0.17882680536526235 0.302517675965849 0.1641963545524483 0.12461371876088823
24 0.2616645671340821 0.40337200969218057 0.16270187577712292 0.30694368417009626
24 0.3817304211332222 0.8741743864114793 0.12727776399799923 0.25165122717704147
24 0.8928178770738199 0.4727318147325522 0.13932669461265523 0.16616237989506888
24 0.7587650174105263 0.3661100077588224 0.15357572836842703 0.1703480316699355
24 0.5123160955854971 0.4211112437679399 0.13881949243340325 0.19651621579059253
24 0.7602119217540642 0.730850499333837 0.1330723650078277 0.312871456399999
