24 0.5000828638654832 0.6153739587608152 0.17480511951844574 0.6199782481775544
24 0.4220568389476966 0.5700189035068366 0.25668028065223825 0.7377145780088861
24 0.35057971746162786 0.5830788468333127 0.23482979022597023 0.7201921596668039
24 0.294904529212982 0.5668144308899765 0.27466300212109584 0.8076341644879732
24 0.09659950084227456 0.632958686690011 0.19319900168454912 0.7340826266199779
24 0.7734997449543584 0.3180639630497824 0.446931091884042 0.4320919875954049
24 0.5622405448426301 0.5460276679652311 0.22834234028504263 0.701957085497372
24 0.6556131570834904 0.6130774003393644 0.16468797973755323 0.5449400271338752
24 0.7777576452312027 0.5822377287578054 0.1976749351718632 0.574217206496026
24 0.8889953835681108 0.599450700066799 0.22200923286377827 0.5247463887423385
24 0.9189779324525092 0.43646299116751364 0.1620441350949815 0.5072876034701843
24 0.9009773568302772 0.1954453345583158 0.15189466269477991 0.3908906691166316
