22 0.0323201987896482 0.4305798955569997 0.0646403975792964 0.10988474503138773
22 0.04871878216454206 0.5689140097892156 0.09743756432908413 0.14388320558535928
22 0.046620159594230826 0.651795013466139 0.09324031918846165 0.11469797403660842
22 0.06631439051387397 0.3426693181615265 0.13262878102774794 0.13818118547350278
22 0.07869989711304878 0.44219174283455004 0.11211526045746861 0.10695727059610294
22 0.14233810666216481 0.4212464885747469 0.14391198703100233 0.1379099624650495
22 0.11341129163262983 0.2834404296366162 0.11732812861395864 0.10945047137114555
22 0.18750987200369876 0.28766218739313587 0.1292501022386811 0.12174757153124
22 0.23388750822494814 0.43507019172581096 0.12305466134171239 0.11583347553580031
22 0.2648604438800461 0.3886318241461074 0.1777127624242122 0.1679594725045388
22 0.3161754564195864 0.4768498432925909 0.1342956509136365 0.13101329372913095
22 0.13815952107410967 0.5934751598340158 0.14756520192113398 0.1430636834966693
22 0.03733273034435597 0.7035501527292513 0.07466546068871194 0.12936998072200523
22 0.24644522562941393 0.901383278132253 0.1576994714395093 0.1450389508707025
22 0.3687885372391009 0.9479759654237805 0.1519441572661127 0.10404806915243892
22 0.46179954160465386 0.9410775583313853 0.15460467752268992 0.11784488333722953
22 0.5367767911892827 0.9377248649214975 0.18238318456379543 0.12455027015700493
22 0.5806990296116306 0.8745718527462271 0.17625701268477256 0.1738186902048542
22 0.6826251422555996 0.8930558561437986 0.16486309435413538 0.15989266776045574
22 0.6333024724090758 0.9453920305143115 0.15451089588884703 0.10921593897137705
22 0.7143222341319604 0.9517116187243504 0.1208241459156314 0.09657676255129932
22 0.8448191786936659 0.7794416737784258 0.17060987086804047 0.17286063008027275
22 0.9079756735843294 0.5966444593405396 0.16659592016535818 0.1625633099101086
22 0.2171165707234543 0.14708743584176326 0.14845399302776974 0.14657836035090954
22 0.26624424000537816 0.2682030485519994 0.14703714662704886 0.14469260578097348
22 0.17462130059490313 0.21446678885152415 0.13093817164785532 0.12005950212206573
22 0.3830890697273003 0.26656558860820356 0.16502614500592416 0.16193135108910472
22 0.2880857226687309 0.12108224218418326 0.1001341397078761 0.09582018455109748
22 0.3670955825086095 0.17644742416896264 0.10720824981840488 0.1019564783231961
22 0.38873352694787067 0.11805244845556376 0.10189147813499616 0.09626458010441535
22 0.3726707707112341 0.05103015176747694 0.12825313877538075 0.10206030353495388
22 0.4636516294076295 0.11887782360758359 0.13462602104696003 0.12627945563493181
22 0.4654840899160253 0.05216751259089725 0.13336210340495214 0.1043350251817945
22 0.6169795827990743 0.030109135032926615 0.12928473674765406 0.06021827006585323
22 0.6391093637898636 0.08286250774469828 0.12201294147636355 0.11357259443049228
22 0.7154198000344462 0.06878454193885186 0.15047243257026754 0.13756908387770372
22 0.8079112867654055 0.14443910558285206 0.13861972796349076 0.1299918176499335
22 0.9114075646247652 0.5198507242039204 0.1771848707504694 0.21112987362255842
22 0.9630697143708267 0.4555128710494388 0.07386057125834666 0.17313770615205593
