24 0.5695811358438249 0.5920305534116018 0.49980352871678524 0.45787714688756403
24 0.47998092863438657 0.6028446400391556 0.6217539740330205 0.5764501892231122
24 0.4308035773018629 0.6563341636072575 0.5982364296936098 0.552525027282584
24 0.37656933714103286 0.6768988179120934 0.6771589796731453 0.6269637836498279
24 0.3563663568750731 0.7003200720609684 0.6720438597589651 0.5993598558780633
24 0.3378625576016361 0.6636577290442839 0.6757251152032722 0.6726845419114322
24 0.2747071587521136 0.7912078909065626 0.5494143175042272 0.41758421818687474
24 0.6086614702133493 0.22757655876856092 0.5288942273037153 0.45515311753712184
24 0.5724129558852895 0.49894416075199904 0.5928347621714222 0.5479968260485052
24 0.6923268491363919 0.49648770356211575 0.4454420748010285 0.40962995698856874
24 0.7222283097555763 0.4655901707212583 0.5026338128177956 0.47159664404699714
24 0.7649196611782423 0.3982800472265162 0.47016067764351555 0.4473174877698632
24 0.8192860732376291 0.3443185312096067 0.3614278535247417 0.43710721516740614
24 0.7935633936744345 0.19525002675026593 0.41287321265113097 0.39050005350053185
24 0.6168780624320064 0.0826525487859924 0.3806266723561404 0.1653050975719848
