25 0.359375 0.41015625 0.2078125 0.50390625
25 0.3359375 0.74296875 0.26953125 0.3953125
25 0.1171875 0.571875 0.23046875 0.41484375
25 0.55234375 0.5 0.23203125 0.40703125
25 0.22421875 0.40234375 0.1515625 0.29765625
25 0.1234375 0.17578125 0.24609375 0.3484375
25 0.54921875 0.07890625 0.2546875 0.1578125
25 0.77109375 0.640625 0.26015625 0.38984375
25 0.6234375 0.8234375 0.24296875 0.3484375
25 0.8578125 0.2078125 0.234375 0.415625
25 0.6703125 0.303125 0.271875 0.38125
25 0.34609375 0.10546875 0.23203125 0.2109375
25 0.1171875 0.88984375 0.23046875 0.2203125
25 0.959375 0.52265625 0.08046875 0.22109375
25 0.90859375 0.81796875 0.1828125 0.36328125
