1 0.3407643563476058 0.14635774846719848 0.3391870834522255 0.29271549693439697
1 0.1293332384679281 0.332265538909144 0.2586664769358562 0.35924884705962534
1 0.7473083308342048 0.10446442072502271 0.20492085577632968 0.20892884145004542
1 0.5842214602871216 0.2400098925369134 0.288215527630192 0.285903499877715
1 0.3852455857302703 0.41744732037405596 0.2971121330216827 0.2990037920918911
1 0.18365689855192682 0.5757670165641131 0.30774638213820277 0.3081667508204713
1 0.06521066968231676 0.6812597269686438 0.13042133936463352 0.18736681261985477
1 0.8982946842655157 0.31733874449466287 0.20341063146896854 0.23878592283473954
1 0.7533294209388779 0.4448491911814949 0.3533654830826556 0.35273493005925277
1 0.564756772480778 0.6005279902520824 0.3062334143969939 0.30308064927997996
1 0.3578998839187866 0.7733277697289798 0.33503956562549525 0.3314664318262128
1 0.21657888795960142 0.8959695408125371 0.19039095052748262 0.2080609183749258
1 0.5116308549232105 0.920052414244676 0.3061210764050838 0.15989517151064792
1 0.709240531262689 0.8307615674924048 0.32178525806614 0.3205241520193345
1 0.8750172178785933 0.6706906347220271 0.24996556424281335 0.33229267754806346
