25 0.38046875 0.16953125000000002 0.265625 0.3359375
25 0.4359375 0.48125 0.24765624999999997 0.32578125
25 0.415625 0.73515625 0.24687499999999996 0.26640625000000007
25 0.22812499999999997 0.6671875 0.18984374999999998 0.48046875
25 0.07890625 0.49921875 0.1578125 0.4515625
25 0.171875 0.25546875 0.22187500000000002 0.36640625000000004
25 0.0515625 0.1140625 0.103125 0.228125
25 0.0953125 0.88671875 0.18828125 0.22578124999999993
25 0.70078125 0.77578125 0.2109375 0.44843750000000004
25 0.75625 0.71015625 0.1875 0.29218749999999993
25 0.77265625 0.3921875 0.23906250000000007 0.35624999999999996
25 0.5890625 0.16484375 0.22812499999999997 0.3296875
25 0.5734375 0.57109375 0.18124999999999997 0.28828124999999993
25 0.8125 0.10859375 0.2109375 0.2171875
25 0.48359375000000004 0.8734375 0.28906250000000006 0.25312500000000004
