24 0.3491579703148845 0.3230973893833821 0.31587281063881534 0.43527383913280493
24 0.5849603329868456 0.5009900000072384 0.29951630298723897 0.4086462752666919
24 0.5297994164685731 0.8402216516587272 0.3058414635541603 0.3195566966825456
24 0.4672246413832075 0.8590982415059959 0.3141436530723065 0.2818035169880082
24 0.37786942337998997 0.9421609520461837 0.23998722468364525 0.11567809590763267
24 0.28580173269534226 0.5050472124974995 0.25289951341443356 0.361772709288523
24 0.7898693818293707 0.3375288208451002 0.2021958252261732 0.2211972792230662
24 0.5284094169598014 0.17906438695072083 0.21855233287774944 0.24782484308917913
24 0.20967420931285144 0.6572503065011147 0.17948595641410764 0.2213405104883448
24 0.17919797042953922 0.43299991100725543 0.23755081581139037 0.3448833532532994
24 0.4764285234679322 0.21832965310096414 0.20527714209053421 0.21811596235870512
24 0.254498020642991 0.29139069859713657 0.1650114853807791 0.23151657436990447
24 0.6158402933698648 0.352742449437699 0.14831285677732253 0.1955597153641916
24 0.4660936384081294 0.8187526212173138 0.29591178552569086 0.3624947575653723
