26 0.09318642620935944 0.4977689734628694 0.18637285241871887 0.5996262987038632
26 0.14357436531512008 0.5276425698161911 0.24226220256436037 0.6529542413205691
26 0.22663371754201914 0.5183685583379845 0.24600019624817898 0.6482649017877761
26 0.2993706934537768 0.5491935005402806 0.24868934253416553 0.6779215143669198
26 0.3857785157299609 0.5488486621000177 0.2438802794956037 0.642774051748556
26 0.46954211819487784 0.5744449057924397 0.24443469439107413 0.6174846447797506
26 0.553874950193206 0.5727591978686686 0.2559406975282059 0.6402270922056981
26 0.6339830046047727 0.6062883422753407 0.24604512272289836 0.6539280504069032
26 0.7204957357487849 0.6180713115797589 0.278570587486906 0.708926403748542
26 0.8089711409838546 0.6470835380393642 0.2764731339716906 0.7058329239212714
26 0.8854234687473298 0.6496150773775651 0.2291530625053404 0.6262190560004276
