24 0.58515625 0.3578125 0.53125 0.13906250000000003
24 0.88125 0.59375 0.08906250000000004 0.7453125
24 0.65625 0.74375 0.16328124999999993 0.5
24 0.69140625 0.609375 0.33906249999999993 0.41093750000000007
24 0.44921875 0.5671875 0.125 0.84375
24 0.2859375 0.66796875 0.11562499999999998 0.6609375
24 0.31484375 0.60703125 0.37031250000000004 0.1875
24 0.38593750000000004 0.709375 0.28125000000000006 0.13671875
24 0.5578125 0.71484375 0.06484374999999998 0.5531250000000001
24 0.75625 0.7390625 0.21875 0.26171875
24 0.9375 0.48671875 0.09375 0.28593749999999996
