21 0.22890625 0.47578125 0.13671875 0.1859375
21 0.3421875 0.3578125 0.15703125 0.17734375
21 0.32109375 0.59921875 0.109375 0.1640625
21 0.40234375 0.59140625 0.09609375 0.153125
21 0.55546875 0.56953125 0.16015625 0.175
21 0.63203125 0.39375 0.14140625 0.1734375
21 0.72734375 0.4859375 0.13828125 0.16171875
21 0.66328125 0.28671875 0.07578125 0.08359375
21 0.0421875 0.73828125 0.07890625 0.10703125
21 0.8484375 0.3390625 0.0171875 0.034375
21 0.8234375 0.31640625 0.01171875 0.0265625
21 0.7921875 0.265625 0.01640625 0.02890625
