79 0.41484375 0.6484375 0.1328125 0.18125
79 0.3140625 0.52890625 0.1328125 0.1765625
79 0.4125 0.39375 0.12109375 0.1671875
79 0.5109375 0.5171875 0.1234375 0.1625
79 0.62578125 0.6359375 0.1328125 0.16953125
79 0.70703125 0.50234375 0.1265625 0.16953125
79 0.6015625 0.3875 0.12890625 0.1609375
79 0.5015625 0.28046875 0.12109375 0.153125
79 0.790625 0.3828125 0.12734375 0.1640625
79 0.675 0.26171875 0.115625 0.1546875
79 0.58359375 0.16328125 0.11484375 0.153125
79 0.6609375 0.06875 0.1125 0.1375
79 0.7546875 0.1546875 0.11328125 0.15625
79 0.859375 0.26796875 0.12578125 0.1546875
