63 0.24733778733917705 0.3408002966361132 0.37092358670268266 0.6337471304427713
63 0.38836931675913855 0.3671134701446721 0.3284986892210289 0.5908603286663194
63 0.5088656008823949 0.4016610624990966 0.327050364344333 0.6023453240439689
63 0.6150083589305166 0.4367331711406208 0.3262064142152363 0.6051966082732565
63 0.7035016488476158 0.45195426769353825 0.30085791611315693 0.5622957469688513
63 0.7158082857726525 0.7363645278840908 0.005639956466273466 0.00841138223506177
63 0.7799336876953731 0.48853731320406013 0.30439662049078686 0.5838487188436052
63 0.8576610526228401 0.5084573111654572 0.2846778947543197 0.5409651040073977
63 0.8793964241806447 0.5470789967723206 0.24120715163871065 0.5889187934986748
63 0.5304493153470082 0.8119398688417745 0.007536126109814023 0.01354088194218861
