63 0.9474002481678345 0.3534278042589247 0.0010577291474473949 0.0010577291474474504
63 0.652812238728248 0.17797646368555442 0.6943755225435041 0.35595292737110884
63 0.6285517790560565 0.2090159152494811 0.7044455399389455 0.4180318304989622
63 0.5816650534175777 0.3212828272398909 0.6508705995606141 0.3878194232327281
63 0.5598795310699094 0.36190332459161895 0.6442549970884647 0.3828000050829564
63 0.5643063722257882 0.4148089631664024 0.5902649138335891 0.3616913188690668
63 0.5223047963201851 0.4534523831820838 0.6231928983633064 0.383765250006614
63 0.4742452543197766 0.5083501677533756 0.7008455627478762 0.4563101245595742
63 0.43369736923575136 0.5938720883236317 0.6546980201460425 0.43793618916711696
63 0.39239934499657136 0.705587191195021 0.6506479594618804 0.4441017081461738
