79 0.4232983859026469 0.6529775823941968 0.14276373511868495 0.18840988548904802
79 0.3159752129783101 0.5392836219935759 0.14250097488411667 0.1837297558637993
79 0.40668168167847774 0.3988219195396402 0.13027513035185856 0.17371259602688144
79 0.5118837566523305 0.5165473680785855 0.1323524349299145 0.16916384651891703
79 0.633203525079985 0.6286730261712932 0.14210683453226425 0.17670956142592653
79 0.7068371052324307 0.49073482111919065 0.1358666616985994 0.17635921444650204
79 0.5950965629174136 0.38198375057838685 0.1377249994145151 0.16791035691749717
79 0.4892541055561338 0.28072634247266776 0.12948684964815366 0.15967220715113573
79 0.7835990309012055 0.36670562482554986 0.1363401296958111 0.1709428565894734
79 0.6613678607520588 0.25228369529264594 0.12411428516355294 0.16092569675255552
79 0.5645873681337766 0.1591247977365073 0.12324667681448886 0.1593218601717113
79 0.6365105088865842 0.06610083187104132 0.12003074455330354 0.13220166374208264
79 0.7349303723586418 0.14095381152847494 0.12186180709578476 0.16235435984368746
79 0.8458033063245949 0.24818863223329057 0.13425456601825836 0.1614950105941202
