86 0.44609375 0.878125 0.33359375 0.15
86 0.16171875 0.853125 0.31875 0.13671875
86 0.19375 0.73828125 0.30859375 0.1265625
86 0.47734375 0.76171875 0.31875 0.146875
86 0.50390625 0.6578125 0.2984375 0.134375
86 0.77421875 0.62890625 0.28828125 0.13046875
86 0.7578125 0.746875 0.30546875 0.1328125
86 0.85234375 0.234375 0.11171875 0.32421875
86 0.1890625 0.32734375 0.30234375 0.1203125
86 0.46328125 0.3359375 0.28359375 0.13046875
86 0.70546875 0.37109375 0.26953125 0.134375
86 0.1875 0.5328125 0.315625 0.10703125
