21 0.4493312826182023 0.5203080626109067 0.025453465240326267 0.02383838052184395
21 0.43420256804535506 0.5102421701673217 0.026931378924971716 0.023432028701593555
21 0.4619156829232688 0.5291652221562599 0.025184284453912464 0.02410756130825764
21 0.45078338989654854 0.5394693276986997 0.01620543771850197 0.01701298007774321
21 0.5114272802194331 0.46584719137319663 0.018754913267542528 0.01767819012188765
21 0.22165872892335514 0.6693075687353129 0.023447512545372917 0.020486523894822195
21 0.21241586268279072 0.6675553129829939 0.016205437718501914 0.0170129800777431
21 0.1744996843274553 0.6665744706210971 0.013397103945567423 0.0123203807999126
21 0.14332334819498224 0.6296937251613378 0.013397103945567423 0.0123203807999126
21 0.14975788066261211 0.6267533816358264 0.01044643785753635 0.01098479943036379
21 0.3009070611963446 0.49441509430259223 0.022634808904872017 0.023442351264113093
21 0.24273224948252203 0.5173943196525967 0.022375950680977974 0.01941496203042714
21 0.5083519492202637 0.3420430864261249 0.020222504389668328 0.021568408321736898
21 0.5118719445686811 0.309891069213015 0.025184284453912464 0.024107561308257697
21 0.5165335761589527 0.3344153049040428 0.02223877964714116 0.020623694928658953
21 0.5206671687389164 0.3519718078358732 0.026255846318307463 0.025179123172652695
21 0.533541394955436 0.34153569254085653 0.01955729434552389 0.019018932772696395
21 0.5426264450371241 0.3643231563233448 0.021700418074313776 0.021162056501486337
21 0.5534843959961708 0.35964604088929386 0.01807938066087833 0.019425284592946845
21 0.6290682170454674 0.3444575745015074 0.020760865962495823 0.02103004674890946
21 0.6538667948041688 0.3341689528028472 0.017282160864156793 0.015936256932088277
21 0.6213858449897058 0.2662025907131131 0.01138598996935436 0.011116809182940668
21 0.6255452439759688 0.26098195242497485 0.01191919026092192 0.012726732620163106
21 0.6025247283758857 0.23925056666310207 0.009776066532131922 0.010583608891373109
21 0.5952878148302745 0.24085016753780478 0.010984799430363679 0.01044643785753624
21 0.5833634632880926 0.24070267394144837 0.009242866240564473 0.008973685454150726
21 0.578934883515416 0.2469948740939816 0.009913237565968736 0.009374875993141296
21 0.630832978920485 0.20592078423931937 0.01379829448455816 0.012990752125316973
21 0.6299531786236061 0.2729114652484165 0.013259932911730665 0.013529113698144357
21 0.40187645666868727 0.3056129607577759 0.018754913267542528 0.01767819012188765
21 0.3916991995975646 0.30077802916484875 0.018089703223397924 0.015128714572847146
21 0.4058728782148142 0.3259829587438006 0.021035208030169283 0.01861258095244589
21 0.45381068104257494 0.2326508731951575 0.015540227674357476 0.014463504528702653
21 0.3010227929442398 0.27401260540109407 0.016073427965925036 0.016073427965925036
21 0.3110473951377461 0.2953273167801967 0.01379829448455816 0.012990752125317084
21 0.28841774751413396 0.2833771588317157 0.016210598999761794 0.014864695067693279
21 0.25566543335307856 0.3366654261400129 0.011121970464200437 0.009237704959304538
21 0.23580282925232215 0.3658512934213122 0.011116809182940668 0.011385989969354415
21 0.24277572329277947 0.36076782616701075 0.009913237565968736 0.009374875993141352
21 0.2277583733474699 0.37066557988919996 0.015403056640520663 0.015672237426934355
21 0.2156194315525538 0.4416630050069438 0.013259932911730665 0.013529113698144413
21 0.20108366908621347 0.4995273456842739 0.008572494915160045 0.00857249491515999
21 0.20725418204868942 0.4931031357791638 0.011253980216777426 0.010177257071122603
21 0.21360613401616196 0.5630496441575519 0.010715618643949987 0.010715618643949987
21 0.42286819088859906 0.462397270402238 0.019156103806533153 0.018348561447291967
21 0.4400183420001789 0.4621487347408636 0.01821139041345521 0.02036483670476491
21 0.49715037597698675 0.5317508266741193 0.018754913267542417 0.01767819012188765
21 0.5451582531822063 0.4948258132432003 0.019288113559110087 0.019288113559110087
21 0.554817793805541 0.4835821555889424 0.020628856209918722 0.02009049463709134
21 0.5687119690738571 0.5189695035202768 0.013127923159153676 0.012589561586326292
21 0.5544844940838305 0.6595019239148985 0.021162056501486393 0.021700418074313776
21 0.5705682446122752 0.6544287792231165 0.016606628257492595 0.017683351403147474
21 0.5665718230661483 0.6340587812370919 0.020217343108408392 0.02371669333178661
21 0.5841541324042778 0.6071480474371594 0.020760865962495823 0.021030046748909514
21 0.6637498588434808 0.5986632943034167 0.016474618504915606 0.01674379929132941
21 0.6480784155774486 0.8311066606558941 0.02478309391492195 0.02343718998285338
21 0.6440458650625028 0.8426246603778255 0.01968930409810077 0.01995848488451446
21 0.6334519336086102 0.8507856421914751 0.02076086596249571 0.021030046748909514
21 0.7559720699987313 0.798402981586356 0.016205437718502025 0.01701298007774321
21 0.7629501253204485 0.7887640860880609 0.0208928757150727 0.02196959886072747
21 0.6983636098242141 0.6762788744539656 0.02666219813855797 0.023701209488007247
21 0.7489437912636923 0.4976023851676734 0.020628856209918833 0.020090494637091283
21 0.7371462881928276 0.5037522530051102 0.02035967542350514 0.02035967542350514
21 0.8509722424777314 0.4383633564308945 0.01433149477612572 0.014600675562539411
21 0.8256765933962814 0.4143516759063949 0.012995913406576909 0.011650009474508338
21 0.8101776559720026 0.37628284267344314 0.01580940846077128 0.01419432374228885
21 0.6761232418552683 0.20248853067231898 0.014600675562539411 0.01433149477612572
21 0.460757768676733 0.25034454716082466 0.018353722728551902 0.017007818796483276
21 0.2686045726657971 0.387191811206714 0.013397103945567479 0.012320380799912656
21 0.13170946768929281 0.5920312437486366 0.009374875993141352 0.009913237565968736
21 0.2834575557716943 0.7588784681156028 0.019694465379360593 0.01781019987446464
21 0.2689940512429917 0.7529668133770206 0.01607858924718486 0.013925142955875214
21 0.31344878185205605 0.8957094541568102 0.01620543771850197 0.0170129800777431
21 0.3533627739000037 0.78896994210008 0.016743799291329464 0.016474618504915828
21 0.825911828774055 0.3249850442163198 0.022502799152295028 0.022502799152295028
21 0.7247580165756349 0.3217888201879954 0.018485732481128725 0.01794737090830134
21 0.8789618829834975 0.3314763507778078 0.014864695067693279 0.016210598999761905
21 0.8912719412208904 0.3459605004315498 0.01874975198628248 0.01982647513193747
21 0.9117842715220117 0.33459515558723474 0.014996704820270157 0.01715015111157997
21 0.9234446035590398 0.3312587828039924 0.019821313850677647 0.020898036996332414
