86 0.44609375 0.878125 0.33359375 0.15000000000000002
86 0.16171874999999997 0.853125 0.31875 0.13671875
86 0.19374999999999998 0.73828125 0.30859375 0.12656250000000002
86 0.47734375 0.76171875 0.31875 0.14687499999999998
86 0.50390625 0.6578125000000001 0.29843749999999997 0.13437500000000002
86 0.77421875 0.62890625 0.28828124999999993 0.13046875000000002
86 0.7578125 0.746875 0.30546875000000007 0.1328125
86 0.85234375 0.234375 0.11171874999999998 0.32421875
86 0.18906249999999997 0.32734374999999993 0.30234375 0.12031249999999999
86 0.46328125 0.3359375 0.2835937499999999 0.13046874999999997
86 0.70546875 0.37109375 0.26953125 0.13437499999999997
86 0.1875 0.5328125 0.31562500000000004 0.10703124999999997
