21 0.22890624999999998 0.47578125 0.13671874999999997 0.18593749999999998
21 0.3421875 0.3578125 0.15703125 0.17734374999999997
21 0.32109375 0.59921875 0.109375 0.1640625
21 0.40234375 0.59140625 0.09609375000000003 0.15312499999999996
21 0.55546875 0.56953125 0.16015625 0.17499999999999993
21 0.63203125 0.39375 0.14140625000000007 0.17343750000000002
21 0.72734375 0.4859375 0.13828125000000002 0.16171874999999997
21 0.66328125 0.28671875 0.07578125000000002 0.08359374999999997
21 0.0421875 0.73828125 0.07890624999999998 0.10703125000000002
21 0.8484375 0.33906249999999993 0.017187500000000022 0.03437499999999999
21 0.8234375 0.31640625 0.01171875 0.02656249999999999
21 0.7921875 0.265625 0.016406249999999956 0.028906250000000022
