79 0.2625 0.490625 0.14921875000000004 0.1875
79 0.265625 0.28671875 0.15312499999999998 0.19453125000000002
79 0.41796875 0.49765625 0.13906250000000003 0.18671875000000004
79 0.42578125 0.28671875 0.14140625 0.19453125000000002
79 0.42265625 0.71015625 0.13828125000000002 0.18828125000000007
79 0.57578125 0.29375 0.14375000000000004 0.1875
79 0.5765625 0.50234375 0.14765625000000004 0.18828124999999996
79 0.5757812499999999 0.70625 0.14687499999999998 0.19453124999999993
79 0.7375 0.7140625 0.1484375 0.19062499999999993
79 0.7320312500000001 0.48749999999999993 0.14218750000000002 0.18828124999999996
79 0.734375 0.29140625 0.14921875000000007 0.19140625
79 0.88828125 0.296875 0.15703124999999996 0.18671875000000002
79 0.8890625 0.4921875 0.1640625 0.1875
79 0.8890625000000001 0.71484375 0.15390625000000002 0.19296875000000002
