26 0.6884000933189008 0.5202320414563633 0.5920441970767096 0.7226679283565776
26 0.7542631312803098 0.43656220970048515 0.4914737374393805 0.5680579034432375
26 0.379340480203044 0.5217068539620666 0.6408553217677113 0.7504943741957593
26 0.4606246590469822 0.3980991333383464 0.37577460294855636 0.43377719842662044
26 0.5946996386826613 0.5738386379140245 0.4401492285394305 0.543186359530951
26 0.5099849294525463 0.5604227733176008 0.3365440628060565 0.39313196083343616
26 0.6778136236238461 0.5919939218644754 0.20164475746198296 0.24738664170078167
26 0.21082571464898262 0.4082481573864024 0.42165142929796523 0.46451508646492606
26 0.22315222638280136 0.5406448328354838 0.4463044527656027 0.46578051570500534
26 0.24505307408629606 0.6523965918816834 0.3873194354200057 0.3866120866946635
26 0.39005205216592426 0.7004680766197897 0.3698737338949406 0.3835491425848907
