34 0.5328125 0.57109375 0.4156250000000001 0.33203125
34 0.26953125 0.88828125 0.17343749999999997 0.15156250000000004
34 0.5609375 0.80390625 0.3460937499999999 0.38671875
34 0.671875 0.87890625 0.26171875 0.23828125
34 0.7640625000000001 0.7234375 0.12265625000000002 0.2984375
34 0.5828125 0.39453125 0.38203124999999993 0.37734375000000003
34 0.30546875 0.7296875 0.21640625000000002 0.27656249999999993
34 0.16796875 0.828125 0.10546875 0.19687500000000002
34 0.209375 0.6046875 0.14687500000000003 0.32421875
34 0.2859375 0.44218750000000007 0.18281249999999996 0.19453125000000004
34 0.27734375 0.328125 0.21875 0.35078125000000004
34 0.7328125 0.525 0.21406250000000004 0.3531250000000001
34 0.74296875 0.28515625 0.22812500000000002 0.259375
34 0.61875 0.20937499999999998 0.3531250000000001 0.41796875
34 0.47578125 0.140625 0.41328124999999993 0.28125
