26 0.728125 0.53515625 0.53828125 0.5453125000000001
26 0.53984375 0.7453125 0.6875 0.48046875
26 0.4421875 0.6421875 0.7953125 0.5289062500000001
26 0.275 0.41718749999999993 0.55 0.51875
26 0.34140625 0.33984375 0.6828125 0.5265625
26 0.428125 0.23046875 0.44921875 0.334375
26 0.6125 0.1078125 0.26250000000000007 0.215625
26 0.6921875 0.35234375 0.44453124999999993 0.37968750000000007
26 0.884375 0.53515625 0.22578125000000004 0.35078124999999993
26 0.821875 0.2203125 0.14453125 0.14218749999999997
26 0.7015624999999999 0.1078125 0.24062499999999998 0.215625
26 0.3140625 0.89921875 0.23593749999999997 0.19687500000000002
26 0.20546875 0.6359375 0.36796875 0.25
