26 0.6321468474652834 0.6381774107363414 0.7112718130465631 0.580499487385099
26 0.4706874932698987 0.7506936530867072 0.7012636420354267 0.4986126938265857
26 0.32727961841876707 0.9001468254832945 0.29225758051787787 0.199706349033411
26 0.23045278695246174 0.7015350953676991 0.37351773594551463 0.3167091127549432
26 0.15999178731927388 0.6567118370767525 0.281797724567469 0.23426971803674346
26 0.18736723051223492 0.5295631775815954 0.37473446102446983 0.35764677509679055
26 0.16591637010699065 0.44025917768125633 0.3318327402139813 0.315861131214636
26 0.18872174919046694 0.3852051227470509 0.3774434983809339 0.35482910562219333
26 0.8767379796699772 0.5850494504690716 0.24652404066004552 0.26986292274981133
26 0.906376650824271 0.5331453950388906 0.1872466983514579 0.2651448933083877
26 0.8252577809750533 0.4817973675494304 0.3494844380498934 0.3631595422986261
26 0.601339391742346 0.4427009238590722 0.7536242076611508 0.5477632562972978
26 0.9260906355794745 0.380970410480451 0.14781872884105107 0.13181237287751385
26 0.86385476231386 0.2895843375505892 0.1857457936969078 0.16577840633784557
26 0.4407333804831246 0.3844329028492347 0.7322522746814748 0.5531082500656628
26 0.6155751392445494 0.27793130268039123 0.6231502692743005 0.5072831764301646
26 0.6583765381004817 0.15850569705669418 0.39809398448828154 0.31701139411338836
26 0.6254827202313368 0.09954170287668082 0.34011738093844485 0.19908340575336164
26 0.3843935986985653 0.2165106014686014 0.2019426509000316 0.16988233880238235
