26 0.49288253957517214 0.49475912630365815 0.8291233311556092 0.3070012891575489
26 0.47054242398301005 0.6806889220919914 0.8081999664667443 0.3083516376781369
26 0.18694964117019205 0.847814163833348 0.2875025428945274 0.13420698727652725
26 0.0870706218815403 0.7728971403194153 0.1194605161715655 0.14566488465327487
26 0.1724323663106316 0.6169079250404896 0.3341178956675001 0.18278766768562826
26 0.1304923705892325 0.5447116636159846 0.260984741178465 0.1680666387245769
26 0.6595677272491292 0.7615852923262914 0.6808645455017418 0.2218664674971772
26 0.7833050207752862 0.6947649828402281 0.4333899584494276 0.27675911973228096
26 0.28607884156874563 0.3986980225700961 0.5721576831374913 0.26545015840792946
26 0.26972427993490605 0.28953556473797504 0.5394485598698121 0.2767729775425772
26 0.21993137862874312 0.2527321621930515 0.43986275725748625 0.1776663541364985
26 0.7358393163353847 0.17971428088274322 0.4459694662071828 0.18392578139008875
26 0.7893576212403759 0.20951750967336924 0.3590290071543979 0.207698779172526
26 0.7614278755592585 0.3378208634691707 0.44224483851309904 0.1743051707876202
26 0.9335507078883487 0.4455535427299941 0.1328985842233027 0.16523790082155176
26 0.6887218465300935 0.538277244973997 0.622556306939813 0.2429704176203038
