26 0.25 0.45546875 0.384375 0.259375
26 0.18359375 0.4859375 0.27421875 0.18046875
26 0.24609375 0.5171875 0.34140625 0.21171875
26 0.2140625 0.584375 0.36796875 0.2140625
26 0.33046875 0.56953125 0.26953125 0.15859375
26 0.3375 0.6546875 0.365625 0.21875
26 0.4328125 0.6921875 0.428125 0.28359375
26 0.56875 0.66484375 0.34140625 0.24765625
26 0.5109375 0.71875 0.40390625 0.28125
26 0.478125 0.75625 0.3390625 0.23828125
26 0.38671875 0.70078125 0.3171875 0.19921875
26 0.1515625 0.56875 0.259375 0.146875
26 0.2546875 0.64765625 0.334375 0.18984375
26 0.26953125 0.6859375 0.3171875 0.18984375
26 0.34765625 0.64921875 0.3390625 0.2046875
