26 0.36502936291673094 0.3422858679831243 0.3100151315591521 0.4122096904365764
26 0.32836262148766326 0.37607213719173016 0.213393820040235 0.2756580545880695
26 0.3049908974409256 0.36564765918822095 0.2116582472071249 0.2800135481781172
26 0.31035219000812875 0.4389932912144116 0.22429966960422948 0.3075442440540518
26 0.28921838420147555 0.433797613719929 0.08060700433601731 0.118506973191221
26 0.29069340557106116 0.5013359209593895 0.05709285538946235 0.07739641013332138
26 0.37176187515705905 0.20283167790445966 0.23897144747572002 0.3330445844556006
26 0.41870184501138474 0.22973067643389208 0.3507006362440137 0.45946135286778417
26 0.4334045295710052 0.1589362359251404 0.27392469808137354 0.3178724718502808
26 0.4707182576332788 0.26903628051094486 0.28425423969407887 0.46766301754693956
