5 0.7865311377979487 0.33745669068661743 0.4242157384333305 0.6749133813732349
5 0.6403032262985794 0.2211284602247809 0.40207223564342137 0.4422569204495618
5 0.6696338586391235 0.5888669096796686 0.28878835779473944 0.4401759503968399
5 0.24393038341739173 0.6565454453608792 0.4554747282972 0.6833364656158252
5 0.29329056786977165 0.7791448466907881 0.42081951997766487 0.4403282303645335
5 0.32187692060490186 0.5017679417573965 0.3615833234635969 0.5605721694096564
5 0.39902598914388276 0.33292884857210925 0.29897253405140534 0.46440639813205103
5 0.5442563955874568 0.2618160572145254 0.4271659297646863 0.5236321144290508
5 0.4652014961475901 0.8101965916282106 0.3269947939464837 0.37537639570591774
5 0.5486510201638152 0.6851002608245935 0.37331558164264583 0.5723044275887056
