26 0.2478453988394076 0.46998184982206453 0.398713615914707 0.2811416518112059
26 0.18330972008219412 0.5042350384761263 0.2841840046313379 0.19600503155371202
26 0.24751023994410604 0.5318231835652811 0.35306420003763916 0.23108328728025662
26 0.2194128758213943 0.6007485001200004 0.37971772490109956 0.2349572440986637
26 0.3347675166871211 0.5792064764484839 0.27824093693124424 0.17389581878938692
26 0.3467052351812684 0.6638144918357951 0.37764861401941285 0.239501556197799
26 0.4440244530412498 0.6957471160839125 0.44378934326329933 0.3078467597686261
26 0.5781558036339108 0.6605979289169075 0.35513977286486775 0.26696079978724185
26 0.5235531644939515 0.7177531626603179 0.4194756561720335 0.304108166395473
26 0.49296125080729053 0.7570856552489893 0.3522584813116568 0.257466085253209
26 0.3985039761540192 0.7069886690052891 0.3281639380169392 0.2172053968942601
26 0.15611477892784265 0.5887592735121434 0.2674248226921305 0.1616100549989795
26 0.26362487689462766 0.6615778202515201 0.34478129456535084 0.20883871107067753
26 0.2806547857243431 0.6989378687107577 0.3276224842359231 0.20784604580548127
26 0.3565286841551859 0.6577682954379067 0.3503182719296824 0.2239284105184186
