5 0.86875 0.65625 0.11796874999999996 0.34375
5 0.7921875 0.66328125 0.13906249999999998 0.36093749999999997
5 0.86875 0.28515625 0.15156250000000004 0.43046874999999996
5 0.69140625 0.69453125 0.20468750000000002 0.321875
5 0.5609375 0.70703125 0.16796875 0.3296875
5 0.4984375 0.7164062500000001 0.19218749999999996 0.334375
5 0.4546875 0.69609375 0.17343749999999997 0.321875
5 0.36796875000000007 0.72265625 0.16328125 0.396875
5 0.2859375 0.7546875 0.15859374999999998 0.35078124999999993
5 0.13671875 0.759375 0.13671875 0.34375
5 0.1875 0.7015625000000001 0.10546875 0.31484375
5 0.10546875 0.41328125 0.16328125 0.41328124999999993
5 0.32109375 0.3890625 0.16796875 0.4546875000000001
5 0.396875 0.33046875 0.1828125 0.43281250000000004
5 0.50234375 0.353125 0.22812499999999997 0.41796875
5 0.74375 0.37890625 0.16796875 0.35312499999999997
5 0.7906249999999999 0.22734375 0.15859374999999998 0.31015625
5 0.68515625 0.29921875 0.1875 0.4546875000000001
5 0.60546875 0.3765625 0.17031249999999998 0.41093749999999996
5 0.5359375 0.30078125 0.1875 0.37968749999999996
5 0.2171875 0.39765625 0.1921875 0.459375
