79 0.5671875 0.11796875 0.26953125 0.2359375
79 0.4078125 0.109375 0.17812500000000003 0.21875
79 0.2671875 0.509375 0.17812500000000003 0.2984375000000001
79 0.3796875 0.3453125 0.17343750000000002 0.31718749999999996
79 0.53984375 0.31484375 0.36328125 0.47343749999999996
79 0.2859375 0.78359375 0.15859374999999998 0.33203125
79 0.428125 0.8890625000000001 0.2789062500000001 0.21640625000000002
79 0.35 0.728125 0.16562499999999997 0.29296875
79 0.4125 0.6265625 0.27421874999999996 0.43046874999999996
79 0.5953125 0.73203125 0.3656249999999999 0.5335937499999999
