79 0.24517117302774674 0.48812547704082854 0.23748419290795048 0.32163277387882516
79 0.35245612583107244 0.34894909307029576 0.23480899210992756 0.3189575730808023
79 0.28957424587931263 0.6164306016928218 0.23980026517871622 0.32199190240608233
79 0.3857445243761187 0.7216876029939668 0.2750688890269595 0.3696545032965475
79 0.531891431167207 0.7373871324097959 0.4089973401876013 0.5252257351804082
79 0.4634805140251588 0.4582275159299405 0.401689994848047 0.5399806860559964
79 0.46900536771746126 0.20833619499073475 0.2402791032150589 0.32507999876710336
79 0.34478760709731227 0.24340903628589294 0.2023352785687929 0.27474219707861536
79 0.5821530660476071 0.2548290720839285 0.2608549184732455 0.35087433067464635
79 0.6787017586615497 0.4288083928553953 0.4047243241733269 0.5449719591247848
