34 0.85078125 0.60703125 0.2953125 0.37968749999999996
34 0.8546875 0.2546875 0.28828124999999993 0.509375
34 0.75703125 0.44609374999999996 0.38203124999999993 0.51171875
34 0.640625 0.22031249999999997 0.45468749999999997 0.43984375
34 0.578125 0.45078125 0.32421875 0.44218749999999996
34 0.615625 0.7320312500000001 0.3148437499999999 0.43984375
34 0.36875 0.5640625 0.2953124999999999 0.5093750000000001
34 0.33046875 0.8421874999999999 0.30078125 0.31015625
34 0.1921875 0.6390625 0.34609375 0.5648437499999999
34 0.3421875 0.30390625 0.5218749999999999 0.6078125
