34 0.5328125 0.57109375 0.415625 0.33203125
34 0.26953125 0.88828125 0.1734375 0.1515625
34 0.5609375 0.80390625 0.34609375 0.38671875
34 0.671875 0.87890625 0.26171875 0.23828125
34 0.7640625 0.7234375 0.12265625 0.2984375
34 0.5828125 0.39453125 0.38203125 0.37734375
34 0.30546875 0.7296875 0.21640625 0.2765625
34 0.16796875 0.828125 0.10546875 0.196875
34 0.209375 0.6046875 0.146875 0.32421875
34 0.2859375 0.4421875 0.1828125 0.19453125
34 0.27734375 0.328125 0.21875 0.35078125
34 0.7328125 0.525 0.2140625 0.353125
34 0.74296875 0.28515625 0.228125 0.259375
34 0.61875 0.209375 0.353125 0.41796875
34 0.47578125 0.140625 0.41328125 0.28125
