26 0.4810370877642774 0.4649929868833004 0.7634018863022857 0.7667344633797639
26 0.056299097124978825 0.3368922904158983 0.11259819424995765 0.18158405861199584
26 0.6197408910003221 0.2501857395174091 0.5861765050424235 0.5003714790348182
26 0.8285607724950927 0.4774417011691006 0.3428784550098145 0.43410013034095163
26 0.7284623188267079 0.5257442157509378 0.5430753623465843 0.5694852745309483
26 0.9243946169057027 0.596702455383685 0.15121076618859464 0.23993996478578816
26 0.2929543470146616 0.6436421739684235 0.5443095088631464 0.5505389550609768
26 0.10892884622292631 0.46124129461444724 0.21785769244585262 0.2832928653381376
26 0.2823036040894622 0.19161755191696236 0.2914931578035958 0.2929415923637719
26 0.36862080079996756 0.10079907301191077 0.2514214464843981 0.20159814602382153
26 0.355387386116441 0.3321685604510372 0.33866947115644563 0.3407773555976775
26 0.4833922659109051 0.24403466923968314 0.3572507380136898 0.3597590027398483
26 0.4462281226493441 0.5690366273025487 0.6479597280131832 0.6545895544959403
26 0.5627996894953791 0.8877685549031527 0.30989778629984277 0.2244628901936948
26 0.6558045151888586 0.8094336664726864 0.3801756990043892 0.381132667054627
26 0.7942754753445618 0.724672540099574 0.2790696048463346 0.28105973038023513
26 0.739831796414947 0.5363398309102413 0.520336407170106 0.542270681985441
