34 0.06872073901228848 0.6616610895984225 0.13744147802457696 0.2156122127386806
34 0.24621696916782246 0.7945418845637007 0.40196629183163074 0.41091623087259865
34 0.20369025321484285 0.6331166767744133 0.4073805064296857 0.4256363122400635
34 0.45096857172890953 0.5260421664291187 0.41261065093449567 0.40923432664824083
34 0.34902499207479365 0.4589549467530328 0.485541169343571 0.4819192942001339
34 0.5718182146061419 0.6013741306413334 0.518583366438785 0.5040344781507412
34 0.3213661230170615 0.32960768353687603 0.3913214542722733 0.3786755851273914
34 0.727873274470159 0.3821061235909705 0.5173427934980506 0.5207191177843054
34 0.6278716483801678 0.23051578939118514 0.5425049098701022 0.4610315787823703
34 0.8695490350021133 0.3029992521112891 0.2609019299957732 0.2797120564712143
