30 0.1125 0.54296875 0.225 0.2921875
30 0.3015625 0.49921875 0.20625 0.2109375
30 0.2625 0.6625 0.278125 0.296875
30 0.26875 0.9078125 0.228125 0.184375
30 0.415625 0.7234375 0.2703125 0.271875
30 0.47109375 0.60234375 0.2015625 0.2015625
30 0.3546875 0.25625 0.5625 0.5125
30 0.4984375 0.125 0.375 0.25
30 0.48046875 0.3796875 0.471875 0.446875
30 0.58203125 0.22109375 0.4796875 0.4421875
30 0.75859375 0.6640625 0.4828125 0.496875
30 0.68203125 0.82421875 0.5109375 0.3515625
30 0.8359375 0.37890625 0.328125 0.4421875
30 0.89609375 0.26328125 0.1890625 0.3140625
