30 0.65077641236943 0.11099059765177458 0.2395971203804136 0.22198119530354915
30 0.5916353860132495 0.32359782728658 0.16896326249762128 0.1665260332656603
30 0.46310209235447575 0.21528459680299636 0.23283480122518202 0.22515223082008745
30 0.2314587109916141 0.10196655913977895 0.17107665354245333 0.17875922394754779
30 0.33990791524349884 0.32185672521410685 0.21772379178532292 0.21708799285524616
30 0.4229823643259272 0.4279279358697956 0.16301241557761187 0.16364821450768868
30 0.791081982941013 0.49162724115750844 0.417836034117974 0.45945243304634187
30 0.8703525396071768 0.6896667409314625 0.2592949207856463 0.3113481588497833
30 0.6168390003365039 0.537529487786159 0.3636163671034428 0.37357721700797897
30 0.7342047069189422 0.7127464930288507 0.39515843462854394 0.38948922750202597
30 0.22569056869248655 0.6730049926947518 0.4038131469340286 0.4150455946987184
30 0.12270798325192353 0.49093783164425575 0.24541596650384706 0.4553302111818767
30 0.43615987481554164 0.8695979583608728 0.38751665635393984 0.2608040832782542
