30 0.15388285709791386 0.35248302332058523 0.3077657141958277 0.36420122375586833
30 0.32608290945336293 0.40444427084886364 0.28199800714429585 0.283874094868228
30 0.21371178862950524 0.5291815015083683 0.3862121195720025 0.39371647046773095
30 0.12308880832035188 0.7476311175398295 0.24617761664070376 0.27100191820836605
30 0.31907057446591625 0.6559102306045258 0.3673982164623892 0.36802357903703325
30 0.42568243142351336 0.5760704505968263 0.2733988807476239 0.2733988807476239
30 0.48890255126728266 0.2879841544047031 0.7390694831879685 0.5759683088094062
30 0.6779086644014471 0.18465740594056892 0.4488887367030082 0.36931481188113785
30 0.5403647449715849 0.38499019717349564 0.6280980241615046 0.6180922229671998
30 0.6945150524774006 0.3015526554631425 0.6109698950451986 0.603105310926285
30 0.6486912660703406 0.7170546180997323 0.6616087297658855 0.5658907638005355
30 0.5048773489216618 0.7976328254228984 0.6168399338366464 0.40473434915420325
30 0.8015760404357577 0.5542474912986117 0.3968479191284847 0.5452507270310138
30 0.9014820126836238 0.48145200823247863 0.19703597463275246 0.36623326112814525
