43 0.491604921875 0.65101646875 0.4667818125 0.673540890625 0.43980521875 0.7225834375 0.43417509375 0.76365909375 0.4442729375 0.77996625 0.463376859375 0.78671590625 0.505654609375 0.79002153125 0.542586796875 0.782991671875 0.66317825 0.693495703125 0.68628640625 0.6691020625 0.668739484375 0.625671921875 0.630879265625 0.61644821875 0.60185559375 0.616994625 0.52689365625 0.63412834375 0.491604921875 0.65101646875
43 0.6705716875 0.74406178125 0.7170426875 0.749351171875 0.828835640625 0.704183890625 0.843138234375 0.68193015625 0.821078015625 0.627329171875 0.79523884375 0.61543346875 0.761279 0.615343625 0.749451359375 0.618292484375 0.690351484375 0.642170375 0.676165984375 0.653677375 0.63744228125 0.705493140625 0.648447984375 0.753000328125 0.6705716875 0.74406178125
43 0.7570005625 0.84412575 0.73374109375 0.78655653125 0.7067356875 0.757865578125 0.666455296875 0.74606525 0.655960796875 0.752644875 0.652990578125 0.800636 0.6259054375 0.8361444375 0.629117890625 0.902693609375 0.6518705625 0.95900846875 0.663722921875 0.973119015625 0.76629659375 0.9316765625 0.764236296875 0.88553509375 0.7570005625 0.84412575
43 0.492969875 0.7185180625 0.476171546875 0.649269484375 0.431613921875 0.67896971875 0.46950509375 0.78414775 0.4560576875 0.846899953125 0.437824546875 0.86362484375 0.449678046875 0.888080140625 0.485311140625 0.919304765625 0.583856140625 0.961374421875 0.627747203125 0.9539499375 0.63899003125 0.949407546875 0.640550796875 0.937298515625 0.6229918125 0.89058303125 0.622776265625 0.88730275 0.5950733125 0.81873553125 0.584357265625 0.8161195625 0.53951940625 0.7897836875 0.517489484375 0.769439921875 0.492969875 0.7185180625
43 0.333154890625 0.708929953125 0.284606265625 0.75090471875 0.271850640625 0.768553546875 0.2694658125 0.808975671875 0.294140828125 0.8410955 0.322230125 0.841457375 0.49092153125 0.773301625 0.507973515625 0.750755609375 0.510223296875 0.73385565625 0.49329384375 0.6919538125 0.479465703125 0.6859869375 0.431338109375 0.67978365625 0.38051109375 0.68716625 0.333154890625 0.708929953125
43 0.275847078125 0.464662625 0.24773125 0.49640909375 0.2453048125 0.51646109375 0.210016046875 0.53334925 0.185833703125 0.55166890625 0.1839115 0.564283109375 0.163247375 0.58841540625 0.184819390625 0.595483171875 0.185092328125 0.601949328125 0.17393853125 0.609086328125 0.181520859375 0.633643875 0.177378953125 0.66082465625 0.17742853125 0.660947359375 0.27279828125 0.6250440625 0.295153296875 0.60220153125 0.3223138125 0.547823546875 0.370132640625 0.498251890625 0.374948 0.482458421875 0.37447146875 0.48127896875 0.34609834375 0.46192734375 0.320824234375 0.454382390625 0.30446134375 0.454417 0.275847078125 0.464662625
43 0.20619809375 0.512887421875 0.26964296875 0.50880975 0.301845359375 0.495799140625 0.317362453125 0.48112696875 0.346077359375 0.42480565625 0.362030734375 0.408776640625 0.360525125 0.405050109375 0.290545515625 0.417648046875 0.23761240625 0.44298025 0.200170171875 0.4863865625 0.20619809375 0.512887421875
43 0.7154353125 0.352002109375 0.67983203125 0.342053984375 0.673157546875 0.348696515625 0.656658171875 0.34549803125 0.65761928125 0.3391909375 0.65048796875 0.34470275 0.62379590625 0.342334171875 0.583843953125 0.365052234375 0.553533015625 0.40294675 0.52765396875 0.448915265625 0.523079796875 0.4665468125 0.532857265625 0.4849563125 0.53233259375 0.496605109375 0.536510046875 0.5069446875 0.57339671875 0.495540671875 0.58162559375 0.48695484375 0.60978303125 0.475578515625 0.62847753125 0.472628953125 0.6359276875 0.478785859375 0.666825875 0.4663021875 0.692564421875 0.440159734375 0.72127934375 0.383838421875 0.72466690625 0.357479296875 0.7154353125 0.352002109375
43 0.54969865625 0.39767046875 0.542897078125 0.39223003125 0.519152125 0.401823609375 0.521251171875 0.477011078125 0.551600703125 0.53259615625 0.631753515625 0.592624734375 0.665516265625 0.601648140625 0.69731540625 0.588800453125 0.69777825 0.572414109375 0.6778130625 0.522998546875 0.649211984375 0.51538440625 0.5654906875 0.4497789375 0.5486025625 0.414490203125 0.54969865625 0.39767046875
43 0.31992159375 0.425309609375 0.332428640625 0.453010203125 0.34357825 0.4957900625 0.3649253125 0.487165296875 0.370464890625 0.47390565625 0.392266546875 0.462757671875 0.405160453125 0.39039515625 0.394804265625 0.364762703125 0.38071715625 0.352785734375 0.323759609375 0.32900696875 0.283441328125 0.37571084375 0.31992159375 0.425309609375
43 0.384288703125 0.64464615625 0.419208640625 0.68431078125 0.430353671875 0.679807890625 0.4318824375 0.6745476875 0.42842109375 0.64319240625 0.41428884375 0.611469328125 0.410893640625 0.529716546875 0.39276965625 0.484858125 0.380533171875 0.47420621875 0.362936265625 0.4859949375 0.348040015625 0.551672046875 0.384288703125 0.64464615625
