43 0.35334259375 0.394353609375 0.316014078125 0.301266640625 0.262124390625 0.257627640625 0.14062015625 0.222094375 0.079192140625 0.23705871875 0.041482453125 0.274927328125 0.02157103125 0.31981353125 0.0127000625 0.4235575 0.0239879375 0.493708375 0.054121109375 0.555085578125 0.106010234375 0.62327696875 0.154460828125 0.6625115 0.1737405 0.674137 0.305619375 0.653363703125 0.330589734375 0.63471915625 0.34844921875 0.612664515625 0.357282234375 0.595364671875 0.3614703125 0.532199578125 0.3733485625 0.52333046875 0.365372734375 0.498383859375 0.374662125 0.4985110625 0.35334259375 0.394353609375
43 0.738487765625 1 0.78309028125 0.944920484375 0.792585734375 0.884981421875 0.7147303125 0.807145015625 0.66491596875 0.713968796875 0.603236359375 0.664021625 0.55618321875 0.649175421875 0.4434161875 0.652146890625 0.370585671875 0.718887796875 0.365578921875 0.82945853125 0.39774878125 0.920216921875 0.423522890625 0.952181140625 0.48574025 1 0.738487765625 1
43 0.771132171875 0.5358929375 0.59232565625 0.567205875 0.546771546875 0.59606371875 0.503068921875 0.65459809375 0.502846265625 0.67085453125 0.584449296875 0.647707515625 0.658971125 0.64700346875 0.6949564375 0.657358953125 0.75059503125 0.716502828125 0.758032890625 0.832886625 0.741547 0.89665709375 0.747304421875 0.90131934375 0.80046328125 0.867246078125 0.841642140625 0.822958203125 0.868773171875 0.7894541875 0.8969284375 0.748121515625 0.906306421875 0.722842234375 0.904995625 0.65368584375 0.87424003125 0.5912108125 0.836339609375 0.55582346875 0.771132171875 0.5358929375
43 0.855871625 0.56747534375 0.839557859375 0.628216421875 0.805198421875 0.6706468125 0.740915015625 0.70363559375 0.66995021875 0.7071795625 0.639631421875 0.693493765625 0.6643185 0.71348496875 0.704766296875 0.72797790625 0.79509034375 0.71792521875 0.8420703125 0.700505078125 0.885561984375 0.66940825 0.90418015625 0.64641671875 0.9208590625 0.609008390625 0.923829125 0.46905646875 0.886462390625 0.416611984375 0.82714753125 0.379672515625 0.8188860625 0.38407525 0.855871625 0.56747534375
43 0.76095934375 0.384787859375 0.713267453125 0.404870265625 0.67639159375 0.4595404375 0.683091125 0.464965609375 0.80721996875 0.469211 0.865600640625 0.49300571875 0.90994615625 0.552397015625 0.920921203125 0.575373046875 0.9306808125 0.638519484375 0.95842559375 0.604257546875 0.96363784375 0.588831390625 0.96672978125 0.527936453125 0.94733090625 0.460569328125 0.90949409375 0.420537265625 0.86463971875 0.398303515625 0.76095934375 0.384787859375
43 0.3558465625 0.362467921875 0.36900015625 0.36942190625 0.403321390625 0.36763403125 0.390396109375 0.392294390625 0.37440621875 0.383043625 0.36793403125 0.4055344375 0.437813578125 0.458424203125 0.455078828125 0.483498078125 0.489114390625 0.51105953125 0.548181828125 0.536705875 0.625599734375 0.53099234375 0.641498203125 0.523891234375 0.729103359375 0.415707875 0.7338558125 0.385708546875 0.71377340625 0.33801665625 0.693917578125 0.31523584375 0.635374546875 0.267828640625 0.582523171875 0.23912746875 0.47464825 0.2534556875 0.44004140625 0.284592953125 0.392490140625 0.36071184375 0.35276284375 0.34887803125 0.3558465625 0.362467921875
43 0.71025678125 0.096689890625 0.6346855 0.059527796875 0.5693933125 0.06766534375 0.509754578125 0.100717734375 0.4823430625 0.16356478125 0.479963390625 0.224496703125 0.510077453125 0.30619515625 0.554925171875 0.361000046875 0.568078765625 0.36795403125 0.61401171875 0.366325171875 0.639241265625 0.35287971875 0.658871859375 0.328637953125 0.6164105 0.285072 0.6020006875 0.2419736875 0.603314234375 0.217154296875 0.614450234375 0.17440584375 0.64235659375 0.13414503125 0.71025678125 0.096689890625
43 0.407713484375 0.140505734375 0.379883546875 0.099481578125 0.309470921875 0.064648046875 0.257865375 0.06168334375 0.25476253125 0.0684146875 0.268391859375 0.118276125 0.267839703125 0.156653625 0.279965375 0.159077640625 0.28381046875 0.18622565625 0.266754453125 0.213087390625 0.265688328125 0.249199921875 0.242674078125 0.300817453125 0.207352859375 0.323335875 0.279723609375 0.381940546875 0.29730603125 0.378335796875 0.32570725 0.360661203125 0.3716401875 0.35903234375 0.385307734375 0.3682513125 0.417192953125 0.212889796875 0.407713484375 0.140505734375
43 0.859577359375 0.275792828125 0.869913765625 0.260128765625 0.825008703125 0.266287625 0.77724825 0.29047090625 0.75271125 0.314972234375 0.737958484375 0.362187046875 0.752577484375 0.4572209375 0.75889475 0.46838140625 0.7963245 0.498691421875 0.841109078125 0.500847671875 0.85119428125 0.488393484375 0.83823775 0.467425890625 0.80966553125 0.39252240625 0.807628828125 0.36314121875 0.81333965625 0.3270923125 0.84305440625 0.2845983125 0.859577359375 0.275792828125
43 0.9052043125 0.228805453125 0.90547084375 0.219777328125 0.862126765625 0.212409859375 0.805076921875 0.2364659375 0.7797594375 0.2677304375 0.7593340625 0.310351640625 0.773991296875 0.3647430625 0.81119121875 0.410202171875 0.8348910625 0.429393921875 0.850838703125 0.439175859375 0.853010625 0.436493734375 0.8410345625 0.4153360625 0.832297359375 0.37683134375 0.82797653125 0.306775875 0.8393599375 0.27532053125 0.852018671875 0.25968828125 0.9052043125 0.228805453125
43 0.7404840625 0.156182359375 0.7084660625 0.1783233125 0.70949396875 0.182853265625 0.700452 0.19401915625 0.6973300625 0.22107175 0.70724909375 0.245609015625 0.743441890625 0.274917375 0.762050984375 0.271632921875 0.807964859375 0.290325296875 0.82498265625 0.304106046875 0.838172890625 0.30584659375 0.8428421875 0.3000805 0.80849790625 0.272269046875 0.76751440625 0.224290890625 0.75978596875 0.210637390625 0.749240375 0.17436584375 0.7539041875 0.1541081875 0.7404840625 0.156182359375
43 0.286731625 0.493288515625 0.20050009375 0.541782328125 0.184224578125 0.561880921875 0.237352875 0.591961828125 0.30333003125 0.67866734375 0.3362995 0.742341328125 0.3471843125 0.79847028125 0.362926859375 0.81121834375 0.429136 0.8045773125 0.472762015625 0.757091453125 0.490058578125 0.73573196875 0.528388328125 0.62981690625 0.529187953125 0.602732515625 0.4263006875 0.526811234375 0.389181375 0.48565984375 0.36157975 0.4762500625 0.286731625 0.493288515625
