43 0.272831484375 0.539512828125 0.233224890625 0.551769515625 0.222713125 0.567812984375 0.22466953125 0.58797953125 0.23954096875 0.62769321875 0.26152040625 0.658194203125 0.393595453125 0.72966453125 0.42546953125 0.7402984375 0.457414953125 0.706041171875 0.449774046875 0.667830046875 0.43701290625 0.641756578125 0.3898041875 0.581059015625 0.359584671875 0.556213796875 0.3286799375 0.54323565625 0.272831484375 0.539512828125
43 0.400697125 0.733056453125 0.37110934375 0.76478546875 0.3601874375 0.78722665625 0.34731359375 0.8490009375 0.383144578125 0.882413859375 0.393315390625 0.871507 0.417480828125 0.863418328125 0.522263390625 0.75105278125 0.523816671875 0.739608171875 0.510416953125 0.718214703125 0.480418234375 0.70210446875 0.451941515625 0.702243546875 0.4211255 0.71651415625 0.400697125 0.733056453125
43 0.200357671875 0.728112453125 0.193627078125 0.738510796875 0.21121709375 0.783260796875 0.201676125 0.8268890625 0.216659109375 0.85535059375 0.293816109375 0.927300671875 0.366687234375 0.849155953125 0.347919859375 0.81319103125 0.321258046875 0.77498871875 0.2840149375 0.738591484375 0.241851140625 0.721783984375 0.200357671875 0.728112453125
43 0.30889715625 0.51365703125 0.229586984375 0.592448265625 0.167031046875 0.606781 0.144167484375 0.59732440625 0.12701296875 0.618402578125 0.113773046875 0.66389321875 0.11729190625 0.77098471875 0.1425699375 0.8076258125 0.151438171875 0.815895578125 0.163072296875 0.812192625 0.197990140625 0.77653596875 0.200871984375 0.774954296875 0.25130721875 0.720869140625 0.249149296875 0.71005153125 0.25406840625 0.658284625 0.263195890625 0.629721078125 0.2989843125 0.585978265625 0.3546455625 0.541488109375 0.30889715625 0.51365703125
43 0.123302828125 0.452886109375 0.138020328125 0.49912615625 0.1467281875 0.5124005625 0.222839703125 0.583375703125 0.264489484375 0.60205328125 0.285875515625 0.606155078125 0.29906 0.600928703125 0.34200925 0.554871265625 0.31562315625 0.49632875 0.208268390625 0.407891109375 0.169955265625 0.399676828125 0.1385118125 0.409540953125 0.12285590625 0.437462125 0.123302828125 0.452886109375
43 0.396577625 0.199968765625 0.370482859375 0.20381203125 0.355667671875 0.21075865625 0.3340643125 0.23213725 0.321999375 0.272791578125 0.328274609375 0.291990328125 0.303429390625 0.322209859375 0.289254953125 0.349033015625 0.292843828125 0.36127771875 0.28431453125 0.391882046875 0.306852375 0.38917090625 0.309832453125 0.394915875 0.302739890625 0.406097984375 0.319990296875 0.425150234375 0.3255605625 0.444155046875 0.330563828125 0.448820671875 0.399081296875 0.378780671875 0.40968815625 0.348630671875 0.411322796875 0.287868953125 0.433711515625 0.22273265625 0.431297609375 0.205651640625 0.396577625 0.199968765625
43 0.4200635 0.318635546875 0.4399188125 0.326498078125 0.503098703125 0.32872021875 0.524368109375 0.336404734375 0.527109203125 0.333465265625 0.486116921875 0.275366328125 0.44078765625 0.2380985 0.38562440625 0.222508609375 0.364153984375 0.2391715 0.3946625625 0.294948796875 0.4200635 0.318635546875
43 0.65038965625 0.491222125 0.64714778125 0.50006303125 0.63084253125 0.504137171875 0.62904809375 0.498014828125 0.624914328125 0.506024046875 0.599722078125 0.515157953125 0.573114390625 0.552631921875 0.561658265625 0.59978596875 0.557631015625 0.652384578125 0.559454375 0.6622645625 0.59579246875 0.696150390625 0.618792796875 0.675309796875 0.622622140625 0.66405075 0.643333609375 0.641840421875 0.659030046875 0.6312665625 0.673248390625 0.634962421875 0.679019203125 0.62877396875 0.689541671875 0.613746078125 0.70339040625 0.574755171875 0.705612546875 0.51157528125 0.697542859375 0.486254171875 0.686861453125 0.48519159375 0.65038965625 0.491222125
43 0.5970720625 0.47586659375 0.529816171875 0.5095445625 0.49226525 0.560541859375 0.471734921875 0.658554140625 0.477825703125 0.692967046875 0.502908546875 0.7163571875 0.517955234375 0.7098515 0.554303296875 0.67087296875 0.549116703125 0.64173371875 0.573193296875 0.538130375 0.59803853125 0.507910875 0.613745609375 0.501795953125 0.61580184375 0.493332390625 0.5970720625 0.47586659375
43 0.437708796875 0.356454546875 0.45454715625 0.372156578125 0.46890559375 0.371573375 0.488222890625 0.38662103125 0.559254796875 0.367725171875 0.578108984375 0.34750653125 0.583010328125 0.32967759375 0.58048990625 0.2680071875 0.521122578125 0.2512043125 0.4915880625 0.305228015625 0.4717685 0.32827003125 0.437708796875 0.356454546875
43 0.325016609375 0.35735328125 0.31405053125 0.375474265625 0.32397940625 0.421316109375 0.43604153125 0.52581571875 0.4491935625 0.531572625 0.457126671875 0.523065390625 0.4562228125 0.5172231875 0.4398344375 0.49026846875 0.41361953125 0.46749015625 0.37019940625 0.383645921875 0.34957553125 0.364413859375 0.325016609375 0.35735328125
