43 0.49749084375 0.737983484375 0.495464015625 0.747909296875 0.518744671875 0.771594921875 0.566808015625 0.77049746875 0.5947013125 0.7624578125 0.662674453125 0.726506328125 0.69238978125 0.701060234375 0.7105373125 0.672878640625 0.7239015625 0.618525109375 0.7234254375 0.6147536875 0.68422715625 0.562735796875 0.642841671875 0.570428 0.608987375 0.5867770625 0.51566825 0.70443490625 0.49749084375 0.737983484375
43 0.7279274375 0.691598375 0.77418396875 0.684679953125 0.870477515625 0.6121175625 0.878533078125 0.586920328125 0.843092765625 0.5398894375 0.815055203125 0.535086734375 0.78222925 0.54378940625 0.771567859375 0.549699 0.7206618125 0.588059453125 0.70993790625 0.602845828125 0.685944578125 0.662918453125 0.708871046875 0.705958390625 0.7279274375 0.691598375
43 0.655110109375 0.787480234375 0.64268890625 0.80523875 0.701769515625 0.883641390625 0.70800784375 0.891919921875 0.75080353125 0.878379953125 0.857848234375 0.797715984375 0.863599359375 0.78841625 0.86448946875 0.75002571875 0.855450390625 0.738030453125 0.8083760625 0.74757228125 0.767067375 0.73060028125 0.703617265625 0.75092746875 0.655110109375 0.787480234375
43 0.5095523125 0.859228671875 0.447011046875 0.893377453125 0.487231625 0.928729828125 0.57901884375 0.8649076875 0.643113265625 0.861655421875 0.657226859375 0.870636546875 0.69010925 0.84585790625 0.705479609375 0.814659015625 0.720610453125 0.708583421875 0.697652234375 0.658440875 0.697377671875 0.6580765 0.682681265625 0.660051921875 0.6421021875 0.6891034375 0.588273109375 0.707386109375 0.57946690625 0.714022078125 0.58017534375 0.745694125 0.56634171875 0.795820390625 0.55239290625 0.822365015625 0.5095523125 0.859228671875
43 0.3929150625 0.74499353125 0.356884546875 0.79810334375 0.349131421875 0.818452203125 0.357289859375 0.85811421875 0.3894373125 0.88275321875 0.41666315625 0.875832734375 0.56196653125 0.76633878125 0.572602140625 0.740147625 0.570401234375 0.723241234375 0.54320365625 0.687148828125 0.528302359375 0.68496425 0.480209125 0.691428671875 0.433024765625 0.71171471875 0.3929150625 0.74499353125
43 0.274338921875 0.523881765625 0.255397703125 0.56182340625 0.25824378125 0.581820171875 0.2285284375 0.607266265625 0.209911546875 0.6312205625 0.211319640625 0.6439024375 0.19760553125 0.67256071875 0.220271765625 0.67380440625 0.22220896875 0.67997959375 0.213282421875 0.68976021875 0.226962359375 0.711518546875 0.229996484375 0.73884515625 0.230076125 0.73895084375 0.31290378125 0.679587421875 0.328584984375 0.651737328125 0.34074596875 0.5921825625 0.374105328125 0.531923609375 0.374668953125 0.51542196875 0.373903390625 0.514406046875 0.3414885 0.5030573125 0.315122796875 0.502310875 0.29932640625 0.506579328125 0.274338921875 0.523881765625
43 0.271671484375 0.5519328125 0.333505671875 0.565092265625 0.35907634375 0.579775 0.350104296875 0.56071296875 0.27234715625 0.45752575 0.236259515625 0.440095046875 0.212221796875 0.4527765 0.23893109375 0.531788328125 0.271671484375 0.5519328125
43 0.582758640625 0.3263081875 0.56825515625 0.319676921875 0.54966815625 0.338264234375 0.52925909375 0.374257953125 0.51609965625 0.436092140625 0.519649765625 0.462429859375 0.529984390625 0.46533109375 0.566949296875 0.4657254375 0.571677125 0.457581765625 0.588442125 0.45640090625 0.589146171875 0.46274184375 0.594607921875 0.455572125 0.615809015625 0.451860890625 0.633878109375 0.43824484375 0.653714265625 0.41866728125 0.673184578125 0.37421896875 0.68628428125 0.32311878125 0.686145140625 0.305649796875 0.683230828125 0.301782359375 0.671930171875 0.28965253125 0.671038046875 0.285602 0.660056515625 0.271029 0.630032625 0.2899211875 0.624306328125 0.300344265625 0.60005275 0.318620640625 0.582758640625 0.3263081875
43 0.521520390625 0.3882943125 0.51354246875 0.384799625 0.493089609375 0.400211953125 0.51457709375 0.472294203125 0.55827896875 0.51813021875 0.65123715625 0.5553683125 0.686184921875 0.555345796875 0.713575296875 0.534705671875 0.70978128125 0.518757890625 0.677706703125 0.476193484375 0.648109484375 0.476241296875 0.55026096875 0.4345399375 0.52481490625 0.404824609375 0.521520390625 0.3882943125
43 0.2470015625 0.466688734375 0.24400815625 0.471844875 0.246709859375 0.475430140625 0.286108484375 0.48073890625 0.30251928125 0.498912375 0.351199125 0.49474178125 0.40660225 0.452992546875 0.412419265625 0.409739578125 0.39775228125 0.390275828125 0.358434015625 0.37126590625 0.319967078125 0.41934025 0.2964474375 0.4385905625 0.2470015625 0.466688734375
43 0.35581690625 0.6025391875 0.32524815625 0.648479328125 0.32545296875 0.655959953125 0.33925240625 0.656250296875 0.368643421875 0.644791546875 0.395627875 0.6229303125 0.4727473125 0.59879484375 0.512685453125 0.568699296875 0.51947725 0.55479853125 0.503535796875 0.54085234375 0.436241140625 0.5434621875 0.35581690625 0.6025391875
