43 0.52607021875 0.449530015625 0.509447703125 0.4518770625 0.4869664375 0.473440859375 0.483003171875 0.5073574375 0.48654971875 0.546083828125 0.48842484375 0.550441734375 0.550634390625 0.599045140625 0.59558653125 0.6060676875 0.6407809375 0.548221484375 0.640339234375 0.54303684375 0.622613203125 0.5080374375 0.60099278125 0.48162809375 0.578160328125 0.471192 0.56015534375 0.4581825 0.52607021875 0.449530015625
43 0.30545503125 0.468988921875 0.28839896875 0.4894661875 0.280776015625 0.5046373125 0.27989296875 0.51591928125 0.2888221875 0.53329390625 0.29281159375 0.536410765625 0.300800046875 0.537887484375 0.3092569375 0.548720109375 0.32824309375 0.531863484375 0.359532984375 0.53377453125 0.3709628125 0.5286199375 0.3914354375 0.50376971875 0.4116018125 0.494877421875 0.423501859375 0.49994940625 0.4476656875 0.525870546875 0.451724984375 0.53641 0.4840839375 0.494992421875 0.482461171875 0.484041453125 0.466310625 0.457338703125 0.398770421875 0.4341480625 0.379460484375 0.43314603125 0.34395090625 0.442726984375 0.30545503125 0.468988921875
43 0.533905859375 0.70365475 0.514678453125 0.737278375 0.51455103125 0.757271609375 0.519221859375 0.772024765625 0.5656723125 0.84873496875 0.582575796875 0.861941421875 0.587850046875 0.862656015625 0.593459171875 0.868095859375 0.602630359375 0.866272296875 0.622697921875 0.845995265625 0.62928075 0.842112328125 0.662113921875 0.80008778125 0.659833890625 0.753394828125 0.64651009375 0.724478625 0.60814496875 0.705079640625 0.579493328125 0.685867078125 0.5661591875 0.687610734375 0.533905859375 0.70365475
43 0.605950953125 0.612597609375 0.593757921875 0.62278975 0.592972234375 0.663725328125 0.598965078125 0.67646203125 0.64740209375 0.7143051875 0.6747329375 0.70999809375 0.717573015625 0.67834496875 0.731674796875 0.6602955 0.731877875 0.6497146875 0.7254975625 0.634870671875 0.705823921875 0.61809146875 0.665864078125 0.616448984375 0.631370703125 0.607809734375 0.605950953125 0.612597609375
43 0.773923828125 0.69912421875 0.761557234375 0.6942211875 0.740795890625 0.714484921875 0.7157441875 0.754661984375 0.6940846875 0.830091265625 0.738151765625 0.864520234375 0.738452578125 0.864407546875 0.771416140625 0.86322096875 0.7922653125 0.83653525 0.7891516875 0.806726625 0.79851403125 0.774913234375 0.82646328125 0.730126140625 0.81911015625 0.70798975 0.809489609375 0.700473359375 0.773923828125 0.69912421875
43 0.693381859375 0.79463871875 0.67547321875 0.853615515625 0.64143603125 0.907928078125 0.68475415625 0.94177190625 0.684764875 0.941774859375 0.707148 0.942870984375 0.735164 0.935000796875 0.78600778125 0.869923734375 0.78229278125 0.852999640625 0.7543986875 0.82380378125 0.74768084375 0.79634740625 0.731425078125 0.78470453125 0.71335640625 0.781691640625 0.693381859375 0.79463871875
43 0.624895828125 1 0.664481734375 0.949332359375 0.665840921875 0.910466734375 0.66331528125 0.885756921875 0.66245246875 0.884691109375 0.64578675 0.871670421875 0.633637546875 0.867857734375 0.6064269375 0.869335015625 0.542619265625 0.886106453125 0.527320703125 0.898476765625 0.525175515625 0.908433453125 0.529328109375 0.9391731875 0.5233431875 0.974291125 0.5562490625 1 0.624895828125 1
43 0.363949453125 0.84961721875 0.358237 0.8821671875 0.359189359375 0.88569690625 0.437950265625 0.947231671875 0.445428 0.941828140625 0.443107234375 0.93578490625 0.4502555 0.939254703125 0.50043453125 0.93089034375 0.542521421875 0.877021578125 0.531952890625 0.83017996875 0.480981859375 0.79987465625 0.45522259375 0.791382 0.427860453125 0.794855953125 0.3851360625 0.82069684375 0.363949453125 0.84961721875
43 0.41276196875 0.70437828125 0.40529884375 0.711223546875 0.405005875 0.72648765625 0.393309703125 0.745518734375 0.395643453125 0.762835046875 0.3886505625 0.77990690625 0.3879549375 0.789200578125 0.39801859375 0.797063171875 0.405577640625 0.80087828125 0.4116075625 0.799251328125 0.4231971875 0.78577084375 0.4413801875 0.776033234375 0.463518203125 0.775107421875 0.48172253125 0.751806953125 0.48192596875 0.747147484375 0.49114190625 0.718432140625 0.47081159375 0.701139921875 0.45888490625 0.697455578125 0.428225046875 0.69744521875 0.41276196875 0.70437828125
43 0.31380796875 0.635823859375 0.29836309375 0.63486090625 0.285507546875 0.648611140625 0.260934421875 0.700794796875 0.25986353125 0.74543128125 0.261635984375 0.749994625 0.318055078125 0.7940740625 0.33257484375 0.790432046875 0.358739421875 0.756942921875 0.36270090625 0.745405484375 0.35833828125 0.711329109375 0.364470828125 0.685452421875 0.35814378125 0.662002671875 0.33000521875 0.642133453125 0.31380796875 0.635823859375
43 0.363724453125 0.532977953125 0.349654609375 0.53677415625 0.325051328125 0.53374921875 0.300505484375 0.562459359375 0.296139296875 0.58158340625 0.2706970625 0.622269328125 0.268870234375 0.6366761875 0.3162113125 0.67366309375 0.333777859375 0.66944078125 0.372397734375 0.6714448125 0.385810890625 0.667135546875 0.424954484375 0.646812296875 0.4712040625 0.58761553125 0.471335203125 0.58677090625 0.440533875 0.52467796875 0.411720046875 0.497940765625 0.394313578125 0.501947015625 0.371817640625 0.528033390625 0.363724453125 0.532977953125
43 0.198409953125 0.501933828125 0.177991234375 0.490211046875 0.153194375 0.490401640625 0.13126059375 0.498645453125 0.118585796875 0.513065671875 0.118854375 0.521735640625 0.113303796875 0.521629109375 0.111427171875 0.54025571875 0.10294978125 0.542092578125 0.0906365625 0.557852796875 0.092726578125 0.62187909375 0.10604584375 0.648262703125 0.125182953125 0.66321425 0.1423633125 0.672820984375 0.17053634375 0.6800269375 0.2415800625 0.67472528125 0.256038453125 0.6599813125 0.259769828125 0.655205359375 0.264154328125 0.645831546875 0.2654938125 0.60986503125 0.24687425 0.5408558125 0.230291375 0.515209671875 0.222933078125 0.50840321875 0.198409953125 0.501933828125
43 0.269512875 0.397740875 0.263939859375 0.41028821875 0.28303671875 0.42239140625 0.319580015625 0.428406875 0.320063578125 0.437939625 0.311661859375 0.451996171875 0.320839234375 0.459166328125 0.350616890625 0.443500578125 0.379426578125 0.435727390625 0.40142978125 0.43531246875 0.41856603125 0.426576265625 0.446060171875 0.391385375 0.44596471875 0.37221934375 0.437358421875 0.351916984375 0.429712109375 0.34594303125 0.416654015625 0.336643234375 0.374120734375 0.33017321875 0.313124796875 0.34801115625 0.280778734375 0.36640175 0.263039328125 0.38775359375 0.269512875 0.397740875
43 0.496686875 0.362738828125 0.476361140625 0.343686078125 0.45337196875 0.35057659375 0.42406953125 0.382673796875 0.416060390625 0.42717709375 0.413687734375 0.43256546875 0.424655890625 0.441134734375 0.4290278125 0.439423390625 0.45886221875 0.439996015625 0.47089653125 0.446225703125 0.485256453125 0.46811246875 0.492543734375 0.45878515625 0.488994484375 0.451905234375 0.48580428125 0.429848765625 0.488135421875 0.40523215625 0.52983371875 0.380704609375 0.515297859375 0.3677616875 0.496686875 0.362738828125
43 0.491341359375 0.5924651875 0.4851383125 0.603111859375 0.476179546875 0.653154953125 0.4789123125 0.6619801875 0.520050328125 0.69412071875 0.527346984375 0.69594825 0.550521703125 0.689127234375 0.590388328125 0.63810028125 0.5865818125 0.630959578125 0.569268546875 0.630109078125 0.55277175 0.62144571875 0.547624875 0.611790734375 0.50837496875 0.607886015625 0.491341359375 0.5924651875
43 0.7290753125 0.670390484375 0.722188953125 0.681911734375 0.716326796875 0.70866984375 0.77608553125 0.75535846875 0.786707125 0.75837528125 0.805387015625 0.75747659375 0.817440671875 0.753553859375 0.864297921875 0.693579296875 0.864675109375 0.689712640625 0.8570080625 0.67245484375 0.830741046875 0.651932796875 0.783690921875 0.637708515625 0.76032109375 0.639872609375 0.7290753125 0.670390484375
