43 0.23710315625 0.524138625 0.20098084375 0.576124671875 0.186231265625 0.577609234375 0.1802194375 0.6031005 0.172322390625 0.598207078125 0.136951734375 0.6984678125 0.1210051875 0.79748453125 0.14472190625 0.8626456875 0.230570390625 0.955682953125 0.29093165625 0.97449378125 0.29687021875 0.972999859375 0.358007890625 0.9507475625 0.382944484375 0.933236125 0.443980484375 0.8488790625 0.470435265625 0.78293434375 0.476217703125 0.714804078125 0.468079953125 0.640722609375 0.43652696875 0.554031484375 0.434999859375 0.551148546875 0.311258578125 0.501032109375 0.26700984375 0.505485765625 0.23710315625 0.524138625
43 1 0.498213046875 0.957581171875 0.470037890625 0.863217359375 0.45086884375 0.822544015625 0.45649878125 0.71721125 0.497894765625 0.663823234375 0.5326163125 0.621486734375 0.592366265625 0.610297890625 0.679004203125 0.6341466875 0.760534421875 0.690064 0.80745778125 0.7968813125 0.780811375 0.90181896875 0.786072078125 0.977452125 0.758543859375 1 0.73860328125 1 0.498213046875
43 0.641217625 0.267338828125 0.60672303125 0.3272925625 0.600908703125 0.39668440625 0.615169859375 0.4465374375 0.660798578125 0.4972055625 0.830193015625 0.562457265625 0.830980046875 0.562438671875 0.953472875 0.517854921875 0.878405765625 0.49751053125 0.814165484375 0.459732453125 0.788653546875 0.432322265625 0.77142328125 0.3529700625 0.82498990625 0.24937890625 0.873597953125 0.201603078125 0.871625078125 0.19618265625 0.806316390625 0.19807384375 0.725471453125 0.221383015625 0.662275921875 0.25050028125 0.641217625 0.267338828125
43 0.678905328125 0.301858078125 0.6602318125 0.250553015625 0.6650633125 0.17846090625 0.69857509375 0.115806921875 0.74045115625 0.08680434375 0.716684953125 0.0908675625 0.66281584375 0.1349381875 0.624912359375 0.21753853125 0.61564784375 0.26678025 0.620601390625 0.328820703125 0.62484121875 0.340469546875 0.653496609375 0.381439671875 0.771929125 0.456066078125 0.81206571875 0.452928484375 0.882763984375 0.427196421875 0.89834084375 0.419229921875 0.898821921875 0.409880875 0.722568390625 0.34712565625 0.678905328125 0.301858078125
43 0.664543875 0.108898109375 0.66696996875 0.083551234375 0.697773859375 0.008121921875 0.68772578125 0.007192140625 0.63728621875 0.0500145 0.60327271875 0.1006191875 0.58520415625 0.168355234375 0.59701859375 0.222156796875 0.6240150625 0.264316578125 0.705925421875 0.32930109375 0.73077409375 0.33286621875 0.81098171875 0.30367303125 0.808634203125 0.2972233125 0.7097534375 0.233110359375 0.671966640625 0.182646015625 0.664543875 0.108898109375
43 0.520025875 0.239280921875 0.50408090625 0.22214953125 0.422754875 0.254807765625 0.392370140625 0.25669296875 0.35121575 0.2716719375 0.29881053125 0.30909378125 0.26383484375 0.378396546875 0.25605490625 0.442387859375 0.276694046875 0.4990934375 0.33261134375 0.5460168125 0.383834484375 0.553365984375 0.413587953125 0.5480791875 0.48437575 0.522314546875 0.536197921875 0.491794265625 0.579475953125 0.391947828125 0.570609953125 0.346247078125 0.52985403125 0.266283578125 0.54343934375 0.2538730625 0.538182453125 0.239429890625 0.53448628125 0.24166271875 0.518342078125 0.272002578125 0.503861 0.248222421875 0.520025875 0.239280921875
43 0.2798575625 0.234203609375 0.259720140625 0.18954734375 0.262586015625 0.112054703125 0.191809796875 0.15769203125 0.165157078125 0.217849515625 0.16277228125 0.285993125 0.202524734375 0.341858 0.25352796875 0.37528003125 0.33906709375 0.3915450625 0.40914234375 0.381329671875 0.421877671875 0.37363640625 0.4441386875 0.333425265625 0.445607859375 0.304874390625 0.434939125 0.27556225 0.37572659375 0.289520625 0.331362515625 0.27967496875 0.310764671875 0.265766109375 0.2798575625 0.234203609375
43 0.285763078125 0.552134375 0.253151515625 0.531895203125 0.244828546875 0.541040484375 0.219577796875 0.530354125 0.20533728125 0.5018994375 0.174931890625 0.48238625 0.14254025 0.436074203125 0.14101440625 0.37852790625 0.05846503125 0.413160390625 0.04795653125 0.442978015625 0.04847890625 0.476425703125 0.026217890625 0.51663684375 0.011276390625 0.52360409375 0.128025109375 0.630952171875 0.194952640625 0.66010721875 0.197556296875 0.65996384375 0.296655046875 0.62389484375 0.31057403125 0.614966515625 0.339694109375 0.572258859375 0.335522296875 0.5661323125 0.285763078125 0.552134375
43 0.51317103125 0.142361453125 0.492050796875 0.09500490625 0.493012984375 0.0763068125 0.484909890625 0.059379203125 0.46706125 0.101042390625 0.46319190625 0.15443640625 0.471556171875 0.18808784375 0.504428921875 0.225050859375 0.59341821875 0.261466 0.606238234375 0.261799109375 0.651496734375 0.245326359375 0.676410765625 0.208049046875 0.670929703125 0.1929899375 0.646283859375 0.19329675 0.567363265625 0.17920978125 0.5411296875 0.165823140625 0.51317103125 0.142361453125
43 0.528921 0.06170278125 0.547822859375 0.054823078125 0.609317671875 0.055743953125 0.61419596875 0.048142609375 0.580837359375 0.019503609375 0.5195463125 0.01074084375 0.481742578125 0.02450028125 0.442283078125 0.0505139375 0.426833125 0.10468553125 0.43704853125 0.17476078125 0.451139046875 0.20185615625 0.457805328125 0.199429828125 0.458243109375 0.182582015625 0.47058525 0.145077046875 0.5029628125 0.082802375 0.528921 0.06170278125
43 0.423138796875 0.065566296875 0.415056390625 0.0700370625 0.40210115625 0.1038031875 0.36243128125 0.13353178125 0.3418540625 0.14102128125 0.329861015625 0.156089328125 0.333050015625 0.159515578125 0.37763396875 0.14328834375 0.439867328125 0.132869203125 0.455551109375 0.13327671875 0.49207328125 0.142918609375 0.500190203125 0.1507474375 0.5113975 0.1466683125 0.51216940625 0.1447781875 0.51042046875 0.11747 0.50574925 0.104635953125 0.505269046875 0.1044779375 0.50035496875 0.090976609375 0.47877428125 0.07436746875 0.423138796875 0.065566296875
43 0.459183828125 0.603153 0.47108065625 0.711454875 0.466546453125 0.783014671875 0.442065921875 0.85018275 0.51406896875 0.884175625 0.59829946875 0.859344046875 0.68915309375 0.78549546875 0.698421859375 0.771052921875 0.624394765625 0.56766515625 0.552330203125 0.544005390625 0.4534391875 0.5411601875 0.4291368125 0.55000553125 0.459183828125 0.603153
