43 0.3974911875 0.299130109375 0.376939 0.322978203125 0.36848359375 0.3420188125 0.36301384375 0.381598171875 0.374729796875 0.401398328125 0.380800171875 0.405859390625 0.400322703125 0.406631328125 0.45331075 0.400202046875 0.51904621875 0.359125953125 0.518644390625 0.35116953125 0.530588640625 0.324052953125 0.53106234375 0.31382515625 0.5190058125 0.29453065625 0.511511546875 0.293523234375 0.51390909375 0.28637421875 0.503729015625 0.270082671875 0.494669578125 0.26867190625 0.463936890625 0.27097425 0.417914140625 0.2855823125 0.3974911875 0.299130109375
43 0.58483696875 0.5260416875 0.564624734375 0.48614703125 0.54699565625 0.461708765625 0.534161703125 0.448718453125 0.50929421875 0.434712265625 0.48746390625 0.429969734375 0.44144659375 0.446906484375 0.43134425 0.457158484375 0.426247359375 0.489888484375 0.4355691875 0.528709515625 0.454526953125 0.562822453125 0.478573015625 0.593755875 0.5052108125 0.610595203125 0.5373909375 0.618062265625 0.576764296875 0.599429640625 0.586995609375 0.59303640625 0.592280859375 0.58638946875 0.593263125 0.577896984375 0.591625125 0.552001640625 0.58483696875 0.5260416875
43 0.552333765625 0.681172046875 0.568365734375 0.711860765625 0.58533046875 0.7314616875 0.59743821875 0.73637053125 0.6291571875 0.732512890625 0.663309875 0.7111719375 0.66176615625 0.68960840625 0.674868546875 0.68667359375 0.676280078125 0.670690734375 0.673090515625 0.659060234375 0.62689634375 0.585134109375 0.596288625 0.5860805 0.584073296875 0.605531546875 0.54329275 0.627074703125 0.552333765625 0.681172046875
43 0.43501684375 0.73662796875 0.427268 0.7567993125 0.428775921875 0.78022675 0.43354175 0.791005796875 0.443885859375 0.79300928125 0.5061544375 0.7540995625 0.51865090625 0.740182046875 0.53147490625 0.71762553125 0.5362243125 0.68950196875 0.54426871875 0.668752890625 0.54427903125 0.659318140625 0.53511615625 0.644654484375 0.524651359375 0.646814984375 0.510247953125 0.657387484375 0.453918109375 0.71223925 0.43501684375 0.73662796875
43 0.38811115625 0.582337234375 0.365670203125 0.607365546875 0.359579171875 0.62178425 0.355312265625 0.640172890625 0.360900125 0.654368875 0.3733603125 0.65283190625 0.504290234375 0.5710178125 0.5144575625 0.5526225625 0.514380765625 0.55249965625 0.4454595 0.56694109375 0.406516125 0.580269953125 0.39377740625 0.5787965625 0.38811115625 0.582337234375
43 0.3656330625 0.407942640625 0.36718446875 0.429296203125 0.37930834375 0.4650531875 0.3796764375 0.484355796875 0.381372921875 0.487070734375 0.406775125 0.525363921875 0.419503421875 0.5318751875 0.435603078125 0.521815 0.427297734375 0.49153009375 0.433982609375 0.453321328125 0.401340796875 0.401083515625 0.372611609375 0.38388521875 0.360945515625 0.372134828125 0.357099296875 0.38044721875 0.3656330625 0.407942640625
43 0.269941828125 0.39284128125 0.24892778125 0.407544546875 0.22648684375 0.432572875 0.22753290625 0.446855484375 0.255317 0.444037265625 0.266166984375 0.446690875 0.288797515625 0.463994484375 0.283593125 0.47667996875 0.313388328125 0.46867446875 0.3373371875 0.46707359375 0.35800575 0.45975521875 0.3957421875 0.436174875 0.39477771875 0.42135428125 0.40582165625 0.40825440625 0.3873131875 0.37863465625 0.378194234375 0.37590234375 0.328941140625 0.377985765625 0.295786328125 0.383766921875 0.269941828125 0.39284128125
43 0.4987130625 0.366412859375 0.485528890625 0.394697265625 0.48677921875 0.39771328125 0.611082125 0.32004021875 0.616443640625 0.31210653125 0.618423265625 0.306203734375 0.604446921875 0.283836921875 0.590107109375 0.285719953125 0.573230703125 0.292334890625 0.539586515625 0.314144234375 0.4987130625 0.366412859375
43 0.56869409375 0.469375671875 0.54453759375 0.49901353125 0.54617475 0.51214065625 0.55471809375 0.52055928125 0.6024193125 0.481318828125 0.64584675 0.466760234375 0.679405671875 0.468980828125 0.700565359375 0.482879875 0.7013286875 0.46836578125 0.683045171875 0.43910603125 0.665763890625 0.430338 0.637864328125 0.43087003125 0.598798609375 0.4482059375 0.56869409375 0.469375671875
43 0.57205171875 0.758252625 0.56797178125 0.7674840625 0.535502890625 0.793275703125 0.536851390625 0.8006873125 0.5525386875 0.802676578125 0.571239203125 0.800031578125 0.59543278125 0.79041659375 0.60670753125 0.78219215625 0.60410534375 0.78853490625 0.6208525 0.792220265625 0.621221515625 0.792745640625 0.64523021875 0.777743328125 0.669267171875 0.74781728125 0.67042521875 0.74325171875 0.631566890625 0.68106540625 0.61642778125 0.685321546875 0.596242625 0.6971485 0.569086703125 0.718834125 0.57205171875 0.758252625
43 0.476753515625 0.41851090625 0.444464703125 0.441438609375 0.454428046875 0.4458254375 0.516780046875 0.439487515625 0.524681421875 0.44162525 0.528067078125 0.445612421875 0.549368265625 0.432301953125 0.559572421875 0.4123548125 0.59428959375 0.38552428125 0.589636171875 0.378077234375 0.567515140625 0.376733 0.517490859375 0.38283584375 0.5086381875 0.387581484375 0.476753515625 0.41851090625
