43 0.491826 0.413625125 0.4793145 0.450445953125 0.479020859375 0.47385684375 0.485456734375 0.49306109375 0.51378 0.523253875 0.5629270625 0.555023125 0.6151330625 0.527264703125 0.621047515625 0.51021421875 0.620190890625 0.493071484375 0.562407296875 0.38439634375 0.55469021875 0.37831409375 0.5385501875 0.37369725 0.509241734375 0.38425278125 0.491826 0.413625125
43 0.38989803125 0.582926359375 0.384207609375 0.61926290625 0.39254140625 0.665112328125 0.404310984375 0.689022671875 0.41506996875 0.70215725 0.425017390625 0.707552734375 0.44452175 0.706462375 0.44899178125 0.704085625 0.453590015625 0.6973884375 0.466925828125 0.69406871875 0.45924890625 0.66986778125 0.473721484375 0.64206034375 0.47366146875 0.629522125 0.459286625 0.6007119375 0.459365515625 0.578672234375 0.4688391875 0.569863953125 0.502347640625 0.558332265625 0.51362696875 0.558910703125 0.488951703125 0.51250328125 0.478287453125 0.509531578125 0.447324265625 0.513424859375 0.398667484375 0.5656934375 0.38989803125 0.582926359375
43 0.77054078125 0.446567578125 0.73929971875 0.4694638125 0.731051359375 0.487676703125 0.729317703125 0.503054171875 0.7416621875 0.600822703125 0.745309578125 0.607682453125 0.755149625 0.61376353125 0.75806121875 0.621014515625 0.767181234375 0.623078890625 0.793761265625 0.61271709375 0.827872140625 0.608809796875 0.843034703125 0.600747734375 0.86535065625 0.54322696875 0.865063234375 0.520942078125 0.850682078125 0.4938950625 0.83778203125 0.478065046875 0.81942190625 0.44885984375 0.806531375 0.44502925 0.77054078125 0.446567578125
43 0.62930909375 0.386190734375 0.6291001875 0.402346546875 0.640248234375 0.42567709375 0.676085296875 0.44343071875 0.70408265625 0.465352765625 0.723097078125 0.46985921875 0.74984296875 0.455638171875 0.76190434375 0.42988940625 0.761836546875 0.426647203125 0.726297953125 0.359808828125 0.7060330625 0.354362046875 0.645290484375 0.367783296875 0.63431334375 0.375507546875 0.62930909375 0.386190734375
43 0.859354890625 0.30696353125 0.84895915625 0.33888834375 0.8274665625 0.3641433125 0.783717109375 0.393690390625 0.781430828125 0.41690378125 0.7871624375 0.427683375 0.819104671875 0.44338178125 0.826069421875 0.45050065625 0.8984491875 0.41201565625 0.950899375 0.34955534375 0.928487984375 0.30740565625 0.918736046875 0.306815375 0.88510753125 0.293270609375 0.8666211875 0.2993289375 0.859354890625 0.30696353125
43 1 0.475182296875 0.9905049375 0.4573246875 0.955645421875 0.427137796875 0.919641203125 0.373608328125 0.910337234375 0.371476765625 0.904263734375 0.3718746875 0.8850556875 0.383031578125 0.871328609375 0.3997685 0.861223203125 0.41977065625 0.85688934375 0.44944546875 0.86999353125 0.476454953125 0.867906171875 0.493006765625 0.8792758125 0.5143899375 0.88523996875 0.519313921875 0.912760625 0.5249728125 0.95077790625 0.5113653125 0.97098371875 0.515019625 1 0.499591390625 1 0.475182296875
43 1 0.575028609375 0.979304140625 0.536105359375 0.973975515625 0.534071375 0.90886275 0.523439921875 0.889855359375 0.528518265625 0.883845890625 0.536741625 0.8751365 0.566512796875 0.85309128125 0.599603671875 0.852001828125 0.610867578125 0.85647659375 0.621058453125 0.88440196875 0.645177703125 0.88887675 0.655368578125 0.903712609375 0.6726205 0.91743053125 0.679782203125 0.931733390625 0.677460640625 0.980238015625 0.65167028125 0.99165371875 0.636546 1 0.61943578125 1 0.575028609375
43 0.74002253125 0.68583146875 0.746251765625 0.735372578125 0.764054484375 0.766490484375 0.791466890625 0.78494834375 0.7950788125 0.785513984375 0.8833285625 0.738590765625 0.881433671875 0.7295616875 0.8749689375 0.7292238125 0.881046234375 0.72410484375 0.89381465625 0.6748619375 0.861721375 0.614503234375 0.814630828125 0.605105875 0.766213765625 0.6393439375 0.74797809375 0.6594219375 0.74002253125 0.68583146875
43 0.691949921875 0.6349993125 0.673524328125 0.647627796875 0.668613125 0.66439625 0.655281046875 0.677147890625 0.6495911875 0.687723703125 0.662214890625 0.703191078125 0.668385234375 0.704157375 0.684455875 0.696556265625 0.70502753125 0.695056203125 0.720618078125 0.701230609375 0.75650975 0.682146671875 0.76735953125 0.670009125 0.744218828125 0.626487796875 0.724974328125 0.6179118125 0.708028171875 0.617956078125 0.69842603125 0.621174 0.691949921875 0.6349993125
43 0.584918484375 0.746907515625 0.568791125 0.768052703125 0.5650333125 0.792048546875 0.582657609375 0.821644984375 0.5948881875 0.833997078125 0.599510546875 0.836410265625 0.66059709375 0.80392996875 0.669616640625 0.79614878125 0.68875025 0.75580690625 0.6887798125 0.755196875 0.65263703125 0.687222203125 0.634557328125 0.684060640625 0.6110120625 0.696579875 0.594793125 0.71400275 0.584918484375 0.746907515625
43 0.458792140625 0.59734128125 0.4734733125 0.628502625 0.474698609375 0.63790725 0.472443890625 0.65230475 0.45967340625 0.673550609375 0.475917734375 0.7076518125 0.49161253125 0.719418984375 0.5184326875 0.7592100625 0.530850953125 0.766738765625 0.583895546875 0.73853446875 0.58718321875 0.720769265625 0.604722109375 0.686303359375 0.60624103125 0.67229709375 0.6035959375 0.628271421875 0.56832840625 0.56194284375 0.567610140625 0.5614795 0.498357390625 0.5643624375 0.46221209375 0.579810171875 0.458792140625 0.59734128125
43 0.38941690625 0.777423265625 0.365364140625 0.844481328125 0.37445540625 0.86748978125 0.38257809375 0.876856078125 0.414890328125 0.89270865625 0.485506640625 0.903767421875 0.514696 0.899203359375 0.52673328125 0.89280303125 0.54077584375 0.875324078125 0.5597901875 0.861438734375 0.569701875 0.83870815625 0.570125546875 0.8315795625 0.54358840625 0.781670484375 0.54114615625 0.7802744375 0.541624890625 0.77797765625 0.527676640625 0.751744796875 0.474185703125 0.729991375 0.438039078125 0.7317504375 0.407458890625 0.754616859375 0.38941690625 0.777423265625
43 0.2609505625 0.609956546875 0.2971750625 0.633167015625 0.3601529375 0.641680546875 0.3971826875 0.638036234375 0.422073 0.625745625 0.420221328125 0.613988765625 0.430416 0.604792921875 0.41789296875 0.58596871875 0.386955703125 0.565609828125 0.390391265625 0.556704546875 0.40195059375 0.548570609375 0.395881875 0.537157 0.36474128125 0.539197203125 0.3352606875 0.534580421875 0.314990984375 0.526009953125 0.2813409375 0.527781046875 0.270430734375 0.533582109375 0.259733171875 0.540290109375 0.248644 0.56553440625 0.248233796875 0.588403921875 0.2609505625 0.609956546875
43 0.403152703125 0.424223734375 0.385416484375 0.432238546875 0.373258109375 0.447197546875 0.347585328125 0.458016578125 0.34452959375 0.48182084375 0.36193346875 0.521645078125 0.399331640625 0.54706290625 0.403289140625 0.551422078125 0.4155786875 0.544887609375 0.41579353125 0.54019759375 0.428451390625 0.51317540625 0.43903728125 0.504715359375 0.464872546875 0.500499078125 0.459315640625 0.490048046875 0.451586890625 0.490492140625 0.430139734375 0.484435359375 0.4085995 0.47229328125 0.403152703125 0.424223734375
43 0.570201140625 0.520782953125 0.57078228125 0.52896821875 0.586252796875 0.536787125 0.597799671875 0.55141134375 0.59857453125 0.562325046875 0.632842890625 0.5818565625 0.641601640625 0.601673140625 0.64997553125 0.59722065625 0.652128828125 0.595669171875 0.6806674375 0.553596390625 0.6819668125 0.542690875 0.659182875 0.49984053125 0.65132925 0.493691109375 0.622239890625 0.489810125 0.5865699375 0.507832359375 0.570201140625 0.520782953125
43 0.811937671875 0.26055521875 0.78970803125 0.25302684375 0.748750875 0.268197515625 0.73777375 0.275921765625 0.715513765625 0.306161875 0.715635546875 0.306473671875 0.73585984375 0.344510015625 0.74074975 0.351259765625 0.7656135 0.37201659375 0.783043953125 0.37879340625 0.792633625 0.37979675 0.864411328125 0.341631875 0.86476840625 0.341002578125 0.864783578125 0.322118328125 0.849134546875 0.292686765625 0.811937671875 0.26055521875
