30 0.030956766874948277 0.47890083760814595 0.061913533749896554 0.23759317038887945
30 0.14311819259462014 0.42615851556987006 0.28623638518924027 0.4399825356099723
30 0.12060255600862407 0.6256621545828075 0.24120511201724815 0.3650004189111564
30 0.3193292121053684 0.6484158207694114 0.37712058098324575 0.41322916761985584
30 0.6163596575972339 0.3304023764189675 0.7672806848055324 0.660804752837935
30 0.43324824457979466 0.48798239312992875 0.5988656456994824 0.6778531789670668
30 0.541930638072047 0.6392717011712035 0.25832590071055817 0.24704196738661766
30 0.5259742624321294 0.9465006659867335 0.3190861278153929 0.1069986680265329
30 0.4829386256154995 0.8445380334697195 0.5202317578077953 0.3109239330605611
30 0.6199192637615778 0.873292204822468 0.2583835716587063 0.253415590355064
30 0.9095376230214335 0.657731869927291 0.18092475395713303 0.25648369245533353
