47 0.52265625 0.16875 0.16015625 0.16562500000000002
47 0.30546875 0.22031249999999997 0.1640625 0.14296874999999998
47 0.45078125 0.3375 0.17421875000000003 0.18203125000000003
47 0.2828125 0.36015625 0.18906249999999997 0.18984374999999998
47 0.66328125 0.37734375 0.16562500000000002 0.16953124999999997
47 0.1796875 0.4921875 0.21562499999999998 0.24062500000000003
47 0.43125 0.49296875 0.18281250000000004 0.18046875000000007
47 0.5765625 0.559375 0.17578125 0.20468749999999997
47 0.73125 0.565625 0.15234375 0.15156249999999993
47 0.32734375 0.5843749999999999 0.16640624999999998 0.15468749999999998
47 0.390625 0.73046875 0.184375 0.17265625000000007
47 0.559375 0.7578125 0.171875 0.15546874999999993
47 0.23828124999999997 0.809375 0.20468749999999997 0.20000000000000007
