47 0.52265625 0.16875 0.16015625 0.165625
47 0.30546875 0.2203125 0.1640625 0.14296875
47 0.45078125 0.3375 0.17421875 0.18203125
47 0.2828125 0.36015625 0.1890625 0.18984375
47 0.66328125 0.37734375 0.165625 0.16953125
47 0.1796875 0.4921875 0.215625 0.240625
47 0.43125 0.49296875 0.1828125 0.18046875
47 0.5765625 0.559375 0.17578125 0.2046875
47 0.73125 0.565625 0.15234375 0.1515625
47 0.32734375 0.584375 0.16640625 0.1546875
47 0.390625 0.73046875 0.184375 0.17265625
47 0.559375 0.7578125 0.171875 0.15546875
47 0.23828125 0.809375 0.2046875 0.2
