49 0.316957203125 0.68489125 0.298366265625 0.709677171875 0.292697171875 0.71953815625 0.30313953125 0.743446609375 0.298411484375 0.748434328125 0.329450640625 0.78114671875 0.3298844375 0.78145046875 0.415874703125 0.803021875 0.43315121875 0.801288515625 0.45073640625 0.788286546875 0.4575293125 0.778585265625 0.451248984375 0.759560609375 0.400711140625 0.7223295625 0.34245009375 0.69259915625 0.316957203125 0.68489125
49 0.282949421875 0.6855331875 0.25238465625 0.658599296875 0.238573828125 0.65538309375 0.221618515625 0.6619515625 0.217704875 0.6887163125 0.203767328125 0.712150421875 0.236913265625 0.754500546875 0.27999253125 0.784664984375 0.30090678125 0.793998703125 0.3207079375 0.792189046875 0.338679 0.777111453125 0.360535515625 0.7809 0.36771475 0.770646984375 0.353333640625 0.7597116875 0.356059640625 0.72934921875 0.338760484375 0.71170403125 0.282949421875 0.6855331875
49 0.179704140625 0.727647796875 0.177366390625 0.731879984375 0.208113328125 0.75340921875 0.227561484375 0.725634375 0.242958546875 0.696567296875 0.252524875 0.68998296875 0.291975390625 0.63364178125 0.245351921875 0.615457828125 0.20910771875 0.618498203125 0.169385359375 0.706830875 0.179704140625 0.727647796875
49 0.123887328125 0.625355671875 0.10608953125 0.6376055625 0.08751215625 0.664136796875 0.058654125 0.6711134375 0.051842359375 0.6821363125 0.09110121875 0.70962565625 0.161460890625 0.711070390625 0.18430946875 0.67843925 0.205855171875 0.612320875 0.186760203125 0.581652 0.164525328125 0.567318578125 0.123887328125 0.625355671875
49 0 0.58989125 0.055646046875 0.646650484375 0.094276515625 0.673699828125 0.117688359375 0.67679090625 0.141786015625 0.65744496875 0.15727853125 0.635319359375 0.146877796875 0.606870125 0.14858803125 0.585016765625 0.090774921875 0.53347115625 0.0423884375 0.514343140625 0.004048390625 0.517924328125 0 0.5224290625 0 0.58989125
49 0 0.5695375 0.04524775 0.6012203125 0.04732071875 0.601665890625 0.0894349375 0.541520546875 0.08025715625 0.511286546875 0.075119265625 0.507688953125 0.038557375 0.485335 0 0.475633609375 0 0.5695375
49 0.433603640625 0.703604984375 0.39786290625 0.703474015625 0.35354125 0.77894053125 0.38187046875 0.798776875 0.409658 0.804858578125 0.478092234375 0.83064790625 0.4783029375 0.830641546875 0.50123215625 0.79789521875 0.49950640625 0.7912421875 0.505003609375 0.769274390625 0.49899065625 0.7549216875 0.433603640625 0.703604984375
49 0.5039673125 0.782796203125 0.45721865625 0.83902578125 0.43586128125 0.853725640625 0.406850671875 0.855653015625 0.408431421875 0.86788028125 0.43100965625 0.893574546875 0.4308081875 0.90934184375 0.442195453125 0.91731528125 0.454596359375 0.91256134375 0.480428953125 0.92570709375 0.502129671875 0.92236809375 0.517178296875 0.911328546875 0.55163353125 0.862121375 0.5611543125 0.831488171875 0.53720259375 0.76035053125 0.51148446875 0.75099171875 0.5039673125 0.782796203125
49 0.56865971875 0.540401828125 0.51054796875 0.503399671875 0.478325015625 0.475304703125 0.4157318125 0.45176125 0.398380609375 0.45713046875 0.37365003125 0.494214015625 0.37674246875 0.50744378125 0.44212946875 0.55876046875 0.50231790625 0.6175015 0.50288571875 0.630807578125 0.513434796875 0.642929375 0.539659078125 0.6612918125 0.55784921875 0.63531359375 0.5687275 0.5985375 0.5877143125 0.574950796875 0.56865971875 0.540401828125
49 0.503566765625 0.56726496875 0.48502790625 0.569036484375 0.464091140625 0.544234015625 0.467624671875 0.597420140625 0.477921625 0.61806278125 0.60293021875 0.705594734375 0.60411840625 0.705441125 0.645371578125 0.6465255 0.617220421875 0.602588421875 0.565890796875 0.562958890625 0.537425328125 0.577142453125 0.503566765625 0.56726496875
49 0.318786703125 0.402025484375 0.290171921875 0.423480796875 0.274770703125 0.477239203125 0.265389296875 0.483578765625 0.27070521875 0.492042890625 0.343853421875 0.5432618125 0.390299703125 0.56458771875 0.433487609375 0.59114009375 0.4365113125 0.59067125 0.459070671875 0.558453140625 0.45411 0.549335890625 0.463313390625 0.55239390625 0.483423265625 0.52367403125 0.48500284375 0.5193333125 0.47889446875 0.50429634375 0.470783328125 0.498616859375 0.4224616875 0.472775421875 0.382814140625 0.437637625 0.341926875 0.4219165625 0.318786703125 0.402025484375
49 0.051555734375 0.421223625 0.091342953125 0.455260953125 0.09969946875 0.451227421875 0.109674890625 0.4606835 0.1122061875 0.4764336875 0.131653078125 0.490050546875 0.149050953125 0.48362140625 0.21727240625 0.386191078125 0.237263359375 0.314021953125 0.236843703125 0.30013646875 0.229776125 0.29171259375 0.208871859375 0.27707528125 0.18131375 0.26619640625 0.170520609375 0.269759390625 0.1049656875 0.3449463125 0.051555734375 0.421223625
49 0.41794515625 0.225087296875 0.40453021875 0.22307034375 0.394528953125 0.23911825 0.384453015625 0.25880203125 0.389748859375 0.267120390625 0.403163796875 0.269137359375 0.407593203125 0.27869309375 0.38551396875 0.289050046875 0.386552328125 0.2999195 0.519283171875 0.389170484375 0.52168525 0.3873061875 0.577469015625 0.30763871875 0.559317703125 0.282585828125 0.455418734375 0.2227435 0.4319799375 0.217395890625 0.41794515625 0.225087296875
49 0.59017375 0.270688859375 0.573537046875 0.28128053125 0.5455946875 0.31855275 0.535450125 0.34357509375 0.49569140625 0.401610078125 0.49610321875 0.401898421875 0.5171398125 0.3789425625 0.50695709375 0.40270259375 0.507620640625 0.409963015625 0.59530284375 0.47135875 0.59649265625 0.471159625 0.6037179375 0.46084084375 0.61129590625 0.44857815625 0.612931328125 0.4225400625 0.661165859375 0.378796734375 0.702845703125 0.319271734375 0.706161578125 0.3012446875 0.674921609375 0.2694854375 0.636011875 0.264481375 0.59017375 0.270688859375
49 0.25809196875 0.10996384375 0.228150859375 0.1527241875 0.2217008125 0.163349390625 0.24097890625 0.185109265625 0.32509128125 0.244005375 0.334779828125 0.247138328125 0.36097028125 0.269128125 0.361282609375 0.2693468125 0.394527171875 0.265922984375 0.402356609375 0.25807021875 0.41232659375 0.243831625 0.4213865 0.227563890625 0.41314753125 0.19874403125 0.27875846875 0.108331953125 0.25809196875 0.10996384375
49 0.2220549375 0.16120415625 0.257698421875 0.145592453125 0.27900846875 0.15221559375 0.28041325 0.20667728125 0.286540640625 0.20554171875 0.31293203125 0.16785090625 0.31625809375 0.16077940625 0.283863203125 0.120577578125 0.197587375 0.06016659375 0.15711640625 0.117965125 0.20319484375 0.158140578125 0.2220549375 0.16120415625
49 0.765578265625 0.2707628125 0.76369609375 0.2805093125 0.77270925 0.29038640625 0.86249378125 0.35325421875 0.894051625 0.36256490625 0.925569453125 0.355326890625 0.938744703125 0.3365106875 0.92271846875 0.31809515625 0.893363953125 0.3141375625 0.786223265625 0.248337203125 0.765578265625 0.2707628125
49 0.778190625 0.16224678125 0.75671878125 0.173159671875 0.708809046875 0.23104746875 0.6906131875 0.270201875 0.700931984375 0.291018796875 0.717018046875 0.302282375 0.72265434375 0.328469765625 0.73506640625 0.33839640625 0.770509421875 0.308847375 0.826394140625 0.234302890625 0.886273875 0.2207573125 0.896983453125 0.2054624375 0.89692025 0.20337171875 0.868155078125 0.1733453125 0.811371234375 0.1780665 0.778190625 0.16224678125
49 0.72105034375 0.397054328125 0.695161578125 0.388147140625 0.678654203125 0.372900421875 0.64867984375 0.3786511875 0.6408073125 0.393423546875 0.621327375 0.40006834375 0.603207015625 0.42241765625 0.607561765625 0.43560925 0.65953384375 0.484908984375 0.6742336875 0.506266359375 0.68725275 0.507084078125 0.695842390625 0.498346046875 0.6937656875 0.476607171875 0.733465296875 0.48873053125 0.737216265625 0.48811634375 0.753022265625 0.465543046875 0.73752828125 0.454694046875 0.734757046875 0.446299390625 0.740082359375 0.412224734375 0.72105034375 0.397054328125
