32 0.6535046850102817 0.11697274052757095 0.27851497144661075 0.2339454810551419
32 0.5208935891173548 0.24802444445929847 0.2506646695085799 0.24934253751911845
32 0.714978805227739 0.4722146020018364 0.2589786644086657 0.25648130398412716
32 0.6396519266550125 0.3323370500910591 0.16612643862105458 0.1627966247216699
32 0.8592264479848974 0.345820557549316 0.22629506904642005 0.2240425478791893
32 0.7252979102335747 0.25609829023314196 0.20747078786571804 0.20644246298502578
32 0.913048436017655 0.27152926579252046 0.1739031279646901 0.169690551929371
32 0.47023410213765887 0.07468821857712579 0.19549872797649426 0.14937643715425158
32 0.32690232468779234 0.09777188335669731 0.23956676901042528 0.19554376671339463
32 0.9078256816893595 0.5254000436697446 0.18434863662128087 0.31371912525703916
32 0.7573884951382523 0.6179762641322012 0.19141916632574507 0.19269233046374512
32 0.832274663047825 0.7479198980225606 0.2319495699881412 0.23052950229575653
32 0.9121284101610206 0.6498016361917834 0.17574317967795872 0.1733558788537477
32 0.46215228831961264 0.357353772470595 0.21546449972025306 0.2116939751577146
32 0.32948965277105113 0.23384414112323998 0.2093203202639165 0.20569669925576262
32 0.14442178326482874 0.27523276808829955 0.19262813263284218 0.18817205814984211
32 0.3069503707055468 0.3614743339286029 0.223522409405691 0.22019259550630632
32 0.5797691352942135 0.4533294009033688 0.13045182029755353 0.12893381690224587
32 0.6117062608182319 0.5873903183385989 0.21922776234755292 0.2134495558750913
32 0.5955559974663718 0.7219256843090031 0.25423206073003374 0.2512939896423414
32 0.735195265946116 0.8655857128486231 0.20565499333953974 0.20384318283546288
32 0.4300331091512613 0.505868880240146 0.2414163014086238 0.23872306957823913
32 0.2004412579685127 0.6155892449541708 0.23696350483876094 0.23324194812768395
32 0.10444381627625282 0.5158351239146557 0.20888763255250564 0.2817058498358135
32 0.0869486391236898 0.3565496606277394 0.1738972782473796 0.20733911429077484
32 0.23807928048154053 0.46682929792731215 0.23232608282039202 0.22684168345669964
32 0.3435619340330916 0.625828922149662 0.2085745565346534 0.20754623165396102
32 0.4810281091559493 0.6457199562141419 0.1587580628781795 0.15802354510625638
32 0.2593882639115128 0.8474336173041501 0.2505025359747541 0.24619336504613865
32 0.5466242030493429 0.8529386428873136 0.2005391387638955 0.19681758205281863
32 0.4332860670444747 0.9004701908603931 0.2576413024397628 0.1990596182792136
