30 0.26953125 0.21484375 0.4546875 0.4296875
30 0.82109375 0.23203125 0.18515625 0.321875
30 0.70703125 0.4109375 0.2140625 0.19453125
30 0.62265625 0.16328125 0.2234375 0.32421875
30 0.3375 0.60234375 0.29296875 0.18515625
30 0.1203125 0.6921875 0.240625 0.365625
30 0.37890625 0.74375 0.165625 0.1875
30 0.24140625 0.759375 0.1390625 0.2546875
30 0.36875 0.9078125 0.16328125 0.1828125
30 0.22578125 0.94921875 0.115625 0.09609375
30 0.69609375 0.9390625 0.09375 0.1203125
30 0.22890625 0.1078125 0.1828125 0.1984375
