30 0.12070932001010914 0.30388998823764457 0.1770129101853355 0.1785539556771643
30 0.4263440260189202 0.21437762621444578 0.6226333789039329 0.42875525242889156
30 0.3492042198687265 0.8898874845305016 0.2660863353750262 0.2202250309389967
30 0.4694026597348355 0.755450991422421 0.33189373587508214 0.32844472929813173
30 0.33119119043477674 0.6065954717717159 0.36454059520980536 0.3598440756156602
30 0.6040716444870402 0.9229523516429896 0.30395039242482624 0.15409529671402078
30 0.6720499492591234 0.7616317700968205 0.3346560972602597 0.33230783746318715
30 0.45109877988241504 0.9409260464263085 0.24904567122816357 0.1181479071473831
30 0.5346404860114286 0.8495253113456497 0.38169483217981687 0.30094937730870064
30 0.7555308250419561 0.36399962467645885 0.48893834991608776 0.5778101301247756
