30 0.421875 0.08046875 0.09140624999999997 0.1296875
30 0.75859375 0.17421875 0.48046875 0.3484375
30 0.08203125 0.6343750000000001 0.16328125 0.16562500000000002
30 0.2796875 0.63203125 0.25 0.16093750000000007
30 0.3125 0.43125 0.28593749999999996 0.16328125000000004
30 0.16953124999999997 0.91796875 0.2671875 0.16093750000000007
30 0.39921875 0.7953124999999999 0.23593750000000002 0.17812499999999998
30 0.06953125 0.771875 0.1390625 0.16796875
30 0.21484375 0.765625 0.28125 0.1875
30 0.80625 0.6546875 0.35078125000000004 0.38671875
30 0.79765625 0.08203125 0.27031250000000007 0.1640625
