24 0.67734375 0.20468749999999997 0.33281249999999996 0.25625
24 0.35703125 0.2328125 0.11406250000000001 0.4328125
24 0.321875 0.27031250000000007 0.24609375 0.53984375
24 0.80625 0.3734375 0.38749999999999996 0.14687500000000003
24 0.52109375 0.4 0.5046875 0.15546875
24 0.1625 0.50390625 0.325 0.2109375
24 0.590625 0.59609375 0.29609374999999993 0.34453124999999996
24 0.23359375 0.7085937499999999 0.4671875 0.21328124999999998
24 0.7671875 0.76484375 0.109375 0.4703124999999999
24 0.2515625 0.77890625 0.26640624999999996 0.44218749999999996
24 0.559375 0.80546875 0.26328124999999997 0.3890625
24 0.57890625 0.109375 0.37031249999999993 0.21875
