33 0.5984375 0.56796875 0.12187499999999996 0.13906250000000003
33 0.75078125 0.6148437500000001 0.2578125 0.20468750000000002
33 0.31484375 0.6359375 0.25468749999999996 0.21562500000000007
33 0.35546875 0.9328125 0.1453125 0.1343749999999999
33 0.63828125 0.8851562500000001 0.29218750000000004 0.22031250000000002
33 0.84375 0.79921875 0.21250000000000002 0.23906249999999996
33 0.95703125 0.61171875 0.0859375 0.12968749999999996
33 0.52890625 0.68984375 0.22968750000000004 0.19218749999999996
33 0.1 0.6953125 0.19687499999999997 0.22187499999999993
33 0.77734375 0.46953125000000007 0.1171875 0.09843750000000001
33 0.50546875 0.2984375 0.2109375 0.18437499999999998
33 0.2984375 0.35859375 0.22187500000000002 0.21718749999999998
33 0.18515625 0.5234375 0.18906249999999997 0.18124999999999997
33 0.83828125 0.3453125 0.1640625 0.171875
33 0.7078125 0.40859375 0.203125 0.19843750000000004
33 0.90625 0.51640625 0.16249999999999998 0.20468749999999997
