33 0.55625 0.1046875 0.30859375 0.209375
33 0.1359375 0.20703125 0.25 0.4140625
33 0.72578125 0.21015625 0.234375 0.40390625
33 0.375 0.35625 0.27656250000000004 0.32890625000000007
33 0.8703125 0.43203125 0.25859375000000007 0.34296875000000004
33 0.2390625 0.56640625 0.26328125 0.31953124999999993
33 0.096875 0.646875 0.19375 0.328125
33 0.74921875 0.68984375 0.19062499999999993 0.40937500000000004
33 0.9296875 0.7140625 0.13984374999999993 0.24296875000000007
33 0.49375 0.81015625 0.21953124999999996 0.37890625
33 0.12421875 0.84765625 0.2484375 0.30390624999999993
33 0.32578125 0.8609375 0.1796875 0.27812499999999996
33 0.84453125 0.9046875 0.2578125 0.19062500000000004
