33 0.5000208166180914 0.3844911920115248 0.3080612835562902 0.2936294267106645
33 0.31125046379881205 0.28830903252893275 0.3139878142930648 0.3061533777197252
33 0.5807938857212265 0.2591897843858615 0.27343523543583437 0.2882794310484779
33 0.7604695050505638 0.3898221553735652 0.28220034431190766 0.2784892954087469
33 0.7697100822274416 0.5429971708501458 0.31227902568739274 0.29248676487053465
33 0.3353027796624677 0.5260417038546414 0.32738423606598727 0.33068294620213035
33 0.44437165137336704 0.7241383643206217 0.25306397554693116 0.25842437951816355
33 0.5967905991638294 0.6294443799152049 0.3497706285588824 0.37492329334697283
33 0.8518130943698486 0.6136970409307788 0.2963738112603027 0.3449751193544635
33 0.22246958550445026 0.5741377115908521 0.31322503429408693 0.39404343262959085
33 0.49368496343097285 0.04039674713663646 0.20926842409497215 0.08079349427327293
33 0.7757787030107934 0.7823675569361517 0.44844259397841313 0.38133693269232627
