33 0.4514879730820153 0.4106495813842558 0.4767839091894458 0.49853986602536854
33 0.6784569905523589 0.6498026109570785 0.4213936264173031 0.43606624846943687
33 0.1921063830214515 0.19074585082070444 0.31272837293400735 0.3814917016414089
33 0.14116489205781113 0.47201359156687717 0.28232978411562226 0.38278841608993025
33 0.27370515397324713 0.7072958052273446 0.45404193762631756 0.38573835221121144
33 0.40028382334564566 0.8831954494087176 0.3491842728981479 0.23360910118256473
33 0.1384437450501215 0.8161651837508197 0.276887490100243 0.2476971949344845
33 0.6795953498359298 0.33353829396788437 0.35585268037541895 0.31891814900280596
33 0.8728308499252406 0.5748636624774927 0.25433830014951864 0.34034543426299346
33 0.7141241883765911 0.18463353422832646 0.2829605704076117 0.21010341263149868
33 0.47825262816913855 0.09497913251001658 0.29927035005698854 0.18995826502003316
33 0.4164627209513102 0.14843449367763076 0.3056685436684974 0.174626850168405
