33 0.48359375 0.47109375 0.29218749999999993 0.2953124999999999
33 0.64375 0.70703125 0.28125 0.2828125
33 0.3671875 0.67890625 0.27187500000000003 0.2796875
33 0.28828125 0.41953125 0.17656250000000004 0.2671875000000001
33 0.553125 0.2734375 0.2593750000000001 0.203125
33 0.7421875 0.47734375 0.22812500000000002 0.23281249999999998
33 0.8421875 0.12890625 0.203125 0.18593749999999998
33 0.96171875 0.203125 0.07656249999999998 0.21562499999999998
33 0.8851562500000001 0.4984375 0.09531250000000002 0.16250000000000003
33 0.96640625 0.5453125 0.06718749999999996 0.15937500000000004
