33 0.5203125 0.55234375 0.18046875 0.21640625
33 0.5203125 0.340625 0.20859375 0.21015625
33 0.36875 0.69453125 0.1984375 0.1984375
33 0.16171875 0.38046875 0.21796875 0.20625
33 0.27109375 0.209375 0.1921875 0.22578125
33 0.521875 0.13828125 0.19453125 0.19453125
33 0.68359375 0.746875 0.13359375 0.153125
33 0.78125 0.50234375 0.13984375 0.11953125
33 0.69609375 0.31953125 0.14765625 0.18671875
33 0.2015625 0.584375 0.19453125 0.20234375
33 0.35 0.48046875 0.15703125 0.17109375
33 0.68984375 0.59140625 0.14921875 0.153125
33 0.0953125 0.184375 0.18671875 0.2125
