33 0.80703125 0.3109375 0.2296875 0.36015625
33 0.38046875 0.1609375 0.18125 0.24140625
33 0.15390625 0.18125 0.27109375 0.31015625
33 0.603125 0.190625 0.20390625 0.25703125
33 0.90546875 0.56796875 0.15703125 0.19921875
33 0.80859375 0.74140625 0.26328125 0.35625
33 0.609375 0.8578125 0.2265625 0.27109375
33 0.37421875 0.79140625 0.240625 0.33671875
33 0.16484375 0.74921875 0.21640625 0.246875
33 0.21484375 0.46640625 0.1578125 0.22578125
33 0.66484375 0.471875 0.16796875 0.2953125
33 0.5125 0.45546875 0.159375 0.19453125
33 0.56796875 0.62421875 0.140625 0.19140625
33 0.06875 0.5078125 0.13671875 0.21953125
33 0.35234375 0.540625 0.15859375 0.20546875
33 0.84375 0.0765625 0.14765625 0.1515625
