33 0.5625 0.19140625 0.11250000000000004 0.16484374999999998
33 0.4015625 0.40078125 0.13828125000000002 0.21406250000000004
33 0.3890625 0.64140625 0.15781249999999997 0.22812500000000002
33 0.5843750000000001 0.8234375 0.09921875000000002 0.20234374999999993
33 0.490625 0.8953125 0.10000000000000003 0.18906250000000002
33 0.428125 0.25546875 0.11249999999999999 0.16171874999999997
33 0.32109375 0.53046875 0.125 0.15781249999999997
33 0.2703125 0.7015625000000001 0.10234374999999998 0.21640625000000002
33 0.29921875 0.3546875 0.09296874999999999 0.22578124999999996
33 0.4921875 0.5046875 0.0859375 0.23671875000000003
