33 0.37031249999999993 0.56171875 0.2078125 0.21875
33 0.45390625 0.7406250000000001 0.28984375000000007 0.19687500000000002
33 0.684375 0.72421875 0.21484375 0.18437499999999996
33 0.5515625 0.56875 0.17499999999999993 0.234375
33 0.2265625 0.6390625000000001 0.17890625000000002 0.24375000000000002
33 0.71796875 0.48359375 0.20781250000000007 0.18515625000000002
33 0.75546875 0.6390625 0.18671875000000004 0.17578125
33 0.540625 0.36484375 0.2671875000000001 0.22500000000000003
33 0.3578125 0.41015625 0.21718750000000003 0.171875
33 0.21875000000000003 0.45000000000000007 0.09609375000000003 0.13203125000000004
