33 0.5527354662544923 0.5192726858334227 0.28168987489122455 0.27839645003922253
33 0.39364107779359775 0.37958086552236614 0.2955502085573162 0.2954070161724465
33 0.5595803576181004 0.7269783044977245 0.2800431624652234 0.2800431624652234
33 0.1869815511837478 0.6753321833799839 0.2988005033965347 0.29987444628305715
33 0.13940667374956994 0.4802557146248303 0.2788133474991399 0.2933880281596877
33 0.2426223952447065 0.24490053254271496 0.27453050178677424 0.27453050178677424
33 0.8066472491761658 0.5249278004796446 0.2032095993045241 0.20141969449365343
33 0.6873296622780924 0.29020330485243984 0.18208958402286335 0.1839510850261688
33 0.4937706389801054 0.23357379337439652 0.2377317818484998 0.2341519722267585
33 0.36649416455702205 0.7799290516075859 0.2804011434273975 0.27968518150304933
33 0.38635354534595856 0.5998296202092815 0.23217611422678314 0.23088738276295628
33 0.69394522430078 0.4176531608132704 0.21351895873707416 0.21316097777489995
33 0.06862640866886394 0.5958501764467765 0.13725281733772787 0.2805156234935836
