33 0.80703125 0.3109375 0.22968750000000004 0.36015624999999996
33 0.38046875 0.1609375 0.18124999999999997 0.24140624999999996
33 0.15390624999999997 0.18124999999999997 0.27109375 0.31015625
33 0.603125 0.190625 0.20390624999999996 0.25703124999999993
33 0.90546875 0.56796875 0.15703125000000007 0.19921875
33 0.80859375 0.74140625 0.26328125 0.35625000000000007
33 0.609375 0.8578124999999999 0.2265625 0.27109375
33 0.37421875 0.79140625 0.24062499999999998 0.33671874999999996
33 0.16484375 0.74921875 0.21640625000000002 0.24687500000000007
33 0.21484374999999997 0.46640625 0.15781249999999997 0.22578125000000004
33 0.66484375 0.471875 0.16796875 0.2953125
33 0.5125 0.45546875 0.15937499999999993 0.19453125000000004
33 0.56796875 0.62421875 0.140625 0.19140625
33 0.06875 0.5078125 0.13671875 0.21953125000000007
33 0.35234375 0.540625 0.15859374999999998 0.20546875000000003
33 0.84375 0.0765625 0.14765624999999993 0.1515625
