24 0.05859375 0.5265625 0.0796875 0.8390625
24 0.09609375 0.50625 0.10546875 0.978125
24 0.1578125 0.515625 0.11796875 0.9203125
24 0.31015625 0.4984375 0.0765625 0.884375
24 0.38203125 0.50390625 0.09140625 0.9015625
24 0.43359375 0.44609375 0.084375 0.7984375
24 0.5625 0.5140625 0.071875 0.90390625
24 0.6203125 0.52421875 0.0578125 0.8609375
24 0.6765625 0.56015625 0.0671875 0.8125
24 0.81328125 0.4984375 0.1328125 0.996875
24 0.90390625 0.5 0.071875 1
24 0.9421875 0.540625 0.0984375 0.740625
