24 0.18958882965449525 0.6820353376915996 0.3791776593089905 0.6359293246168007
24 0.22377030933536718 0.6305395773507936 0.44754061867073436 0.738920845298413
24 0.24814961030490706 0.6298651630825326 0.49629922060981413 0.7402696738349348
24 0.33543304285800113 0.5946615414903855 0.5133040088264145 0.8016634488596707
24 0.4002047630027428 0.5630301153282006 0.5348018167188132 0.8239978895568081
24 0.4154498781777469 0.4870790585495035 0.4765827032266312 0.7314768310703412
24 0.5610300881096313 0.48052354622677307 0.5191376587238972 0.8161423044061193
24 0.6160408016320715 0.46004780526180417 0.48527550231609273 0.7719616767398715
24 0.6827418852521822 0.46260355371441314 0.4688669927272578 0.73491622463415
24 0.7300563288323316 0.40189920788722333 0.5398873423353369 0.8037984157744467
24 0.7822896562068203 0.37262685147062047 0.4354206875863593 0.7452537029412409
24 0.8361392998515665 0.32788846860121357 0.3277214002968669 0.6557769372024271
