24 0.25890856335961054 0.25298714428115154 0.5178171267192211 0.5059742885623031
24 0.30903716083167054 0.2881901439093444 0.6180743216633411 0.5763802878186888
24 0.31792653160539913 0.3066152836527267 0.6358530632107983 0.6132305673054534
24 0.37274026368290825 0.35911689124378054 0.7031585597882475 0.6545832731442414
24 0.4173286948452566 0.4157542875296535 0.7258580573873796 0.677141836642859
24 0.49478646739006804 0.41462732928009005 0.645147120341677 0.6022091977182518
24 0.5319175859687564 0.5555452213262045 0.7143733432204659 0.6643417375378096
24 0.5635416235474267 0.6049957503176658 0.6732135366721419 0.6249201182291646
24 0.5751200365040737 0.6707339185280392 0.6438789707143227 0.5990619267507037
24 0.6505108161277997 0.6718154829608834 0.6989783677444007 0.6563690340782331
24 0.6903139711603736 0.7164102687723132 0.6193720576792527 0.5671794624553737
24 0.7315677337757073 0.7832167370096881 0.5368645324485855 0.43356652598062395
