47 0.25390625 0.7890625 0.20546875000000003 0.31796875
47 0.1078125 0.79609375 0.215625 0.4078124999999999
47 0.6734375 0.840625 0.234375 0.31796875
47 0.41953125 0.92890625 0.22890625000000003 0.1421874999999999
47 0.18515625 0.11171875 0.21015625 0.2234375
47 0.54921875 0.14296875 0.24140625000000004 0.2859375
47 0.08203125 0.14921875 0.1640625 0.2984375
47 0.7765625 0.2171875 0.22421875000000002 0.284375
47 0.425 0.2671875 0.22890624999999998 0.29921875
47 0.66328125 0.33359375 0.22187499999999993 0.3109375
47 0.21875 0.37734375 0.2421875 0.3515625
47 0.896875 0.38046875 0.18828124999999996 0.2906250000000001
47 0.0890625 0.4515625 0.17734375 0.30078125
47 0.3890625 0.55546875 0.22265625 0.28593750000000007
47 0.8140625 0.6140625 0.22968750000000004 0.3515625
47 0.5671875 0.6609375 0.18515624999999997 0.29609374999999993
