30 0.703125 0.2515625 0.5625 0.49296874999999996
30 0.3765625 0.13125 0.07421875 0.10312499999999998
30 0.16796875 0.78203125 0.3359375 0.4296875
30 0.72578125 0.71484375 0.5453125000000001 0.29296875
30 0.6296875 0.33203125 0.15390625000000002 0.11953125000000003
30 0.6203125 0.2140625 0.17031249999999998 0.12343749999999998
30 0.79375 0.1171875 0.12578125000000007 0.10546875
30 0.6859375000000001 0.0703125 0.14218750000000002 0.11015625000000001
30 0.8804687500000001 0.2953125 0.18125000000000002 0.08984375
30 0.1390625 0.70078125 0.1484375 0.14375000000000004
30 0.73515625 0.76953125 0.10312500000000002 0.12109375
30 0.89921875 0.70078125 0.15546874999999993 0.15937500000000004
