33 0.4015625 0.20234375 0.271875 0.2515625
33 0.6304687499999999 0.25625 0.20156249999999998 0.19765625000000003
33 0.1171875 0.2984375 0.20937499999999998 0.1953125
33 0.55234375 0.41015625 0.3359375 0.26953125
33 0.2546875 0.45390625 0.25468750000000007 0.22109374999999998
33 0.79765625 0.4984375 0.17109374999999993 0.30546874999999996
33 0.40390625 0.64921875 0.21953124999999996 0.40234375
33 0.1078125 0.6624999999999999 0.21484375 0.29453125
33 0.95546875 0.68359375 0.08906250000000004 0.2640625
33 0.559375 0.6921875 0.21718750000000003 0.31640625
33 0.671875 0.71796875 0.20781250000000007 0.26250000000000007
33 0.8375 0.77421875 0.16484374999999996 0.3296875
33 0.23046875 0.8 0.17890625000000002 0.26484374999999993
