33 0.4015625 0.20234375 0.271875 0.2515625
33 0.63046875 0.25625 0.2015625 0.19765625
33 0.1171875 0.2984375 0.209375 0.1953125
33 0.55234375 0.41015625 0.3359375 0.26953125
33 0.2546875 0.45390625 0.2546875 0.22109375
33 0.79765625 0.4984375 0.17109375 0.30546875
33 0.40390625 0.64921875 0.21953125 0.40234375
33 0.1078125 0.6625 0.21484375 0.29453125
33 0.95546875 0.68359375 0.0890625 0.2640625
33 0.559375 0.6921875 0.2171875 0.31640625
33 0.671875 0.71796875 0.2078125 0.2625
33 0.8375 0.77421875 0.16484375 0.3296875
33 0.23046875 0.8 0.17890625 0.26484375
