82 0.7773073671875 0.40693832656250006 0.7548687546874999 0.3832599125 0.7455546140625 0.3667400875 0.720999153125 0.3469163 0.7057578328125 0.345814978125 0.6922099921875 0.355726871875 0.685859440625 0.3694933921875 0.6850127015624999 0.386013215625 0.6943268421875 0.40473568281250005 0.7133784921874999 0.427312775 0.7337002546875 0.438325990625 0.7413209140625 0.46145374375000003 0.7565622359375 0.46806167343749994 0.76968670625 0.4675110125 0.7785774765625 0.462555065625 0.7832345468749999 0.4542951546875 0.7840812875000001 0.42786343593750004 0.7773073671875 0.40693832656250006
82 0.6718882296875 0.45154185 0.63886536875 0.42290748906250003 0.61430990625 0.41740088125 0.6041490265625 0.4240088109375 0.5969517359375 0.4355726875 0.5977984765625 0.444383259375 0.635901778125 0.4895374453125 0.644369178125 0.519273128125 0.6591871296875 0.5297356828125 0.673158340625 0.53028634375 0.6926333609374999 0.5159691625 0.6926333609374999 0.4884361234375 0.6841659609375 0.46861233437500005 0.6718882296875 0.45154185
82 0.6333615578125 0.33755506562500004 0.617273496875 0.3089207046875 0.596528365625 0.2819383265625 0.5855207453125 0.27643171875 0.5660457234375 0.2797356828125 0.5546147328125001 0.29240088124999997 0.5512277734375 0.31662995625 0.59525825625 0.39372246718750004 0.6104995765625 0.400330396875 0.6261642671875001 0.39867841406250004 0.6375952578125 0.3783039640625 0.6384419984374999 0.354074890625 0.6333615578125 0.33755506562500004
82 0.55165114375 0.2213656390625 0.5169348015625 0.1861233484375 0.4983065203125 0.178414096875 0.4788314984375 0.18281938281250001 0.4716342078125 0.196585903125 0.4775613890625 0.22301762187500002 0.490685859375 0.22246696093749999 0.5190516515625 0.26486784218750004 0.5241320921875 0.2758810578125 0.52497883125 0.2879955953125 0.5495342937500001 0.301211453125 0.559271803125 0.28414096875 0.5774767140625 0.27147577031250003 0.5690093140625 0.246145375 0.55165114375 0.2213656390625
82 0.39796782343750003 0.4642070484375 0.3759525828125 0.4311674015625 0.36536833125 0.4030837 0.353513971875 0.39537445 0.3374259109375 0.39647577031250003 0.326841659375 0.40693832656250006 0.32176121874999997 0.4190528640625 0.3209144796875 0.44218061718749996 0.349703640625 0.507158590625 0.3645215921875 0.52202643125 0.3776460625 0.5225770921875 0.38823031406249997 0.5198237890625 0.3996613046875 0.4983480171875 0.4022015234375 0.47962555 0.39796782343750003 0.4642070484375
82 0.4589331078125 0.6305066078125 0.4466553765625 0.6156387671875 0.4136325140625 0.5892070484375 0.38992379375 0.583700440625 0.3755292125 0.5914096921875001 0.364098221875 0.6194933921875 0.36917866250000003 0.6415198234374999 0.3729889921875 0.6475770921875 0.38569009374999996 0.64317180625 0.391193903125 0.658039646875 0.40347163437500005 0.6729074890625 0.4187129546875 0.6861233484375 0.43183742656249996 0.6899779734375 0.45004233749999994 0.6872246703125 0.46232006718749996 0.6756607921875 0.46570702812500003 0.649229075 0.4589331078125 0.6305066078125
82 0.391193903125 0.757158590625 0.3708721421875 0.7120044046875 0.3552074515625 0.690528634375 0.34165961093749997 0.6817180609375 0.3281117703125 0.6839207046875 0.30906011875 0.706497796875 0.3056731578125 0.718612334375 0.3073666390625 0.7351321578125 0.34165961093749997 0.799559471875 0.34928027031250003 0.8061674015625 0.36579170156249996 0.8089207046875 0.3780694328125 0.8050660796875 0.3852667234375 0.7968061671875 0.39204064375000003 0.776982378125 0.391193903125 0.757158590625
82 0.31329381875 0.650330396875 0.2900084671875 0.620044053125 0.259525825 0.598017621875 0.2434377640625 0.59471365625 0.229043184375 0.6024229078125 0.22184589375 0.6183920703125 0.22184589375 0.636013215625 0.226926334375 0.6514317187499999 0.23666384375 0.6651982375000001 0.245977984375 0.6707048453125 0.250211684375 0.680616740625 0.2764606265625 0.7048458156249999 0.295512278125 0.7075991187499999 0.3086367484375 0.700440528125 0.3166807796875 0.6899779734375 0.3166807796875 0.66354625625 0.31329381875 0.650330396875
82 0.25486875468750003 0.5291850218749999 0.24682472500000002 0.524229075 0.2074513125 0.5368942734375 0.2129551234375 0.525330396875 0.24089754375 0.5077092515625 0.24132091406249997 0.5005506609375 0.21803556249999997 0.4691629953125 0.19940728125 0.45374449375000003 0.18585944062499998 0.45264317187499997 0.168924640625 0.46365638750000004 0.1642675703125 0.4983480171875 0.17104149062500001 0.519273128125 0.21972904375 0.585903084375 0.2307366640625 0.5914096921875001 0.2421676546875 0.59085903125 0.25740897500000004 0.5842511015625 0.266723115625 0.5567180609375 0.26587637656249996 0.5490088109375 0.25486875468750003 0.5291850218749999
82 0.42929720624999995 0.29019823749999996 0.40685859375 0.26431718125 0.380609653125 0.26321585937499997 0.36917866250000003 0.29019823749999996 0.36917866250000003 0.3122246703125 0.40812870468750007 0.34746696093749996 0.4165961046875 0.325440528125 0.430567315625 0.3160792953125 0.436917865625 0.3067180609375 0.42929720624999995 0.29019823749999996
82 0.36113463125 0.3997797359375 0.36240474218749996 0.39702643125 0.34716342031249997 0.37279735625 0.32387806874999997 0.3469163 0.31117696875 0.3403083703125 0.2908552078125 0.343612334375 0.2845046578125 0.351872246875 0.2828111765625 0.3805066078125 0.285351396875 0.39262114531250003 0.2904318375 0.40473568281250005 0.3137171890625 0.43502202656250005 0.31837425937499997 0.436674009375 0.32260795937500003 0.4157488984375 0.333192209375 0.3997797359375 0.34589331093750003 0.394273128125 0.36113463125 0.3997797359375
82 0.6342082984374999 0.6327092515625 0.600762065625 0.5925110124999999 0.5770533453125 0.5903083703124999 0.5702794234375 0.593612334375 0.5605419140625 0.61068281875 0.5596951734375 0.623898678125 0.57493649375 0.65914096875 0.60160880625 0.692731278125 0.625740896875 0.698788546875 0.6384419984374999 0.6888766515625 0.6435224390625 0.6723568281250001 0.6435224390625 0.6569383265625001 0.6342082984374999 0.6327092515625
82 0.4208298046875 0.5622246703125 0.39161727343749997 0.5264317187499999 0.3814563921875 0.52202643125 0.3636748515625 0.52202643125 0.33827265 0.4966960359375 0.326841659375 0.5368942734375 0.36579170156249996 0.600770925 0.3873835734375 0.583700440625 0.411939034375 0.5870044046875 0.42167654531250004 0.56662995625 0.4208298046875 0.5622246703125
