32 0.3707810725747208 0.15566214833544018 0.257208979583484 0.31132429667088035
32 0.6570156516929075 0.31626829341057094 0.21201214399629198 0.29538223715609524
32 0.12212920058354723 0.25399820812721513 0.2228807784278381 0.3534530566854711
32 0.5453274593062082 0.35290537847071346 0.2736059850055999 0.312838970021978
32 0.8983226345121027 0.5077454129128798 0.2033547309757946 0.2938460646436266
32 0.2925342645747433 0.42986160533839257 0.29458904301983857 0.36263375140761916
32 0.7517480034287634 0.5877508591265284 0.3235406403818444 0.4081367643234095
32 0.5227139454131484 0.7292069686904579 0.31619634889759984 0.3492991800051688
32 0.2643897367563748 0.7142346733386535 0.2726914174219146 0.28617775602129447
32 0.7239149388084714 0.8619932134313492 0.3839210045494017 0.2760135731373017
32 0.7553494506666127 0.13116737838035306 0.23516421192442394 0.21248264246183052
32 0.1443007660641369 0.8210478148804368 0.2886015321282738 0.2754450311782426
32 0.4052222591904666 0.8717089429490812 0.31513794292120245 0.2565821141018376
