32 0.3046875 0.18203125 0.2046875 0.28828125
32 0.61796875 0.2890625 0.1625 0.26875
32 0.08125 0.3328125 0.16171875 0.328125
32 0.515625 0.346875 0.22421875 0.27421875
32 0.90703125 0.4265625 0.1859375 0.2625
32 0.2828125 0.471875 0.2359375 0.32265625
32 0.7640625 0.53671875 0.25703125 0.36484375
32 0.5671875 0.7203125 0.26171875 0.30390625
32 0.3109375 0.75625 0.22890625 0.24609375
32 0.7984375 0.85078125 0.33203125 0.29765625
32 0.678125 0.08828125 0.2046875 0.17578125
32 0.203125 0.88671875 0.271875 0.2265625
32 0.48125 0.88984375 0.27734375 0.2203125
