23 0.17269953970068838 0.7081573189664295 0.34539907940137676 0.31648422703720525
23 0.8567040954864337 0.5410580123986748 0.28659180902713266 0.31339212247434445
23 0.6588966040185779 0.6059809972137732 0.30618774090329537 0.2771684675661563
23 0.6693400414575366 0.8293014255583853 0.35433193849573325 0.30580790766969745
23 0.37471135064606975 0.8572896954941785 0.33357390045732416 0.2854206090116429
23 0.44456016998190195 0.6917077585824042 0.35667852787964366 0.312436029185317
23 0.4162130492590066 0.47448028850890245 0.3588879017181836 0.3132182256466205
23 0.6351969235483799 0.37796739010134 0.405129196140973 0.3437605689198101
23 0.15469045427389533 0.498079434716083 0.30938090854779066 0.3181126991161124
23 0.23171872948042174 0.3097108139133339 0.30956355996530377 0.27578702870404354
23 0.4501948383992328 0.20058665339046514 0.44369944043307163 0.3690104910243695
