23 0.365625 0.23046875 0.37968749999999996 0.25
23 0.87265625 0.40625000000000006 0.25468749999999996 0.24296875000000007
23 0.68359375 0.54453125 0.25703124999999993 0.18984375000000003
23 0.584375 0.33046875 0.3414062500000001 0.23828125
23 0.509375 0.88203125 0.26953125 0.21171875000000007
23 0.771875 0.74609375 0.30078125 0.21875
23 0.515625 0.6937500000000001 0.28828124999999993 0.21640625000000002
23 0.41796875000000006 0.50390625 0.30546875000000007 0.22578124999999993
23 0.25390625 0.80078125 0.30546874999999996 0.23593750000000002
23 0.14921875 0.61328125 0.2984375 0.23281250000000003
23 0.1875 0.41015625 0.27421874999999996 0.20156250000000003
