36 0.4592926063471769 0.46513995761449656 0.3177251765672978 0.26049269163035044
36 0.6966055341233175 0.6542404344143747 0.3389870837893898 0.3130259566014962
36 0.7154961953574903 0.40089209862694414 0.20002217351686458 0.23247358250173178
36 0.28766883286608463 0.18031739239649858 0.1936597800165215 0.13701732069748085
36 0.12014790131823003 0.5096688490876584 0.21553488482534072 0.21789498729696744
36 0.2784470207195703 0.809358017026824 0.3193905370932079 0.38128396594635194
36 0.29895211599982596 0.1841773711252389 0.2110396300367371 0.14672683768490957
36 0.4558869019104734 0.2088161347773433 0.10186937322497236 0.07000798985801193
36 0.6202218202573012 0.21656691867343508 0.09523021815391686 0.1046706280404236
36 0.5146358740992488 0.2916623759293261 0.10535771551634965 0.1206983815819232
36 0.10413457178007607 0.7367384196572638 0.1238216484100435 0.08074977830285612
36 0.8646723343428064 0.21023535161170304 0.19724518416591807 0.213765901467305
