36 0.31328125 0.62578125 0.16875 0.2390625
36 0.43359375 0.615625 0.1515625 0.2515625
36 0.521875 0.62265625 0.1390625 0.25
36 0.590625 0.6015625 0.15625 0.253125
36 0.6671875 0.5828125 0.1765625 0.2703125
36 0.765625 0.55703125 0.1546875 0.2375
36 0.7921875 0.340625 0.153125 0.2140625
36 0.66875 0.34375 0.1484375 0.2328125
36 0.55859375 0.3703125 0.178125 0.2296875
36 0.46640625 0.36875 0.1375 0.259375
36 0.38203125 0.36171875 0.1484375 0.290625
36 0.290625 0.39296875 0.1140625 0.259375
36 0.18125 0.39375 0.16875 0.259375
