36 0.31328125 0.62578125 0.16875000000000004 0.23906250000000007
36 0.43359374999999994 0.615625 0.15156249999999993 0.2515625000000001
36 0.521875 0.62265625 0.13906250000000003 0.25
36 0.590625 0.6015625 0.15625 0.25312499999999993
36 0.6671875 0.5828125 0.17656250000000007 0.27031250000000007
36 0.765625 0.55703125 0.15468749999999998 0.23750000000000004
36 0.7921875 0.340625 0.15312500000000007 0.21406249999999996
36 0.66875 0.34375 0.1484375 0.23281250000000003
36 0.55859375 0.37031250000000004 0.17812500000000003 0.2296875
36 0.46640625 0.36875 0.13749999999999996 0.259375
36 0.38203125 0.36171875 0.1484375 0.2906250000000001
36 0.290625 0.39296875 0.11406249999999998 0.2593750000000001
36 0.18125 0.39375 0.16875 0.259375
