36 0.4455586617560874 0.43741698429865816 0.34446539643972246 0.40251478630593374
36 0.350820449175347 0.5898544976969976 0.2957595329115864 0.31414183970255327
36 0.5592110369011641 0.342743754521795 0.30131324090260553 0.3264679765112971
36 0.6387545184289832 0.29663297826441126 0.24308748834340066 0.25953481547216056
36 0.7157358653703868 0.35376918439688276 0.09190257102089983 0.1306021642650405
36 0.8888078015861757 0.41265148566246185 0.16478856252228158 0.1570486438734534
36 0.8201944507826051 0.42947565928462456 0.23141882280582726 0.22948384314362025
36 0.7394215717215671 0.5222691380614406 0.30793777824470603 0.34566988165774315
36 0.6465034000117462 0.5951702877363034 0.3399308480397958 0.3931427887504893
36 0.5569090962442853 0.7518617247568022 0.30293820200487953 0.3010032223426725
