36 0.7113205784025978 0.7107290286010783 0.31290619717358237 0.39803561073348237
36 0.6034303128688936 0.715251992743024 0.2188368595682359 0.3323427443147693
36 0.5314869139575626 0.7484149557998754 0.2391221820508994 0.3460068901872182
36 0.44829707722522427 0.7756398383250471 0.2618255833019645 0.3772232327942735
36 0.3537536862825549 0.7339161218304195 0.2681302300646839 0.3409631727770429
36 0.2382937667470304 0.6731164929542887 0.2871538817608841 0.34390682413415075
36 0.6909774344802352 0.5446110292798758 0.21368417218393776 0.26759946743854124
36 0.5801416640046245 0.46888632517875206 0.24101246392883602 0.3081701124038682
36 0.4923250831936545 0.4297374695084345 0.25699016719908097 0.36009134584384866
36 0.3694578524666143 0.4503945482595737 0.24185456636503755 0.33928045077247865
36 0.272551609176524 0.471733981655328 0.31763486760410165 0.3753336923502561
36 0.19529651652322796 0.3831853805331581 0.30313010216329 0.3598830445365568
36 0.7017968896117862 0.3449635006707822 0.31070012688207016 0.42420601162860344
36 0.5889110894666525 0.2542088292571 0.29094037698811315 0.4120133207177486
36 0.46798677201981154 0.22688535683267821 0.20706447844156234 0.3101656570863301
36 0.3719722968325075 0.1973013291296831 0.2030681990392026 0.2522540824293669
36 0.30707075503253195 0.22463073302546047 0.2535194603854276 0.3036512261484798
