106 0.8115945467931238 0.14624651650840578 0.2791239057768532 0.29249303301681157
106 0.22840974756475732 0.27107569521515706 0.3348583442543199 0.3662375874191565
106 0.5122096184962324 0.21103735658645956 0.4151215729733542 0.4220747131729191
106 0.19220625733705093 0.5563242132908577 0.38441251467410187 0.39962179602009795
106 0.7929363229398867 0.41484465236204104 0.4141273541202267 0.4666958013655538
106 0.5 0.5 1.0 1.0
106 0.5076859281675082 0.5375342778805775 0.3610246284628549 0.37129419895316507
106 0.19690657500736147 0.8494054650753629 0.29913108267325195 0.3011890698492743
106 0.7959667678509126 0.7591056309537607 0.36702028165168465 0.40125218328605194
106 0.4590404549724307 0.8307553474215283 0.389806015902863 0.3384893051569434
