20 0.5580979357975453 0.15796559003831923 0.3875462131029578 0.31593118007663845
20 0.7579184123501616 0.47408289973015827 0.3674222619152574 0.36702549836013937
20 0.28073272115331316 0.14886030312506157 0.3398895930385616 0.29772060625012314
20 0.502116301680481 0.3965981992419393 0.38810128090270524 0.3883149228169996
20 0.7628761082940434 0.7734722188256729 0.4470500873672404 0.4530555623486543
20 0.22307917781618555 0.3982301883210681 0.3808461675246076 0.381212410806255
20 0.4387088412425924 0.6818537501298756 0.4868106683106558 0.4872989926861858
20 0.5107441392052023 0.8859367856533047 0.4342557017462205 0.2281264286933905
20 0.13521579904471007 0.6019599539245667 0.27043159808942013 0.3989500777859709
20 0.8312172296393212 0.2620432228187318 0.33756554072135747 0.3352954463296841
