93 0.52421875 0.40546875 0.27265625 0.19375
93 0.8234375 0.43984375 0.240625 0.18203125
93 0.69375 0.29296875 0.253125 0.16328125
93 0.8875 0.24140625 0.225 0.15625
93 0.771875 0.146875 0.21171875 0.14296875
93 0.55859375 0.2046875 0.22109375 0.14375
93 0.35078125 0.2734375 0.2796875 0.15
93 0.3390625 0.12109375 0.22109375 0.1578125
93 0.08359375 0.25390625 0.16640625 0.2
93 0.175 0.36875 0.22421875 0.17421875
93 0.36328125 0.43828125 0.17265625 0.159375
93 0.29140625 0.6015625 0.16875 0.15234375
93 0.196875 0.71796875 0.196875 0.1328125
93 0.52421875 0.64453125 0.2703125 0.17421875
93 0.67734375 0.51953125 0.21796875 0.1390625
93 0.78203125 0.62578125 0.184375 0.11484375
93 0.89296875 0.7140625 0.2140625 0.1984375
93 0.86015625 0.89609375 0.190625 0.1578125
93 0.653125 0.75078125 0.2921875 0.17421875
93 0.61015625 0.8921875 0.1625 0.1546875
93 0.41484375 0.84921875 0.17109375 0.17421875
93 0.26171875 0.91015625 0.2328125 0.159375
93 0.0921875 0.8390625 0.184375 0.15859375
93 0.11171875 0.54765625 0.2234375 0.1828125
