93 0.4046875 0.484375 0.1171875 0.38125000000000003
93 0.5203125 0.6390625 0.14218749999999997 0.4398437499999999
93 0.6703125 0.5046875 0.16718750000000004 0.3046875
93 0.8328125 0.7625 0.13906249999999998 0.38593749999999993
93 0.5921875000000001 0.246875 0.13437500000000002 0.32265625
93 0.45546875 0.17265625 0.171875 0.3046875
93 0.2875 0.24453125 0.14375000000000002 0.278125
93 0.28671875 0.49296875 0.140625 0.3453125
93 0.225 0.76484375 0.11562500000000003 0.35390625
93 0.32421875 0.871875 0.11093749999999997 0.2421875
93 0.421875 0.81875 0.1296875 0.33203125
93 0.5679687499999999 0.91015625 0.10781249999999998 0.1796875
93 0.08203125 0.70859375 0.09375 0.36328125
93 0.1078125 0.3609375 0.1015625 0.2867187500000001
93 0.1859375 0.15234375 0.13906250000000003 0.3046875
