93 0.3549466636524158 0.5994899508370548 0.22183240819593292 0.2713757912045245
93 0.533633476169679 0.620807687208042 0.2790814421992874 0.2973556408499973
93 0.5233944490068683 0.302531735763275 0.2350730703773346 0.2992358123064943
93 0.7537851625719767 0.49813140455411214 0.252341430417673 0.2665546960348918
93 0.8988093358431288 0.4651381414591703 0.20238132831374234 0.290898615764126
93 0.811847837423768 0.27456623078622033 0.22450308778741568 0.23993463331468196
93 0.5883939451901492 0.14775807530254062 0.2797274336254456 0.29551615060508124
93 0.7373665870381075 0.09383005090733465 0.22962188390183513 0.1876601018146693
93 0.33711759113879747 0.35602909438076713 0.18457732747066652 0.22437447119887954
93 0.12722085132736902 0.3039624376652309 0.2177656968110207 0.24050692179857097
93 0.04663579636500184 0.36051200153013174 0.09327159273000368 0.26936411398378096
93 0.1962277825240787 0.7185272938811342 0.23621186899369184 0.25083122791425994
93 0.34152534110415433 0.8648264785107742 0.272630195464837 0.27034704297845147
93 0.5457497856132761 0.8471606004531106 0.2604907533077887 0.279983231868546
93 0.71783216716013 0.7844892910391289 0.27124572037424977 0.3021088114287822
