93 0.1875 0.22109375 0.1875 0.14765625
93 0.10078125 0.41484375 0.17890625 0.13828125
93 0.31953125 0.38359375 0.17421875 0.1609375
93 0.20078125 0.62265625 0.1609375 0.16484375
93 0.34140625 0.7609375 0.20078125 0.14296875
93 0.3796875 0.58515625 0.15625 0.2140625
93 0.49140625 0.72734375 0.13359375 0.1609375
93 0.66484375 0.76328125 0.21015625 0.16953125
93 0.90859375 0.7546875 0.17890625 0.19609375
93 0.8546875 0.4890625 0.17421875 0.21015625
93 0.7078125 0.60703125 0.1921875 0.13359375
93 0.68046875 0.4640625 0.20078125 0.17421875
93 0.68046875 0.31953125 0.20078125 0.1609375
93 0.59609375 0.14921875 0.1875 0.1828125
93 0.47734375 0.2453125 0.1828125 0.11171875
93 0.5203125 0.45078125 0.14296875 0.20078125
