93 0.47109375 0.5546875 0.13125000000000003 0.30624999999999997
93 0.6421874999999999 0.59140625 0.13515624999999998 0.24921875000000004
93 0.690625 0.8859375 0.20156249999999998 0.203125
93 0.9156249999999999 0.7984374999999999 0.11562499999999998 0.19374999999999998
93 0.51171875 0.825 0.15234375 0.21328124999999998
93 0.3609375 0.859375 0.159375 0.24921874999999993
93 0.27109375 0.59375 0.16171874999999997 0.27890624999999997
93 0.12031250000000002 0.69765625 0.215625 0.24609375
93 0.215625 0.87734375 0.125 0.18671875000000004
93 0.0859375 0.5171875 0.171875 0.1875
93 0.24375000000000002 0.26328125 0.16015625000000003 0.203125
93 0.46875 0.2703125 0.140625 0.17890624999999996
93 0.6640625 0.33984375 0.1953125 0.21484375
93 0.7953124999999999 0.2265625 0.14687499999999998 0.234375
93 0.8265625 0.4375 0.15312499999999996 0.20078124999999997
93 0.73828125 0.725 0.21015624999999993 0.18671875000000004
