93 0.446875 0.5328125 0.16796875 0.18593750000000003
93 0.4875 0.31484375 0.17499999999999993 0.20234375000000002
93 0.37265625 0.41953125 0.15234375 0.16640625000000003
93 0.52265625 0.4484375 0.18515624999999997 0.18281249999999993
93 0.75 0.2734375 0.14921875000000007 0.20234375000000002
93 0.8960937500000001 0.37265625 0.17343750000000002 0.17031250000000003
93 0.84296875 0.528125 0.1796875 0.19375000000000003
93 0.8046875 0.7914062500000001 0.19062499999999993 0.19687500000000002
93 0.934375 0.87421875 0.13046875000000002 0.2515624999999999
93 0.5703125 0.92578125 0.12656250000000002 0.1484375
