93 0.4580289210736511 0.5916491208155222 0.17343746917313374 0.1733835680773479
93 0.6872307872870604 0.5186403949292259 0.2688848297724763 0.2679146100483329
93 0.4193184115750711 0.7716333387902807 0.20169764566467485 0.19924514580642338
93 0.3117482199638911 0.7565751323944636 0.19243045556131028 0.189735400772023
93 0.6436718603713755 0.7716850055497229 0.19719846820200537 0.19601264409471886
93 0.46072084779205763 0.3849141804648579 0.22979567200159 0.227477924882803
93 0.4131168809224639 0.22306120164660712 0.23413269930963354 0.23308162794181148
93 0.608213653256094 0.2017230707244819 0.23359368835177607 0.23362063889966894
93 0.4342086585417695 0.06670287553712723 0.22112072365096574 0.13340575107425445
93 0.28006264268634296 0.29593428105890185 0.20959058125913715 0.20902461975338676
93 0.2942076585246832 0.4679977191567677 0.21616383374138598 0.21570567442720723
93 0.18359294873614596 0.41875312037022383 0.204606964235299 0.20296298081383385
93 0.17828458453578735 0.29178657788701146 0.22505438647515347 0.22227848004218748
93 0.2764782198165908 0.14903237674579975 0.21241904818608276 0.21282330640447583
93 0.433517328509197 0.9288191095040689 0.1780174982794817 0.14236178099186225
