93 0.44843750000000004 0.57109375 0.16406250000000006 0.18593750000000003
93 0.5515625 0.3875 0.16953124999999997 0.22109374999999998
93 0.76953125 0.3 0.17421874999999998 0.19296875000000002
93 0.7875000000000001 0.5265625 0.15390625000000002 0.19609375000000007
93 0.84453125 0.7875 0.1875 0.25390625
93 0.49375 0.8539062500000001 0.1640625 0.14609375000000002
93 0.278125 0.81640625 0.09218749999999998 0.17890624999999993
93 0.1921875 0.7015625000000001 0.16640624999999998 0.14609375000000002
93 0.271875 0.58359375 0.13359374999999998 0.17109375000000004
93 0.3 0.40390625 0.17421874999999998 0.26093750000000004
93 0.1578125 0.35703125 0.1484375 0.25703125000000004
93 0.32578125 0.19453125 0.1484375 0.22890624999999998
93 0.4625 0.1265625 0.1875 0.253125
93 0.7015625000000001 0.09296875 0.14609375000000002 0.1859375
