93 0.0734375 0.31953125 0.146875 0.2859375
93 0.19375 0.4734375 0.17734375 0.2140625
93 0.175 0.2234375 0.203125 0.22890625
93 0.32421875 0.14609375 0.1796875 0.2359375
93 0.5140625 0.1234375 0.175 0.21796875
93 0.68359375 0.2515625 0.21328125 0.23203125
93 0.85234375 0.2984375 0.171875 0.2640625
93 0.81015625 0.0859375 0.1875 0.17109375
93 0.709375 0.4765625 0.1796875 0.25390625
93 0.71484375 0.6875 0.1953125 0.275
93 0.9046875 0.5609375 0.1828125 0.29296875
93 0.87421875 0.8 0.20078125 0.24296875
93 0.65703125 0.85546875 0.203125 0.15
93 0.46015625 0.8 0.22109375 0.22109375
93 0.5421875 0.58046875 0.19765625 0.21796875
93 0.5203125 0.35703125 0.20078125 0.26796875
93 0.35859375 0.39453125 0.1828125 0.2359375
93 0.3390625 0.61640625 0.2390625 0.2640625
93 0.09375 0.65390625 0.175 0.2109375
