93 0.17895671443018357 0.5696193809553045 0.11911716119066984 0.13235803401838364
93 0.3470285929889599 0.7179071767968248 0.10340695201692707 0.11941917032020888
93 0.28839872600675104 0.729653586919645 0.12099806222042231 0.1262328258964952
93 0.23669239031482328 0.8285416419487469 0.11558872078678167 0.11466493896159213
93 0.18568811230492052 0.7763508285090135 0.09891941969330104 0.09737978331798547
93 0.1136329311615566 0.7134492352008189 0.0961814115971068 0.09587348432204368
93 0.0814201077912024 0.6678621894852557 0.09015818832851452 0.09446917017939815
93 0.07592633716224195 0.5103835229988427 0.11336655510259219 0.12537571883005355
93 0.11647667076280063 0.430116290282071 0.11049125205855342 0.12188456123588848
93 0.0773795716270631 0.3428412958582939 0.1003590439304951 0.10867308035719908
93 0.1530572871669127 0.35559966365337675 0.0990233772617719 0.10364228638771855
