93 0.5116125306655152 0.5051857782063033 0.1998284369201518 0.18032769100387247
93 0.3542506278118461 0.3502918972982041 0.1750018837185976 0.1620013864410781
93 0.1347037417488211 0.3977347574172899 0.20522913304099932 0.17800934186619277
93 0.3546679297367118 0.5851049185739969 0.19075056596288537 0.14728015319117949
93 0.09995636884159353 0.5924980528890185 0.19991273768318707 0.17743529899005817
93 0.4333862731497053 0.8532552844125998 0.16656737384893938 0.15194181441172983
93 0.19181233739830084 0.8302076441467001 0.20802445858609986 0.18446105727059559
93 0.3161087027742099 0.8989594088942396 0.17112918328872612 0.1812858217867882
93 0.39529159355365595 0.9415325896892541 0.21648393140094901 0.11693482062149163
93 0.5572833362658156 0.7953174458109781 0.17148830825031652 0.1727071048700839
93 0.7071286827345338 0.761896961339702 0.22202744191281776 0.1858698088597166
93 0.847754736510989 0.6541396316547843 0.22374817788519674 0.18312162389294817
93 0.9529107839033196 0.6381150692206274 0.09417843219336075 0.1973173475010691
93 0.9287008880241516 0.7733334635961112 0.14259822395169663 0.18027637245746608
93 0.6925600124678298 0.631980803960327 0.2229578244384931 0.2054884062218263
93 0.7541445971998354 0.48524694538804164 0.21003360865257092 0.16087547832195026
93 0.8622874074475589 0.5678089531808962 0.2226028774449771 0.1616630464566044
93 0.4547811029986747 0.6864715999930915 0.17495335048424066 0.17129696062493827
93 0.546195027449308 0.37866534484937886 0.1971301778437653 0.15528482723174925
93 0.6436820451584073 0.4385985118204788 0.1776793578178676 0.14802197340352624
93 0.8604100353871658 0.37875416024519887 0.15822714513594527 0.15822714513594538
93 0.6710793622615994 0.18151716734054643 0.19046215186879334 0.16811754717305666
93 0.8003951211636242 0.2225513795287423 0.1730898001208403 0.1669958170220031
