93 0.4296875 0.57890625 0.1296875 0.171875
93 0.60859375 0.53203125 0.18437500000000007 0.19687499999999997
93 0.49296875 0.41484375 0.15078124999999998 0.17656250000000007
93 0.3328125 0.47265625 0.15859374999999998 0.21328125000000003
93 0.44296875 0.3140625 0.20468749999999997 0.16015625
93 0.6484375 0.3703125 0.17890624999999993 0.18203124999999998
93 0.54765625 0.75078125 0.17343749999999997 0.14921875000000007
93 0.56484375 0.9046874999999999 0.15781249999999997 0.18203124999999998
93 0.7234375 0.7859375 0.16328124999999993 0.15546874999999993
93 0.42578125 0.8851562499999999 0.1796875 0.16249999999999998
93 0.32734375 0.8203125 0.18203124999999998 0.16015625
