93 0.3707296271312778 0.3831803239432393 0.2795850504525057 0.28163435863818825
93 0.38400539507991827 0.1930117513119449 0.2380611799794748 0.24046381716268866
93 0.5695671746444493 0.11136020147551601 0.27984641106717123 0.22272040295103201
93 0.7583058298815291 0.28084184816703806 0.3239500974397208 0.32437409223675856
93 0.6331658067611516 0.5307681244141425 0.23953164567025242 0.24560890442779337
93 0.41238395741358186 0.7048971764315457 0.29755179336627025 0.301155749141091
93 0.3075332462321342 0.5804232630096678 0.2713441841079786 0.2766441190709504
93 0.5690122790420191 0.3848648439026918 0.29755179336627013 0.30115574914109094
93 0.2825529593280802 0.7779847123914136 0.23358690359214074 0.23280957979757155
93 0.17855699579013534 0.6927588193244331 0.23196159020349605 0.23443489318621613
93 0.22737913032163706 0.34033304899279226 0.24115695905889706 0.24398359103914874
