93 0.40797575061408287 0.37954991865809706 0.10101580653283809 0.10939764270020885
93 0.5247655126589285 0.42593717399909414 0.12288431394733818 0.10993056714321958
93 0.5763487813192798 0.5223653592456236 0.13715133884316144 0.15086707075340455
93 0.48224395294951544 0.6051512867521885 0.1457622356736462 0.11985474206540925
93 0.47669803613959444 0.730323549437657 0.11985474206540936 0.1457622356736462
93 0.4540071222052434 0.8895173507307236 0.15185678757613874 0.17776428118437582
93 0.2841258319373582 0.9092869106188071 0.16033378882261862 0.17328753562673727
93 0.20406561253282535 0.7346230175936297 0.1648105343802574 0.1648105343802575
93 0.18536389495052008 0.5123564141078683 0.12833174331188912 0.14128549011600755
93 0.10389323895541669 0.3760195081055314 0.08785269655467964 0.11376019016291661
93 0.28403664711751886 0.6170148358684463 0.15044834440532484 0.1199689401603401
93 0.053484701490000064 0.5843406545446836 0.10623417523427514 0.16338305819362164
93 0.28486104705712645 0.36223163097151423 0.11962634587554749 0.13639001821028912
93 0.30134121757429744 0.23679290606454034 0.11865566206863515 0.09655809399102122
93 0.8552864489490858 0.5202566813289159 0.13659938138432914 0.12821754521695827
93 0.9301853986996469 0.6434685433847379 0.11004476523815043 0.12757042267901664
93 0.747920023155793 0.7643510683045249 0.10514929333243195 0.11886502524267517
93 0.6255489361623916 0.7134109353426019 0.1679543043571171 0.13366497458150917
93 0.6639783974701153 0.3662779263710253 0.14031480630909532 0.08849981909262117
93 0.47017502749873097 0.20610812548502888 0.12288431394733812 0.10993056714321958
