93 0.3156943498476989 0.3085843584506477 0.2131908205037517 0.19460580247828457
93 0.4321286158244084 0.15365180259902933 0.3008338557642089 0.28903384431946777
93 0.6179016595935645 0.22829350690194067 0.12683340233060825 0.135093410341927
93 0.6515042711018908 0.3909549809049156 0.2027231313768888 0.18590811506813287
93 0.45214900868957225 0.5528111539560714 0.17360390569854622 0.16711389940393861
93 0.5873221189380355 0.7675846260802068 0.19076876451179203 0.1925387662285033
93 0.6995009516707981 0.8310884116034127 0.21541221217388884 0.22219721875461484
93 0.5264322043261178 0.9477740041836312 0.10789854180065117 0.10445199163273755
93 0.3913195098628119 0.8236092935804928 0.22219721875461496 0.21541221217388873
93 0.16467853186910927 0.39456451301011575 0.26385116980960194 0.26532617124019464
93 0.31255646771611706 0.49174353130851567 0.16711389940393861 0.17360390569854617
93 0.45690253711750944 0.38582825735720616 0.16711389940393861 0.17360390569854617
