93 0.21755088017664112 0.3953051094769431 0.18120997881129813 0.18886708540784158
93 0.32084313937378905 0.4446194631583178 0.18923402165513514 0.20267649768017804
93 0.46331100199985664 0.31842099783480476 0.1916659489536643 0.1991528976258401
93 0.23479633265469935 0.6207288784517941 0.16849993794771168 0.17428530737621106
93 0.14147057867903515 0.5564427145326714 0.18521534513357701 0.190320082864606
93 0.059288841375974566 0.47527868415625707 0.11857768275194913 0.20981543185067714
93 0.12136114899188918 0.32699257038332086 0.18120997881129813 0.18886708540784153
93 0.2696199925927941 0.1769684712086051 0.1898229192907821 0.19662923626548745
93 0.3591966606860325 0.27818034204863473 0.19157421489184095 0.19378626790862014
93 0.41693839961664103 0.12493302807047887 0.19802481871192817 0.20261908266985423
93 0.4006949729391718 0.04780350636789596 0.17679357143068103 0.09560701273579192
93 0.5553266462710926 0.1447358111869163 0.24525734670305394 0.2503620844340829
