93 0.3796875 0.7140625 0.15859374999999998 0.21406249999999993
93 0.20859375 0.6539062500000001 0.19453125 0.20859375000000002
93 0.12421875000000002 0.53046875 0.14765625 0.17578125
93 0.1921875 0.22265625 0.11484375 0.25859374999999996
93 0.296875 0.1234375 0.13671875 0.203125
93 0.3109375 0.36015624999999996 0.16171874999999997 0.21953125
93 0.5125 0.33203125 0.16171874999999997 0.19765625000000003
93 0.7375 0.35703125 0.12265625000000002 0.17031250000000003
93 0.88828125 0.40937499999999993 0.14765625000000004 0.21953124999999996
93 0.5703125 0.14296875 0.11875000000000002 0.1921875
