93 0.4404833474108827 0.6594083283109725 0.4791458007701009 0.5169961655505271
93 0.6347724631754881 0.38153114545275335 0.307651396271388 0.3209185344418466
93 0.8490902720899847 0.5169261129440705 0.3018194558200308 0.3596780087615329
93 0.8097698112470535 0.7348638626807625 0.380460377505893 0.46565680037415125
93 0.6316190093687484 0.7800212670594893 0.37485860909189717 0.41466002360327303
93 0.1695688906417881 0.5277170106519102 0.3391377812835762 0.40019677249562335
93 0.4752028746314155 0.24290754901260772 0.32761979300706556 0.3553246991865527
93 0.2693394947845408 0.18723534037504874 0.32231644166523143 0.3258283311809411
93 0.6683622927850448 0.15292177780785576 0.2961623413008557 0.3058435556157115
93 0.4626158962871271 0.0951041510867644 0.3311266655379509 0.1902083021735288
