93 0.3978951501701282 0.43191002166961845 0.3093849258718842 0.3093329146181023
93 0.5385021686910396 0.22218217454796174 0.3154792109898454 0.31539201565262287
93 0.6944593430318127 0.11508121806908572 0.26510359907109116 0.23016243613817144
93 0.756087897982243 0.2733067850544511 0.3093420930746522 0.3093757474153346
93 0.8519898509583147 0.43253874594327624 0.2872756221980326 0.2872480868283833
93 0.6188918131148715 0.4134334643492593 0.27454303890398607 0.27456904453087705
93 0.6561906496189638 0.6057299474695728 0.32151230639747524 0.32151230639747524
93 0.8666150364550609 0.6264993928358858 0.26676992708987834 0.32207314662594033
93 0.7614479065762245 0.7909389634066909 0.287266443741483 0.2872572652849332
93 0.6380693716336311 0.8919359300344094 0.2845173133384553 0.2161281399311813
93 0.5531914756393191 0.7845739138205119 0.3187723544509973 0.31872799191100676
93 0.4302014953573318 0.6391151403164747 0.29666152103438737 0.2966446938640462
93 0.2297126917672338 0.6084540266246401 0.3408556524979578 0.34083882532761667
93 0.12519517628402474 0.46022011709068406 0.2503903525680495 0.30597858144661905
93 0.28764999112425366 0.25829508139927526 0.3281674317439016 0.3281154204901197
93 0.43872022639846003 0.10079317749235733 0.258570853145328 0.20158635498471467
93 0.3592308287467096 0.8268422955001186 0.30652259450474306 0.3066709795522973
93 0.47718242542905964 0.9368462653701873 0.2933515504028945 0.12630746925962533
