93 0.4109375 0.4921875 0.13671875 0.37109375
93 0.51328125 0.63671875 0.09453124999999996 0.36328125
93 0.6781250000000001 0.48828125 0.15781250000000002 0.31093750000000003
93 0.8382812499999999 0.74609375 0.15468749999999998 0.37109375
93 0.68671875 0.875 0.11015624999999996 0.25
93 0.31640625 0.875 0.11796875000000001 0.25
93 0.22578125 0.75 0.11015624999999998 0.34843750000000007
93 0.28046875 0.45078125 0.14453125 0.3179687500000001
93 0.45703125 0.14375 0.16250000000000003 0.2875
93 0.60859375 0.24609375 0.14453125 0.28046875000000004
93 0.16796875 0.13984375 0.12343749999999999 0.27265624999999993
93 0.12890625 0.37109375 0.14453125 0.30312500000000003
