93 0.4575097705039161 0.5405347594725209 0.1682145271898604 0.23684510090235894
93 0.3540799728920212 0.49102020576896344 0.16174504905263348 0.2569874778781418
93 0.5189471843993425 0.2773453655667879 0.1673014881319026 0.21212145463802412
93 0.6426275464537757 0.37597387110440783 0.15683408692168643 0.17644282226811447
93 0.625685536664204 0.5784152195347374 0.16980667378358416 0.1908160330833285
93 0.16459986780818522 0.6441571623559705 0.1358832105024897 0.22132127165478388
93 0.17778991223474178 0.9068988150270649 0.15009961189588794 0.1395949322460157
93 0.08032998167693242 0.34610128337595336 0.14417876675563185 0.25062618720767044
93 0.2486314918926563 0.2481745724049083 0.17404838930425298 0.2335749073201957
93 0.1812187977874068 0.053465787952842625 0.14698366251447625 0.10693157590568525
93 0.3692160263754223 0.08024816124475212 0.16126111200948662 0.16049632248950424
93 0.5938173525378572 0.09242680792052838 0.16763482882650982 0.18444231626630536
93 0.9117765465293373 0.306108261154749 0.12206228053645807 0.19839628599219633
93 0.791636105428998 0.45670275365041896 0.15228023514730238 0.2314154885096732
93 0.815253707405051 0.7330401830596935 0.1603941296855248 0.19681035247174872
93 0.7770896112344353 0.9237889641836914 0.13218756275772736 0.15242207163261712
