93 0.32421875 0.64453125 0.11171875 0.14921875
93 0.409375 0.428125 0.13515625 0.16484375
93 0.51328125 0.51015625 0.1390625 0.18046875
93 0.6734375 0.428125 0.15078125 0.1390625
93 0.84140625 0.5640625 0.15078125 0.16484375
93 0.6875 0.6390625 0.115625 0.1546875
93 0.56953125 0.66484375 0.1546875 0.1546875
93 0.425 0.60078125 0.10390625 0.14453125
93 0.28359375 0.428125 0.13125 0.175
93 0.465625 0.29140625 0.1734375 0.16015625
93 0.6 0.31953125 0.13125 0.14921875
93 0.465625 0.1625 0.09296875 0.1234375
93 0.1875 0.2625 0.13515625 0.14921875
93 0.115625 0.384375 0.11953125 0.12890625
93 0.23359375 0.571875 0.13515625 0.18046875
