93 0.4453125 0.52890625 0.1265625 0.13984375
93 0.58671875 0.56953125 0.14375 0.14140625
93 0.63671875 0.70234375 0.1296875 0.2375
93 0.73984375 0.80546875 0.1265625 0.14765625
93 0.52734375 0.83828125 0.1265625 0.16015625
93 0.678125 0.91875 0.1234375 0.15390625
93 0.83515625 0.903125 0.1359375 0.15390625
93 0.946875 0.80078125 0.0921875 0.13984375
93 0.909375 0.7 0.096875 0.15234375
93 0.73671875 0.56953125 0.146875 0.17109375
93 0.50703125 0.66328125 0.1078125 0.15390625
93 0.43828125 0.75390625 0.1140625 0.16015625
93 0.43984375 0.89453125 0.15625 0.12265625
93 0.3484375 0.81875 0.1484375 0.13125
93 0.2875 0.6875 0.140625 0.16640625
93 0.1828125 0.78671875 0.1640625 0.2
93 0.121875 0.90234375 0.153125 0.175
93 0.0671875 0.715625 0.134375 0.17109375
93 0.0984375 0.50703125 0.128125 0.18984375
93 0.21953125 0.54921875 0.140625 0.18125
93 0.29296875 0.465625 0.1046875 0.19375
93 0.3796875 0.29140625 0.103125 0.16484375
93 0.1203125 0.35625 0.1125 0.13984375
93 0.11796875 0.21484375 0.109375 0.12890625
93 0.103125 0.08828125 0.1109375 0.15
93 0.475 0.178125 0.1125 0.16640625
93 0.5953125 0.16328125 0.109375 0.16484375
93 0.64140625 0.32421875 0.1203125 0.20625
93 0.57890625 0.43515625 0.14375 0.15234375
93 0.27421875 0.19609375 0.084375 0.15234375
93 0.22265625 0.12109375 0.109375 0.14765625
93 0.7609375 0.328125 0.1421875 0.18125
93 0.921875 0.27109375 0.096875 0.13984375
93 0.93984375 0.42265625 0.1203125 0.21484375
93 0.85703125 0.51640625 0.1109375 0.15234375
93 0.765625 0.15234375 0.1046875 0.14765625
93 0.8890625 0.11640625 0.140625 0.11875
93 0.34140625 0.11875 0.125 0.14140625
