93 0.43984375 0.84140625 0.15625 0.1640625
93 0.3984375 0.69375 0.1234375 0.13671875
93 0.3421875 0.5953125 0.10546875 0.15859375
93 0.25078125 0.80078125 0.09453125 0.12578125
93 0.5875 0.696875 0.1421875 0.16953125
93 0.7234375 0.62265625 0.0984375 0.12578125
93 0.83984375 0.6640625 0.09453125 0.1203125
93 0.8671875 0.4375 0.09453125 0.0984375
93 0.63125 0.28671875 0.09453125 0.16953125
93 0.721875 0.2734375 0.10546875 0.13125
93 0.5015625 0.35234375 0.09453125 0.10390625
93 0.5015625 0.23203125 0.09453125 0.12578125
93 0.5453125 0.15 0.10546875 0.10390625
93 0.44921875 0.153125 0.13125 0.1421875
