93 0.3421616899042266 0.41668910298512574 0.2161328180564987 0.21959392788722815
93 0.3298614964643857 0.26351205772550634 0.18328400023669333 0.1783395576213656
93 0.5045320618336895 0.2514662775461133 0.15906807563518044 0.17489029200422923
93 0.6183927511565153 0.34118549161001077 0.221332519947531 0.1956214183478267
93 0.8219430440092559 0.403512541051353 0.2111892214564276 0.2225614394716814
93 0.7003529024502821 0.5205740048376637 0.18153948606959402 0.21268947454615883
93 0.7138828614295302 0.6898099134063903 0.1699526175109547 0.14819707000351268
93 0.5866789451673728 0.6070036128361286 0.2027811309646006 0.23689778501036202
93 0.577980062759062 0.7589382023274911 0.21835824024102446 0.21638046319489346
93 0.38872889077370953 0.7840727961857681 0.23712343375208383 0.2529456501211327
93 0.31687481329975364 0.6721332008868782 0.20921059839503992 0.22651614754868699
93 0.41646514627391706 0.5903927762280367 0.18351810913098182 0.20873476646915323
93 0.48321342955032837 0.4619480962281358 0.17683761250112118 0.2282598157005296
93 0.18768212179312865 0.6253959509508098 0.1808075488527463 0.19069643408340176
93 0.20725454787887718 0.46407707267340415 0.1709186636220908 0.20058531931405738
93 0.20683370694467254 0.2501290680691123 0.13116285441544623 0.1306684101539135
93 0.30667506911825726 0.1567772404091887 0.1427793335080682 0.12596822861595386
93 0.058158706244582775 0.4793397016061585 0.11631741248916555 0.1590841499250567
93 0.0586231169645047 0.6293032821734432 0.1172462339290094 0.1892376357412462
93 0.1411916709801982 0.7553298858421056 0.17660350360683275 0.1978646068527421
