93 0.26554243348428963 0.6296888595245607 0.31033807334163377 0.3125780238109543
93 0.0966681727764977 0.6117041262745252 0.1933363455529954 0.29416283987455366
93 0.09205410658290336 0.35660307015409454 0.18410821316580672 0.25775905341962235
93 0.21461701359477972 0.363623076261963 0.31074216120851 0.3154873194395705
93 0.4306997179565733 0.44620405115785655 0.29539061754467844 0.29880948931364126
93 0.3662469722046754 0.2521710073723553 0.2942202308330348 0.29666649252979266
93 0.3663609950661444 0.09842414162058863 0.27163152108390465 0.19684828324117726
93 0.6014328299446636 0.15841543020134946 0.31714167852756514 0.3168308604026989
93 0.740692649496313 0.4472922391980316 0.3238708235790182 0.327761263867838
93 0.8669937765511773 0.34386612878948375 0.26601244689764547 0.342001366885008
93 0.6352577075588697 0.6086079397519779 0.3548981142640829 0.36079272076229474
93 0.5900794920096014 0.8785396195190402 0.3099619034007475 0.2429207609619195
93 0.3380056236477513 0.8548826001945868 0.26715317525176474 0.27071941218318296
93 0.16118247967951946 0.7921384942761622 0.25770553172963656 0.26360013822784845
