93 0.08281250000000001 0.7953125 0.10937500000000001 0.15703124999999996
93 0.196875 0.79140625 0.13828124999999997 0.16093749999999996
93 0.15546875 0.65234375 0.12890625 0.16328124999999993
93 0.3140625 0.759375 0.13437499999999997 0.18437499999999996
93 0.3 0.92109375 0.12812499999999996 0.15468749999999998
93 0.41718750000000004 0.93046875 0.12187500000000001 0.13906249999999998
93 0.45390624999999996 0.80078125 0.12031249999999999 0.14531250000000007
93 0.5453125 0.871875 0.13671875 0.15859374999999998
93 0.60234375 0.7625 0.12812499999999993 0.13046875000000002
93 0.65859375 0.87265625 0.1328125 0.16484374999999996
93 0.7765625 0.89140625 0.13828125000000002 0.15625
93 0.91640625 0.88203125 0.11328125 0.1171875
93 0.921875 0.71953125 0.13828125000000002 0.15156249999999993
93 0.8265624999999999 0.75234375 0.14687499999999998 0.16328125000000004
93 0.7625 0.6390625 0.11484375000000002 0.14375000000000004
93 0.653125 0.671875 0.10703125000000002 0.11171874999999998
93 0.85 0.5796874999999999 0.11328125 0.11953124999999998
93 0.94453125 0.5984375 0.11015624999999996 0.14531250000000007
93 0.87109375 0.4515625 0.11875000000000002 0.12343750000000003
93 0.915625 0.27265625 0.10234374999999996 0.171875
93 0.8546875 0.17578125 0.12031250000000004 0.1484375
93 0.7281250000000001 0.1875 0.11484375000000002 0.13906249999999998
93 0.60234375 0.16171875 0.12343749999999998 0.14296875000000003
93 0.5421875 0.0640625 0.11015624999999996 0.128125
93 0.54921875 0.2484375 0.10624999999999996 0.1671875
93 0.659375 0.3375 0.10781249999999998 0.13906250000000003
93 0.74296875 0.4484375 0.11171874999999998 0.13437500000000002
93 0.5515625 0.5484375 0.08828124999999998 0.12656249999999997
93 0.47187499999999993 0.44062499999999993 0.10078124999999999 0.14531249999999996
93 0.36249999999999993 0.31640625 0.12031249999999999 0.14999999999999997
93 0.2140625 0.3390625 0.13671875 0.16562500000000002
93 0.23281249999999998 0.18203125 0.11328124999999997 0.14296875000000003
93 0.4046875 0.09375 0.11249999999999999 0.1515625
93 0.28671875 0.084375 0.09921874999999997 0.16796875
93 0.1609375 0.08359375 0.08828124999999999 0.1671875
93 0.0578125 0.19296875 0.09765625 0.13906250000000003
93 0.09296875 0.4265625 0.11015624999999998 0.14296874999999998
93 0.209375 0.5234375 0.12421874999999999 0.14140625000000007
93 0.32109375000000007 0.49609375000000006 0.11015625000000001 0.14140625000000007
93 0.35703125 0.6125 0.11484374999999997 0.11171874999999998
