93 0.5002364906286644 0.47484292062867683 0.2261028312733448 0.24699196293307701
93 0.5217092304473115 0.6295670500019123 0.22362853324018522 0.2396555394273936
93 0.6142699665432771 0.577668143833304 0.22632010621449916 0.2347838061111147
93 0.6825488988078885 0.693091739988638 0.173616884877418 0.17847901034994196
93 0.8974434773712474 0.5785347732877808 0.190868481048179 0.19392981930865705
93 0.3922587097255297 0.7963133550973611 0.21084047372451886 0.21102055244572349
93 0.27853982234469155 0.7864858881811488 0.19666943150174587 0.19684951022295039
93 0.3602226778835527 0.9283733924178386 0.15954068593712478 0.14325321516432277
93 0.4153171587284018 0.5991132952757565 0.18779753494394608 0.1948206050709249
93 0.913811425313355 0.4658963582341702 0.17136109694048307 0.17964471811589422
93 0.9629722860589414 0.4982745669861166 0.07405542788211728 0.17246915764390547
93 0.7926432906119141 0.5181086177814829 0.1606499817956174 0.17073439018307435
93 0.8774259157862733 0.6793719930255431 0.18279252697016735 0.1878347311638957
