93 0.6094774204417364 0.3524941338582232 0.4892407572279016 0.4962129422800522
93 0.761777800103159 0.5849185157266639 0.47644439979368214 0.5109057131316312
93 0.22158131929138136 0.4874596122227882 0.4431626385827627 0.4653140580849539
93 0.5127162016362403 0.18229272610830166 0.42681905376427187 0.3645854522166033
93 0.27712349597640756 0.15937839214315566 0.33182981478548557 0.3187567842863113
93 0.1156598921972565 0.39230552964462223 0.231319784394513 0.38451065341157087
93 0.0920349080755706 0.6202207271915179 0.1840698161511412 0.3366899946888029
93 0.24056818605859157 0.7477692311867696 0.3532450359894212 0.35632576891944134
93 0.48626848978301984 0.6826389275420863 0.48116027321172433 0.4910510473554728
93 0.7537753882186906 0.8411340295328446 0.3214567443758166 0.3177319409343109
93 0.9010839580427572 0.5683210288758384 0.1978320839144856 0.41758719309757636
