93 0.41915143296693136 0.641913828076493 0.3820357780529345 0.3949702742892971
93 0.14070244501956233 0.6115080040286357 0.28140489003912467 0.31906576235964823
93 0.3620237812630507 0.3490972329799632 0.2877167734692565 0.2997218448263596
93 0.538942928137736 0.21095409488781605 0.283338050918737 0.2941813411767656
93 0.5559107241942233 0.41300246556250864 0.3096940614937807 0.3185235978467469
93 0.6627827566579052 0.5389553745350455 0.34375880258136904 0.35940412138223893
93 0.8755719796019974 0.429193584943004 0.24885604079600532 0.2560948842890519
93 0.9031153574930884 0.5908915813864515 0.1937692850138233 0.3098137823916707
93 0.8066983234308063 0.6246473765582634 0.28594739099266364 0.29818481856958157
93 0.6102687708562896 0.8241838837100273 0.3968340536805057 0.35163223257994547
93 0.5418674373260937 0.11121863688350836 0.30691780206465646 0.22243727376701672
