93 0.50546875 0.63046875 0.18203125000000003 0.3296875000000001
93 0.68359375 0.434375 0.17656250000000007 0.32578125
93 0.84921875 0.3765625 0.18828124999999996 0.21640624999999997
93 0.79140625 0.1765625 0.16874999999999996 0.203125
93 0.6125 0.1875 0.16484375000000007 0.2890625
93 0.5125 0.35078125 0.20078124999999997 0.19765624999999998
93 0.328125 0.4015625 0.13828124999999997 0.26484374999999993
93 0.21328125 0.50546875 0.18203125000000003 0.2593750000000001
93 0.1125 0.2671875 0.12734375 0.29218750000000004
93 0.24921875 0.1921875 0.140625 0.27265624999999993
93 0.43437499999999996 0.175 0.17968749999999994 0.23984375000000002
93 0.9296875 0.2203125 0.140625 0.21328125000000003
