93 0.47578125 0.3796875 0.23203125 0.20546875
93 0.7234375 0.33046875 0.2453125 0.20078125
93 0.921875 0.35234375 0.15625 0.21875
93 0.84140625 0.5203125 0.21015625 0.22734375
93 0.796875 0.70078125 0.21015625 0.19609375
93 0.6453125 0.52265625 0.1875 0.20078125
93 0.5359375 0.68515625 0.22734375 0.22734375
93 0.68984375 0.86796875 0.2234375 0.23203125
93 0.4796875 0.890625 0.20546875 0.20078125
93 0.296875 0.89921875 0.21015625 0.1921875
93 0.33671875 0.7390625 0.23671875 0.2140625
93 0.35234375 0.54921875 0.2140625 0.20546875
93 0.23203125 0.3859375 0.2453125 0.23671875
93 0.24296875 0.1875 0.25 0.1828125
93 0.5203125 0.17890625 0.2453125 0.21875
93 0.75859375 0.15390625 0.20078125 0.16484375
93 0.16953125 0.63203125 0.17890625 0.2546875
93 0.11640625 0.85234375 0.2140625 0.20078125
