93 0.41092200294349684 0.4919764086266428 0.25580961019938 0.346250389064902
93 0.6337271601756995 0.542837649439107 0.30884052798017125 0.32775624643570517
93 0.8164616260646325 0.6755598972139671 0.27671900644200953 0.38134657414918227
93 0.535381247625669 0.2510446663821729 0.2782403195962769 0.310751710691726
93 0.7437284980278406 0.1626273629912794 0.23675121353312245 0.30650292533790413
93 0.9108609897581545 0.3292794165814737 0.17315462568934237 0.26182205594965824
93 0.18495517395379418 0.3521465279978911 0.23609507009182928 0.24555292931959627
93 0.22505272746173838 0.16698902886829176 0.27976324745200254 0.2756254340398544
93 0.06393923955255815 0.4389901147265678 0.1278784791051163 0.2991733486006647
93 0.20616900915531233 0.5964014088679677 0.24600782611644156 0.3187151189299006
93 0.39304451785931027 0.8010576691475448 0.24906014063372606 0.3903369128484959
93 0.22175703876092312 0.9339035974154166 0.2514482382024259 0.13219280516916676
93 0.636946079545524 0.8865051273016868 0.2836347869801451 0.2269897453966262
93 0.15826334935152536 0.8145394343229279 0.2444816688577992 0.28290422197060283
