93 0.49184871701858424 0.7167094264933331 0.18287244792735063 0.2379530538167799
93 0.6110959531099506 0.8554184013016795 0.18623438016469218 0.2183066316952461
93 0.3741228094135224 0.8381147125852677 0.14073787717966524 0.20209348880333333
93 0.24906658789939978 0.6642519764083537 0.18515964555716768 0.22280967996260037
93 0.513330777321364 0.43147301551526795 0.16273787835350473 0.20666291849317625
93 0.6308688221526066 0.624982173813716 0.14750599593600722 0.17818380174784132
93 0.7487301933107724 0.7313484058317634 0.14641771497317246 0.20498443515940112
93 0.24386858163434977 0.4398866448173723 0.17299211140664617 0.17926711714088484
93 0.34752358513109227 0.5392941945971315 0.14393995386140912 0.180892765407482
93 0.32433551293745394 0.2989419570923235 0.19028495447587457 0.16797382297635893
93 0.4733700677912213 0.2396595021216333 0.1659399550352486 0.1854621950973248
93 0.7035493503747502 0.32302099499653303 0.1737606812582857 0.14935788118069038
93 0.7465202227506271 0.4397484805561414 0.14889186086920791 0.14680019229112828
93 0.8221535490279982 0.5519814986339144 0.16547393472376615 0.15850170613016734
93 0.6184967423183658 0.18782884241133468 0.16055770121210722 0.17798827269610384
93 0.14437252329127268 0.5749473849116573 0.15014857817315946 0.1515430238918793
