93 0.3221574288606215 0.34211651235235185 0.14836197933682888 0.20816838298438528
93 0.5519628048891038 0.4056396756347938 0.16888549672691688 0.22228407141223505
93 0.613076277494375 0.2775603891659241 0.13013602894028276 0.17570281267175414
93 0.5384789430710056 0.14103442365229743 0.14577981071897606 0.21412998631618335
93 0.4036407871742457 0.0928831243848913 0.1376445718818713 0.1857662487697826
93 0.28342299185272257 0.11612880434386053 0.11432072309096031 0.18053495570075484
93 0.22173136980438218 0.3061018909952523 0.13386555024982705 0.2556143005323524
93 0.42297412864051265 0.4746076009330703 0.13119905040173901 0.1881575300660785
93 0.7809351300437058 0.6259098278077453 0.1437291528318514 0.22631894834514343
93 0.8671800157008072 0.7453958420044644 0.1641862313805985 0.23965621693584804
93 0.2785457564875158 0.8990188901179219 0.1231302504059753 0.17510486309968487
