93 0.30774959544617597 0.5533621701836 0.32926829302272365 0.487237758869155
93 0.5780616523060608 0.5917102664400102 0.24692169065038289 0.42968457041889957
93 0.4276922631047477 0.20408174829372308 0.23276066192114775 0.3836462952184116
93 0.16252866737886248 0.26581165964020315 0.26181956286126556 0.39782914780527806
93 0.07967224197290615 0.6171147483757731 0.1593444839458123 0.3966500829200057
93 0.23145625218143331 0.8532170823521571 0.29219083264182705 0.27164771824924183
93 0.4875527206680048 0.8879928796341591 0.2262328916825287 0.22401424073168186
93 0.7143198508034501 0.823218279119849 0.30626456594053675 0.35356344176030197
93 0.7933442441688024 0.5176654875986049 0.2213786065675012 0.3772229226491822
93 0.6386092458397838 0.25749994681268334 0.2258708832812789 0.34983795289170705
93 0.8451449858995311 0.20228070346595795 0.28125335950118857 0.3046300069134408
