93 0.040711921974124765 0.8264295877069195 0.08142384394824953 0.1847349740882993
93 0.11448036870314696 0.8133252456918585 0.0878043840833232 0.13823353497457336
93 0.1385153561021006 0.912293088114825 0.10684087284626392 0.1454043411748671
93 0.21842701929354558 0.8466384064935608 0.09302774311867212 0.14938973529124588
93 0.2939474283962965 0.822223118546956 0.09377591176836453 0.13308098525713308
93 0.37470432351345034 0.8184049024910582 0.09470438545759208 0.15180798279033125
93 0.40830280518711914 0.9295800416206055 0.10333284255355268 0.13744667992116322
93 0.5181750390358705 0.8591531108295521 0.08972627182360404 0.1141992421090634
93 0.5214129590360008 0.9496789084190604 0.11415399221581879 0.10064218316187912
93 0.6394684090712359 0.8581268793308643 0.08621824153089275 0.10624158085535973
93 0.6631486553472024 0.9442824069059191 0.09311824290516169 0.11143518618816173
93 0.747709945007756 0.8994750741937061 0.10026348968079135 0.10693793612228042
93 0.8124092044482409 0.8408882665406361 0.09963138024225249 0.1255875608480429
93 0.8594325627454356 0.7759496306548734 0.07997590901982665 0.10593208962561718
93 0.9212821552898558 0.8063934340919305 0.08972627182360393 0.11419924210906363
93 0.8824406241122573 0.6589767053902933 0.08465765840312633 0.10616420804792415
93 0.9460887871628343 0.6058132522806883 0.08117518753507902 0.13012112810599819
93 0.7947647316856976 0.723464231410496 0.07529415963652719 0.1056999712033102
93 0.7232355856554087 0.6831540059585082 0.0966905190262547 0.16046856280048272
93 0.7587735619376073 0.5816642892709127 0.08861679856139748 0.15461965781612186
93 0.662856770985709 0.7177065207460684 0.0729467214553503 0.12115105686610417
93 0.658283822790592 0.6048416122985476 0.08156205157225704 0.1379240437448308
93 0.5369977107781974 0.7161597591307998 0.11550801634594232 0.13182332986958212
93 0.432986814359417 0.7156962168196298 0.08726277443127373 0.1273094530802077
93 0.3233978177823004 0.7173027443740851 0.08997151722496477 0.08774670174446841
93 0.1825519087566087 0.7024975896623278 0.0894810264222432 0.14065178247365873
93 0.26002563398038736 0.5913538789135279 0.08194891560943529 0.14572695938366342
93 0.3267949632864974 0.538345171418794 0.09038394068680677 0.12746419869507908
93 0.3661262907333736 0.6443290744271829 0.10884013339398024 0.12293063143712368
93 0.17196874647273253 0.5846414406017648 0.10578321296682902 0.1554707586979137
93 0.11198197026285034 0.437740762127513 0.08273577066284543 0.13019850091343382
93 0.03622874820434857 0.37219040180523627 0.06817447228556128 0.15049264506392557
93 0.2313987024511798 0.4272349726510726 0.08816568869583746 0.11412186930162793
93 0.38554755993316087 0.34727010700996813 0.09311824290516169 0.11981602867111774
93 0.41195554493795516 0.4299291993988219 0.10017298989430196 0.13651164274240868
93 0.47183213089276704 0.5001678725939251 0.09623940916069473 0.1199707742859889
93 0.473909458781363 0.6160378880858256 0.08924890799993623 0.13597003309035904
93 0.5900692750344252 0.5607846746420148 0.08414160817574068 0.12715470746533653
93 0.6462882595042937 0.4681424064936328 0.0849540226538148 0.1435408303068848
93 0.7746495035078533 0.48232857874590507 0.09924451620507435 0.11778464520921045
93 0.8622808405746121 0.4976242242603838 0.0813817465327219 0.10288829617751977
93 0.9222209778243617 0.4403658813127734 0.08219416101079613 0.11927441901906832
93 0.9425013004623557 0.3310798124758723 0.07660949736293288 0.1322298843753411
93 0.8410247107538142 0.32683087155643964 0.09338904773118639 0.1252780696183005
93 0.8796582938668821 0.2575652274103647 0.062177385175856026 0.12373061346958791
93 0.8885502977658966 0.15710104768801336 0.07775765702885717 0.09258976023216614
93 0.8344590655005079 0.20682727982281585 0.09011313586078207 0.12200215774789613
93 0.7888211597141837 0.13338350407521693 0.08486352286732535 0.17311453692701306
93 0.7880481261732712 0.24363673300506333 0.09954088045576293 0.15516126746817116
93 0.7007656612734166 0.31596586106781654 0.08246496583682073 0.12473645996625105
93 0.7035635147867092 0.19642650617880658 0.08219416101079602 0.11927441901906821
93 0.6469839202377705 0.359449760691553 0.11523721151991762 0.12636128892239928
93 0.5832649478692848 0.4298183146103075 0.07649343815177934 0.12988900968369133
93 0.5084277670544007 0.40889931904424776 0.08285182987399892 0.13253937560508366
93 0.5092781734027487 0.29708550698663483 0.07805402127954597 0.12996638249112696
93 0.44859573645938966 0.25887747431446295 0.09194452381457335 0.12754157150251472
93 0.45373446466433215 0.1394541786366065 0.06880658172410026 0.13184302033816303
93 0.49329652146662756 0.052953755172854694 0.09257663325311227 0.10590751034570939
93 0.5704300216133606 0.15227976326922812 0.09209926942944457 0.13066273775804765
93 0.2752870729803436 0.23620515813549142 0.09875402540235273 0.1706897259384007
93 0.16760683716445385 0.2308664344224329 0.05878541409429827 0.11811382690753375
93 0.3809417942904092 0.1561826101555322 0.06394452730126554 0.09657515434854502
