93 0.5420358914335701 0.4433988784882746 0.14498942113921742 0.14032279532124659
93 0.585414341416804 0.5204304423751942 0.1257525634682065 0.12320713120385879
93 0.6615902824895816 0.5600955988035916 0.10660198261787901 0.10380200712709653
93 0.6188727509617749 0.6543205291573513 0.14210602698482866 0.14100300633694463
93 0.49311018394379824 0.762095374840604 0.15829336771350738 0.1534570464112468
93 0.39210315053259925 0.7498830162858894 0.14863430135510275 0.14218587295208862
93 0.3354193248965368 0.6873404092062116 0.11066895792668102 0.10854776437305802
93 0.36271528899277683 0.5847248413906054 0.15168453283670424 0.14574519088655957
93 0.44956846932969824 0.6224420724460158 0.1382935949024614 0.13600270586454843
93 0.44280208613618305 0.49448632583911856 0.12965198691052648 0.12481566560826596
93 0.7518929241444039 0.8479611074603657 0.14939721649513782 0.14252454938139902
93 0.39709130383741753 0.8649583404899521 0.13897023322181296 0.1386308422532333
93 0.756657973950636 0.6494193672124857 0.13380452450074276 0.1283742690034676
93 0.8348018474959404 0.4980842288941313 0.13981942518253154 0.13668005872316935
