93 0.2453125 0.609375 0.1671875 0.2625
93 0.44921875 0.653125 0.1453125 0.2515625
93 0.39609375 0.4890625 0.134375 0.1859375
93 0.37265625 0.34453125 0.13125 0.15859375
93 0.25625 0.44296875 0.15234375 0.16953125
93 0.1671875 0.3359375 0.13828125 0.12578125
93 0.1203125 0.4890625 0.1671875 0.19140625
93 0.27421875 0.84140625 0.13125 0.18046875
93 0.34765625 0.71328125 0.1421875 0.15859375
93 0.3890625 0.890625 0.1453125 0.13125
93 0.70390625 0.22109375 0.1453125 0.20234375
93 0.778125 0.4375 0.178125 0.1640625
93 0.6015625 0.38828125 0.1453125 0.22421875
93 0.90703125 0.3140625 0.13828125 0.2734375
93 0.8453125 0.1390625 0.1453125 0.21875
93 0.64921875 0.10390625 0.14921875 0.14765625
93 0.52734375 0.24296875 0.09453125 0.18046875
