93 0.5015625 0.5 0.11796874999999996 0.24609375
93 0.65625 0.38828125 0.16328124999999993 0.18828125
93 0.69609375 0.55703125 0.16328124999999993 0.18281250000000004
93 0.7984375 0.66875 0.11796874999999996 0.18281249999999993
93 0.61640625 0.6828125 0.15312500000000007 0.20000000000000007
93 0.6617187499999999 0.8859375 0.13906249999999998 0.18828125000000007
93 0.48749999999999993 0.903125 0.14921874999999996 0.18828125000000007
93 0.40625 0.8203125 0.12187500000000001 0.16562500000000002
93 0.18046875 0.68828125 0.14921875000000004 0.26874999999999993
93 0.33828125 0.42265625 0.14609374999999997 0.15390625000000002
93 0.390625 0.5828125 0.13906250000000003 0.21718750000000003
93 0.0953125 0.4375 0.12187500000000001 0.20546875000000003
93 0.19453125 0.31171875 0.09687500000000002 0.17734375000000002
93 0.41328125000000004 0.24296875 0.11796875000000001 0.21171875000000004
93 0.5171875 0.26875 0.09687500000000004 0.18828125000000004
93 0.58125 0.13125 0.11093750000000002 0.18828125
