93 0.4054920506489586 0.7605702607565012 0.3058256358284498 0.30153653845817174
93 0.5769192414079896 0.6418077264389423 0.282881539470078 0.2781002505982927
93 0.42092614149946667 0.5682895496921024 0.22754061246168333 0.22522028109743458
93 0.2994898122717895 0.48648602546166547 0.2054619363408265 0.20423145758705818
93 0.2916244450304056 0.6387308691952733 0.22787146353593968 0.22709801974785682
93 0.15263113964486952 0.630443623524026 0.18634457944876814 0.18690708402191936
93 0.23222322686915242 0.7694027214675654 0.2539805972121123 0.25289074460163186
93 0.5944796423164773 0.8943288771495976 0.22141425591508412 0.21134224570080473
93 0.5512941290135696 0.7570338928903428 0.21294590462644802 0.21220761737418703
93 0.708954028357583 0.84818563089879 0.1951437818116606 0.19577659945645576
93 0.4361304770387302 0.16046040125660627 0.2469888204279982 0.24442239331299576
93 0.6447285661936397 0.25441211806660086 0.24152416602991167 0.24215698367470684
93 0.4880232162550982 0.34949226877352657 0.26294114000225577 0.25939032988423877
93 0.6429158176765823 0.10995788893116504 0.2940227365750075 0.21991577786233008
93 0.4730662971850851 0.06451723022578223 0.25895306010869135 0.12903446045156447
93 0.3132517807485279 0.12015582570344835 0.20978086730864737 0.20985118038029127
93 0.3312701657165261 0.304186345820072 0.19628950524192623 0.19242228630151165
