93 0.565625 0.4671875 0.09062499999999996 0.11484374999999997
93 0.5671875 0.628125 0.08359375000000002 0.09296875000000004
93 0.69453125 0.5109375 0.09062499999999996 0.109375
93 0.6890624999999999 0.6640625 0.06874999999999998 0.12031250000000004
93 0.6125 0.740625 0.061718750000000044 0.12578124999999996
93 0.53125 0.74296875 0.06562500000000004 0.09843749999999996
93 0.47265625 0.6585937500000001 0.061718750000000044 0.11484375000000002
93 0.46875 0.54921875 0.06171874999999999 0.11484374999999997
93 0.48515625 0.434375 0.07656249999999998 0.109375
93 0.71640625 0.2515625 0.09062499999999996 0.11484374999999997
93 0.7835937499999999 0.39374999999999993 0.07656249999999998 0.12031249999999999
93 0.9312500000000001 0.5328125 0.07968750000000002 0.12031250000000004
