93 0.48316293200270277 0.5595214842436484 0.18854624722804186 0.1881051998562756
93 0.6101695862259521 0.48525555701535295 0.2015414039759249 0.20161923586506014
93 0.7407769309560954 0.5407612473433858 0.2613593125258131 0.2577790456255923
93 0.8865774911177666 0.5373366442214353 0.19419871553423962 0.1934982285320226
93 0.7636274780234789 0.7137345025881527 0.2032426648241562 0.20212707441321764
93 0.9138258078323919 0.6601900596387296 0.17234838433521626 0.19555166415014114
93 0.9193747737363732 0.3418721948543587 0.16125045252725356 0.1752546661739191
93 0.7137157368002944 0.37672816553635524 0.2251779950097752 0.22437373215537776
93 0.6229903134077064 0.6076270778475343 0.18577742135740516 0.1842467275377455
93 0.641100293413027 0.7199279315807401 0.19461381894296093 0.19308312512330128
93 0.7439233286597366 0.8158719540829465 0.19660432592224542 0.19771991633318375
93 0.6259959505833781 0.8296934551107148 0.1974290123833159 0.19799977957030768
93 0.4889688593684286 0.7831798261465079 0.21747209108545906 0.21661594030497133
93 0.4884886226021308 0.8995163406834534 0.2579567908293505 0.20096731863309314
93 0.3572343366146752 0.9271647220906221 0.21654914912858003 0.14567055581875576
93 0.2278855475421822 0.795390596746739 0.22580065012285722 0.2237510770422959
93 0.34200082086972877 0.7368996928497069 0.22821178086723481 0.22686269478889065
93 0.33221387954543424 0.6260610839409548 0.21244779824871513 0.20949018646157602
93 0.2660264546180151 0.4430541462730011 0.19045505978063382 0.18840548670007262
93 0.1338933895246564 0.6754782320474679 0.17883879561169735 0.1779307569051195
93 0.05717493441805652 0.5795601535083066 0.11434986883611303 0.16811952943659464
93 0.2498606140222605 0.2958951171390566 0.19805718785276982 0.1962670544026594
93 0.32217356584698853 0.1986003507396912 0.1947694827212315 0.19292746134503086
93 0.4704332821415703 0.2763471784535124 0.23227780489012567 0.22942396895516687
93 0.507554102683603 0.39814793209870225 0.2094548596046018 0.2091694760111058
93 0.12426045415981754 0.4535675185625579 0.16846784166892453 0.16621071688400268
93 0.06278489769209333 0.43910073409629213 0.12556979538418667 0.18106279825838745
93 0.5557728550335984 0.1925609277065596 0.22929038660238416 0.22799318845013022
93 0.6256062271187427 0.060031940706147036 0.16805273826020328 0.12006388141229407
93 0.7476680782131979 0.1283750504711689 0.2384955200269432 0.2353563004984885
93 0.7583315939246533 0.25300755862582947 0.18680413916646443 0.1854291091250752
93 0.4318281353495962 0.07833098007793393 0.17909823524214818 0.15666196015586786
93 0.11468106453988358 0.3515653072393616 0.18859813515413204 0.18805331193018537
