93 0.3432348063257479 0.6606448073558533 0.23315921196634576 0.36687355995453613
93 0.49983867034381646 0.4484140834602889 0.2059232176523506 0.3122869035520474
93 0.6353735690747215 0.2637462328361797 0.1987502338825814 0.3355035443250488
93 0.8331988817209519 0.34649405057467775 0.24297217658785775 0.35465404678253937
93 0.7276845321244283 0.7781622392963191 0.2498352828733702 0.3774717059530064
93 0.9212781571538715 0.7865489235612315 0.1510479048839013 0.331866170913386
93 0.6417021735434001 0.5773150885618465 0.22057050049312832 0.3056614492128858
93 0.497755026891362 0.8414712668898607 0.24684732483870286 0.296230464720705
93 0.21867159443245834 0.8729646353696954 0.23609641136706644 0.2452132987298976
93 0.15608408486098663 0.6164824312532041 0.2560320952015155 0.318330825514195
93 0.10017833165368897 0.3750294901068219 0.20035666330737795 0.2551705915343899
93 0.29214082647344697 0.18251801921765182 0.19053741531629975 0.32045306023664377
93 0.126394388543495 0.1333673104978788 0.18863173431473723 0.2667346209957576
