93 0.32734375 0.53359375 0.13984375 0.23515625
93 0.4828125 0.62421875 0.2015625 0.23671875
93 0.6 0.328125 0.14140625 0.26484375
93 0.73359375 0.59921875 0.18359375 0.2109375
93 0.89765625 0.634375 0.1546875 0.25
93 0.87578125 0.4171875 0.16171875 0.19140625
93 0.72265625 0.20859375 0.19921875 0.24375
93 0.896875 0.18125 0.14765625 0.23671875
93 0.4078125 0.303125 0.1171875 0.19375
93 0.2359375 0.171875 0.15234375 0.19609375
93 0.09375 0.171875 0.10234375 0.24921875
93 0.134375 0.5796875 0.17109375 0.19921875
93 0.2046875 0.7828125 0.19453125 0.23671875
93 0.40390625 0.83671875 0.18671875 0.22421875
93 0.58671875 0.84765625 0.18828125 0.24765625
