93 0.340625 0.50546875 0.10312500000000002 0.12890625
93 0.3421875 0.39609375 0.10000000000000003 0.12109375
93 0.21484375 0.3765625 0.11015624999999998 0.13203125
93 0.165625 0.62890625 0.12109375 0.15000000000000002
93 0.253125 0.58203125 0.11328125 0.15000000000000002
93 0.32421875 0.65546875 0.11328125 0.11796874999999996
93 0.259375 0.7640625 0.15156250000000002 0.13203125000000004
93 0.440625 0.6664062500000001 0.10312500000000002 0.15000000000000002
93 0.55390625 0.6109374999999999 0.09999999999999998 0.10390624999999998
93 0.60546875 0.74140625 0.11562499999999998 0.16093750000000007
93 0.46796874999999993 0.8 0.14140624999999996 0.125
93 0.07734374999999999 0.8484375 0.12890625 0.11093750000000002
93 0.58984375 0.44296875 0.10546875 0.15390624999999997
93 0.6671875 0.525 0.12343749999999998 0.12890625
93 0.7390625 0.45 0.08203125 0.14609375000000002
93 0.8203125 0.5765625 0.09765625 0.11796874999999996
93 0.9109375 0.51796875 0.07968750000000002 0.12890625
93 0.9328125 0.64140625 0.11328125 0.15000000000000002
93 0.7015625 0.7 0.11796874999999996 0.14609375000000002
93 0.4859375 0.3265625 0.11015624999999996 0.14999999999999997
93 0.434375 0.5125 0.10546875 0.11406249999999996
93 0.05234375 0.57265625 0.1046875 0.18906249999999997
93 0.6234375000000001 0.18359375 0.08750000000000002 0.10703125
93 0.6828125 0.34609375 0.11328125 0.1359375
93 0.840625 0.38593750000000004 0.12578125000000007 0.11406250000000001
