93 0.5097569233907624 0.450164893924972 0.21014335056940947 0.2309720772223659
93 0.6957829100525446 0.455232432061036 0.23167288249520723 0.22088657762135477
93 0.6308916194609278 0.6544326378035361 0.1923439316940262 0.21652013227335065
93 0.7996787739625562 0.6703565900922583 0.2170539750468995 0.2386265847946044
93 0.6907958912567403 0.7744036576517724 0.19475887735779063 0.21930701948448927
93 0.531716946020413 0.7872757569487037 0.18389147811324158 0.17087352395514388
93 0.47752131841615364 0.6241969591234103 0.19654847581585577 0.20919448842657928
93 0.38636774530691526 0.7400923808003201 0.23980716992719697 0.2345999882639579
93 0.21588278429459068 0.6455749998844873 0.25054504819080614 0.24570980807494125
93 0.255778245629774 0.48640455021600937 0.20658554880662355 0.2095610811856174
93 0.37923132165843587 0.5068024986498947 0.20386877087429095 0.21539895884289184
93 0.446510526456918 0.3372554146885097 0.21932335336471587 0.2353168399018074
93 0.5458414648200531 0.22782321787457355 0.20918913963824315 0.2069574903539978
93 0.31074565033133583 0.2807788486441066 0.23760790088818656 0.24616255647779361
93 0.17919037960070086 0.3706380744896025 0.17238832160153955 0.20214364539147733
93 0.08570859150194915 0.2978715384278758 0.14978604285552632 0.20185785948791746
93 0.0820350048120396 0.4270439562247629 0.1640700096240792 0.19336796438878018
93 0.17436641209194495 0.1635082728479762 0.16538055638834476 0.16649638103046738
93 0.2860846086191424 0.09364773491687406 0.16466905353883127 0.17657118305480635
93 0.47055806860095784 0.12391044505389862 0.1633375522719545 0.16333755227195462
93 0.6027006699885026 0.12594838789717105 0.14111791264998774 0.14186179574473623
93 0.6712133727725015 0.3208688789659179 0.19320100188948763 0.2125419623529473
93 0.810708361948498 0.42059879033332614 0.14751102823415552 0.14379161276041325
93 0.8241255766260873 0.31372147022554797 0.18466239266488882 0.18986957432812795
