93 0.4563556436822287 0.49686264232674693 0.1385341333343046 0.18456686003389972
93 0.5695721539129561 0.6772502467423513 0.12291992370451388 0.16541167142721702
93 0.7313189016755427 0.5270608274794131 0.14000243556778202 0.20090727397032326
93 0.7075273553046197 0.1633156567412399 0.14305398046684825 0.1919194903479567
93 0.23034582323525277 0.5416590625481295 0.1455191593672317 0.20217482299750256
93 0.2803485927826746 0.33436479238168837 0.13038537955963958 0.19695578432520783
93 0.164271741912095 0.3953146520623655 0.12702926016883392 0.15960626675623968
93 0.08086248487665029 0.3109487651646087 0.128802136894051 0.22228398188399784
93 0.18517968384169775 0.2324698659299309 0.16098452643344496 0.22826312699439155
93 0.0855338341552708 0.110562712512535 0.11789263398289013 0.1695909270455122
93 0.14223131478972115 0.6929740776392543 0.12609329840027578 0.17495880828138433
93 0.07528218659635322 0.5214503121582779 0.12238546834855202 0.20241159322630958
93 0.038722981670780504 0.7457931920565206 0.07744596334156101 0.18190993218284512
