93 0.34765625 0.66484375 0.2234375 0.3609375
93 0.4984375 0.4484375 0.19765625 0.30703125
93 0.62890625 0.26015625 0.18984375 0.33046875
93 0.82890625 0.3375 0.23359375 0.3484375
93 0.73515625 0.771875 0.23984375 0.37109375
93 0.92890625 0.775 0.1421875 0.328125
93 0.64375 0.5734375 0.2125 0.3
93 0.50703125 0.84140625 0.2390625 0.28984375
93 0.22890625 0.88046875 0.2296875 0.2390625
93 0.159375 0.62578125 0.24765625 0.31171875
93 0.096875 0.3859375 0.19375 0.25
93 0.28359375 0.18828125 0.18203125 0.315625
93 0.11640625 0.1375 0.18125 0.27421875
