93 0.5805864029663904 0.4449678572553862 0.332711595721736 0.32551232303548916
93 0.7826873379070505 0.6682808955506762 0.30091348308655697 0.29556748851756187
93 0.7821988696292965 0.4723450012382975 0.2979288711273528 0.2897316794548937
93 0.9128532633017318 0.5614863417309992 0.17429347339653645 0.2658865243532966
93 0.9053033066021978 0.41415529232318926 0.18939338679560436 0.2471431296818179
93 0.7389292611523912 0.31681837329992696 0.2609743949914364 0.2539176821603629
93 0.5374335324882578 0.23130773661442527 0.3091182066165504 0.29728573863717456
93 0.6291788765877286 0.12068280239934037 0.2702558492927633 0.24136560479868074
93 0.34959907428027026 0.08516387638553849 0.2570160727605218 0.17032775277107698
93 0.3424697353056908 0.18689334372239724 0.28343187775495293 0.2788699623894104
93 0.43802492306526747 0.36339725280193313 0.2348983127779708 0.23368655400899863
93 0.2762606283551098 0.4386242106261582 0.2273230042390057 0.22582612575968702
93 0.128413942597226 0.463682737638626 0.2355610814829342 0.22971612742083303
93 0.42280167984383143 0.6245642382194452 0.318059938136912 0.30929250704376005
93 0.6203390862770504 0.631722358408243 0.25553291178035276 0.2483336390941061
93 0.6288593238735074 0.7806382430799259 0.2143107849886735 0.20796687143346604
93 0.6539345277429427 0.8874997984715249 0.29178669299765403 0.22500040305695013
93 0.4495163220477585 0.7894648497434131 0.3344935939114009 0.3237303248458242
93 0.32390574741309697 0.8673366967458771 0.2241745830679443 0.22346178379207826
93 0.20553667725207098 0.7061472139561288 0.2435215708740509 0.2438066905843972
93 0.09516344230190255 0.6508619589991844 0.1903268846038051 0.2733905529646752
93 0.17684879264832232 0.2795306269506397 0.28851696132810345 0.28481040509360017
