93 0.7230841292358141 0.724385444555593 0.3126664067039603 0.3126798643160802
93 0.749761612705687 0.531533806609406 0.2186934215895201 0.2188279977107203
93 0.8422556330773073 0.6490132668495125 0.1950119975062934 0.19500078282952682
93 0.646088981394173 0.34999535572431284 0.23254108088460024 0.23260164013914025
93 0.8128835139031065 0.330874187313979 0.21764464290441354 0.2176670722579469
93 0.7865666854949934 0.42925985189811916 0.21429195679658686 0.21439064595213353
93 0.9253554538417035 0.46535437171054544 0.14928909231659315 0.23199650512386694
93 0.9011308320211737 0.533436228603879 0.17730296330830686 0.17735455082143353
93 0.9218556378819904 0.6603887985703722 0.15628872423601925 0.21941518924316694
93 0.30665537380620644 0.5026022178247139 0.2501873128926935 0.25031067433712706
93 0.45214192065058684 0.6000866799269403 0.20931002927726683 0.20942890485099364
93 0.22626089574444594 0.35858163564116063 0.15631301693380012 0.15636011857622023
93 0.4074566350506062 0.3582137942432134 0.15191155214086682 0.1519227668176335
