93 0.4484375 0.57109375 0.1640625 0.1859375
93 0.5515625 0.3875 0.16953125 0.22109375
93 0.76953125 0.3 0.17421875 0.19296875
93 0.7875 0.5265625 0.15390625 0.19609375
93 0.84453125 0.7875 0.1875 0.25390625
93 0.49375 0.85390625 0.1640625 0.14609375
93 0.278125 0.81640625 0.0921875 0.17890625
93 0.1921875 0.7015625 0.16640625 0.14609375
93 0.271875 0.58359375 0.13359375 0.17109375
93 0.3 0.40390625 0.17421875 0.2609375
93 0.1578125 0.35703125 0.1484375 0.25703125
93 0.32578125 0.19453125 0.1484375 0.22890625
93 0.4625 0.1265625 0.1875 0.253125
93 0.7015625 0.09296875 0.14609375 0.1859375
