93 0.578125 0.86953125 0.20937500000000003 0.17578125
93 0.80703125 0.8234375 0.18359375 0.18828125000000007
93 0.8375 0.56171875 0.20781249999999996 0.15703125000000007
93 0.71953125 0.4 0.1796875 0.14375
93 0.56015625 0.44375 0.18203125000000003 0.15625
93 0.56875 0.5914062500000001 0.18124999999999997 0.16562500000000002
93 0.40546875 0.5140625 0.17734375000000002 0.15703124999999996
93 0.51953125 0.29921875 0.19296874999999997 0.15625
93 0.453125 0.17109375 0.20078124999999997 0.17499999999999996
93 0.6703125 0.09921875 0.17500000000000004 0.15468750000000003
93 0.78984375 0.2265625 0.19687500000000002 0.18671875000000002
93 0.91015625 0.33828125 0.1796875 0.16250000000000003
93 0.87109375 0.43515625 0.19843749999999993 0.15390624999999997
93 0.6625 0.26640625 0.14921874999999996 0.15703125000000004
