93 0.43984375 0.84140625 0.15625 0.1640625
93 0.3984375 0.69375 0.12343750000000003 0.13671875
93 0.3421875 0.5953124999999999 0.10546875 0.15859374999999998
93 0.25078125 0.80078125 0.09453124999999998 0.12578125000000007
93 0.5875000000000001 0.6968750000000001 0.14218750000000002 0.16953125000000002
93 0.7234375 0.62265625 0.09843749999999996 0.12578124999999996
93 0.83984375 0.6640625 0.09453124999999996 0.12031250000000004
93 0.8671875 0.4375 0.09453124999999996 0.09843750000000001
93 0.63125 0.28671875 0.09453124999999996 0.16953124999999997
93 0.721875 0.2734375 0.10546875 0.13125000000000003
93 0.5015625 0.35234375 0.09453124999999996 0.10390624999999998
93 0.5015625 0.23203125 0.09453124999999996 0.12578125
93 0.5453125 0.15 0.10546875 0.10390625000000002
93 0.44921875 0.153125 0.13125000000000003 0.14218750000000002
