93 0.6140625 0.49453125 0.11796875 0.159375
93 0.6828125 0.5734375 0.10546875 0.15
93 0.775 0.60625 0.10234375 0.1578125
93 0.85859375 0.6734375 0.10625 0.15390625
93 0.79765625 0.7921875 0.10546875 0.159375
93 0.80859375 0.915625 0.12109375 0.1453125
93 0.70546875 0.93984375 0.1078125 0.1203125
93 0.68203125 0.8171875 0.08671875 0.11171875
93 0.7046875 0.715625 0.10625 0.15
93 0.59921875 0.77265625 0.11484375 0.146875
93 0.53203125 0.8515625 0.11640625 0.1375
93 0.61484375 0.9125 0.10859375 0.15
93 0.51484375 0.6921875 0.1046875 0.1578125
93 0.5875 0.6296875 0.1078125 0.16328125
93 0.353125 0.434375 0.11875 0.13203125
93 0.0984375 0.4515625 0.090625 0.14296875
