93 0.3364611930461603 0.5172245347303558 0.2792873825430664 0.2998496975879876
93 0.5078851085729499 0.2809319658680943 0.3009568857551185 0.3481292555640555
93 0.6804629019237052 0.18836990387556413 0.32575046926534157 0.35316688932523665
93 0.8263835677428487 0.344187292831227 0.3325741004366536 0.3833751140770473
93 0.8156990360170677 0.5969865159849252 0.30265244052560547 0.35466300210981816
93 0.5851358061873733 0.7520299712710545 0.31975937855744235 0.3447567027296996
93 0.6013178033334701 0.49054923360288755 0.33445815894734354 0.3784050675727636
93 0.3856875683993729 0.7109410925923442 0.32446903538849664 0.3873655284670794
93 0.24157575537310658 0.590015410052013 0.32101365837541224 0.3980215441318822
93 0.24218833936131212 0.3251435628428723 0.3058517265415893 0.32883313747414844
93 0.4262918022535182 0.1511691245339007 0.3154976362484786 0.3023382490678014
