93 0.563815576580105 0.2920029392903021 0.22554369999053525 0.30257694681229813
93 0.707371412915341 0.4593371277968754 0.22464262313622974 0.26245894430327676
93 0.8918385794052384 0.5545769270931831 0.15579021053220776 0.22021801696495502
93 0.4773956772376102 0.5220950243327814 0.18771148437646645 0.2626438244667264
93 0.2818253004042546 0.4438106171472871 0.22608361667402493 0.3080189792026271
93 0.1354902731914798 0.20161757235976857 0.22508091426183002 0.2979123476205875
93 0.4411329166026553 0.17541493060595026 0.21108711668669827 0.29652399043447153
93 0.6176261471360596 0.11363159473366477 0.1579033645652631 0.20272270817065224
93 0.7653751967782176 0.17539525378847703 0.17079283417031066 0.22401580470171034
93 0.8955395593697364 0.21657224220684168 0.1579033645652631 0.2027227081706522
