93 0.4765625 0.41875 0.08984375 0.12343749999999998
93 0.5765625 0.421875 0.12187499999999996 0.14375
93 0.5859375 0.265625 0.12109375 0.18515624999999997
93 0.70390625 0.53125 0.15000000000000002 0.17890624999999993
93 0.7609375 0.41015625 0.09609374999999998 0.11562500000000003
93 0.878125 0.5390625 0.12109375 0.15625
93 0.92578125 0.771875 0.12109375 0.15156250000000004
93 0.8374999999999999 0.68125 0.08437499999999998 0.12578124999999996
93 0.7578125 0.61328125 0.11250000000000004 0.13515624999999998
93 0.8374999999999999 0.8374999999999999 0.14687499999999998 0.17812499999999998
93 0.70390625 0.81171875 0.10312500000000002 0.16953125000000002
93 0.66875 0.9328125 0.12656250000000002 0.12890625
93 0.5874999999999999 0.796875 0.11562499999999998 0.17656250000000007
93 0.50625 0.75078125 0.10000000000000003 0.16328124999999993
93 0.5234375 0.5765625 0.09921874999999997 0.15625
93 0.42578125 0.6265624999999999 0.12031249999999999 0.13906249999999998
93 0.3859375 0.7703125 0.1015625 0.16953125000000002
93 0.47578125000000004 0.86953125 0.11796875000000001 0.18046874999999996
93 0.290625 0.8453125000000001 0.13203125000000002 0.15390625000000002
93 0.20156249999999998 0.91875 0.14843749999999997 0.15000000000000002
93 0.11640625 0.815625 0.10468750000000002 0.12421875000000004
93 0.17890625 0.6921875 0.12734374999999998 0.14140625000000007
93 0.2640625 0.63125 0.12968749999999998 0.12812500000000004
93 0.35546875 0.52734375 0.10312499999999997 0.12187499999999996
93 0.175 0.57890625 0.128125 0.12656250000000002
93 0.115625 0.50234375 0.1015625 0.1484375
93 0.05078125 0.43203125 0.1015625 0.1296875
93 0.0984375 0.290625 0.11015624999999998 0.12031250000000002
93 0.03203125 0.22890625 0.06328124999999998 0.11953125000000003
93 0.146875 0.39765625 0.09687499999999999 0.1171875
93 0.234375 0.415625 0.08984375 0.12890625
93 0.3140625 0.26015625 0.11874999999999997 0.140625
93 0.32109375 0.3859375 0.10703125000000002 0.1015625
93 0.4515625 0.25859375 0.12968749999999996 0.14374999999999996
93 0.446875 0.1375 0.12578124999999996 0.14218750000000002
93 0.6500000000000001 0.1328125 0.11484375000000002 0.13359375
93 0.6578125000000001 0.27578125 0.11875000000000002 0.14687500000000003
93 0.76484375 0.275 0.10703125000000002 0.16484374999999998
93 0.74765625 0.13828125 0.07421875 0.1015625
93 0.8171875 0.178125 0.10468750000000004 0.11953125000000002
93 0.86953125 0.07578125 0.078125 0.1515625
