93 0.48906250000000007 0.23828125 0.19453125000000004 0.33281249999999996
93 0.66796875 0.2 0.18671874999999993 0.32734374999999993
93 0.77109375 0.4515625 0.21484375 0.3687500000000001
93 0.6898437499999999 0.703125 0.22499999999999998 0.37968750000000007
93 0.49765625 0.73828125 0.18124999999999997 0.35859374999999993
93 0.56953125 0.45703125 0.17109374999999993 0.25937499999999997
93 0.39140625 0.51953125 0.203125 0.35312499999999997
93 0.22734375 0.7054687500000001 0.22499999999999998 0.39296875
93 0.19296875 0.4828125 0.19609375 0.26171875
93 0.32265625 0.3 0.17656249999999998 0.23828125
