93 0.3535319359759257 0.5281312800340148 0.3014584767127329 0.31355871326011087
93 0.513913708555795 0.29438007575754144 0.28022780684002147 0.33579926357612766
93 0.6070888363259344 0.4784652877969139 0.3397032959608065 0.40154894942518277
93 0.6200645423198683 0.7446780386376821 0.31214955263373423 0.36548022482402975
93 0.39722903161487344 0.7232946289959374 0.32157306690766196 0.3722147976429846
93 0.23275544595236555 0.3526685063029429 0.29340387152933706 0.3377714055363896
93 0.4179836916320501 0.1589272924857222 0.33296872314185155 0.3178545849714444
93 0.657915112583839 0.16399444754567902 0.30454795615051955 0.3215779186986811
93 0.8247394554258614 0.34380204318008845 0.32303110426012926 0.3727765211771275
93 0.8102994230807493 0.5877314765695109 0.296057413239484 0.36238463579548186
