93 0.54453125 0.50703125 0.17031250000000003 0.25703124999999993
93 0.3625 0.5609375 0.21250000000000002 0.18906249999999997
93 0.4234375 0.3765625 0.16796875 0.2109375
93 0.24843750000000003 0.41640625 0.22421875000000002 0.23906249999999996
93 0.1484375 0.7015625 0.23671874999999998 0.19999999999999996
93 0.5046875 0.74140625 0.1796875 0.18593749999999998
93 0.72734375 0.59453125 0.16171875000000002 0.26406250000000003
93 0.61640625 0.23046875 0.15546874999999993 0.17500000000000002
93 0.8296875 0.31953125 0.19140625 0.22499999999999998
93 0.30390625 0.1640625 0.18593749999999998 0.16796875
