22 0.6021758102139289 0.4434725048018472 0.40950902445923404 0.4019829854607395
22 0.36133265936156517 0.7019811700489103 0.4182503295643726 0.40206224568081816
22 0.657180729521974 0.7498181066916539 0.3739510215388925 0.3757970311045611
22 0.8082206134954997 0.5390498065384396 0.38355877300900054 0.3907589303479015
22 0.3351700133172094 0.3775643053751232 0.4494397448951868 0.4304116462952193
22 0.6480769543495951 0.18213349137885557 0.40128989729821263 0.36426698275771113
22 0.37168258918437597 0.14886252069022968 0.3760622500027039 0.29772504138045935
22 0.14917912280738294 0.3535350086696818 0.29835824561476587 0.4317794358590141
22 0.16732748189533986 0.5941335902543236 0.3346549637906797 0.37304266940347275
22 0.4366643335223843 0.8330013120939459 0.39996380280749927 0.3339973758121081
22 0.8498012299088973 0.7676662414628128 0.30039754018220555 0.2982786023736964
22 0.9486721567123221 0.42467924437275084 0.10265568657535584 0.2438206405662735
22 0.8359711420696716 0.28581355527799956 0.30815178343931615 0.30928778932588125
