22 0.53828125 0.24765625 0.37890625 0.3234375
22 0.56328125 0.51484375 0.2984375 0.19765625
22 0.5296875 0.64765625 0.31875 0.24296875
22 0.7515625 0.73984375 0.2078125 0.24921875
22 0.846875 0.53984375 0.30546875 0.215625
22 0.7375 0.09140625 0.33984375 0.1828125
22 0.2953125 0.328125 0.165625 0.35625
22 0.26875 0.76796875 0.19765625 0.2984375
22 0.53359375 0.84140625 0.28828125 0.1890625
22 0.1609375 0.4328125 0.16484375 0.2890625
22 0.17734375 0.13671875 0.15859375 0.2734375
22 0.7875 0.37890625 0.12578125 0.25
22 0.07109375 0.790625 0.14140625 0.278125
22 0.06796875 0.4921875 0.1359375 0.3
