47 0.6578125 0.454375 0.6115625 0.446875 0.5653125 0.453125 0.5178125 0.473125 0.5140625 0.480625 0.5053125 0.481875 0.4815625 0.499375 0.4534375 0.53 0.4521875 0.5425 0.4440625 0.544375 0.4390625 0.551875 0.4459375 0.5225 0.4115625 0.474375 0.3778125 0.449375 0.3465625 0.449375 0.3084375 0.43625 0.3265625 0.436875 0.3490625 0.445625 0.3815625 0.446875 0.4128125 0.434375 0.4371875 0.4075 0.4496875 0.38 0.4521875 0.33875 0.4371875 0.28875 0.4134375 0.24125 0.3796875 0.20125 0.3615625 0.186875 0.3015625 0.159375 0.2728125 0.154375 0.2365625 0.155625 0.1865625 0.179375 0.1634375 0.20125 0.1484375 0.2275 0.1434375 0.26375 0.1496875 0.29 0.1784375 0.34625 0.2246875 0.39 0.2228125 0.394375 0.2334375 0.3975 0.2334375 0.40875 0.2415625 0.410625 0.2371875 0.405 0.2453125 0.404375 0.2453125 0.410625 0.2615625 0.413125 0.2796875 0.42625 0.2353125 0.434375 0.1865625 0.466875 0.1709375 0.48625 0.1309375 0.56875 0.1271875 0.60375 0.1309375 0.625 0.1484375 0.675 0.1634375 0.7025 0.2015625 0.740625 0.2278125 0.755625 0.2803125 0.768125 0.3353125 0.765625 0.3840625 0.748125 0.4296875 0.71375 0.4371875 0.6975 0.4284375 0.65625 0.4315625 0.654375 0.4359375 0.65625 0.4371875 0.6875 0.4521875 0.72375 0.4790625 0.754375 0.5603125 0.806875 0.583515625 0.8125 0.6644951875 0.8125 0.6815625 0.809375 0.7115625 0.793125 0.7584375 0.74875 0.78125 0.712730265625 0.78125 0.586354171875 0.7571875 0.5325 0.7415625 0.513125 0.6915625 0.469375 0.6578125 0.454375
47 1 0.135564359375 0.9584375 0.1275 0.8871875 0.13125 0.8321875 0.15 0.7765625 0.199375 0.7665625 0.226875 0.7728125 0.279375 0.7665625 0.361875 0.7728125 0.381875 0.7915625 0.406875 0.8209375 0.43125 0.8396875 0.44 0.8603125 0.433125 0.8228125 0.476875 0.7990625 0.529375 0.7915625 0.606875 0.8028125 0.663125 0.8253125 0.711875 0.8559375 0.745 0.891294640625 0.765625 0.9728125 0.765625 1 0.753267046875 1 0.4240625 0.9965625 0.420625 1 0.4171875 1 0.135564359375
47 0.984375 1 0.984375 0.948125 0.97875 0.92 0.955 0.8725 0.91625 0.825 0.886875 0.799375 0.838125 0.775625 0.789375 0.771875 0.76875 0.78 0.769333546875 1 0.984375 1
47 0.59375 1 0.59375 0.802854171875 0.585 0.8034375 0.560625 0.8203125 0.536875 0.8653125 0.53 0.8946875 0.495 0.8921875 0.489375 0.8965625 0.478125 0.9428125 0.478125 0.9928125 0.47963815625 1 0.59375 1
47 0.32775 1 0.34125 0.983125 0.35625 0.951875 0.359375 0.938928578125 0.359375 0.868125 0.3575 0.859375 0.34125 0.821875 0.295625 0.7725 0.254375 0.75 0.184375 0.74125 0.1475 0.751875 0.148038234375 1 0.32775 1
47 0 0.84375 0.0355570625 0.84375 0.0871875 0.83125 0.1259375 0.8075 0.15625 0.7650625 0.15625 0.697625 0.1503125 0.688125 0.1215625 0.614375 0.1121875 0.605 0.0928125 0.598125 0.1165625 0.555625 0.1303125 0.515625 0.1315625 0.463125 0.1203125 0.418125 0.1284375 0.4175 0.1365625 0.408125 0.1540625 0.359375 0.1553125 0.336875 0.1465625 0.298125 0.1303125 0.268125 0.0921875 0.22875 0.0571875 0.2125 0.0390625 0.218125 0.0515625 0.168125 0.0490625 0.129375 0.0215625 0.074375 0 0.051580359375 0 0.26875 0.0103125 0.261875 0.0271875 0.2375 0.0290625 0.243125 0.0140625 0.261875 0.0115625 0.273125 0 0.27775 0 0.84375
47 0.549486328125 0 0.549963421875 0.1875 0.6334375 0.1875 0.635 0.186875 0.653125 0.1675 0.659375 0.15125 0.650625 0.12875 0.651875 0.07 0.659375 0.04 0.671875 0.012983875 0.671875 0 0.549486328125 0
47 0.28375 0 0.28125 0.0025 0.2675 0.0275 0.24875 0.0975 0.22875 0.13875 0.226875 0.178125 0.236875 0.194375 0.255625 0.194375 0.278125 0.223125 0.309375 0.243125 0.33491071875 0.25 0.399861109375 0.25 0.40625 0.2477 0.40625 0 0.28375 0
47 0.645625 0.1096875 0.615625 0.1021875 0.548125 0.1046875 0.518125 0.1196875 0.495 0.1403125 0.4775 0.1665625 0.465 0.2015625 0.46625 0.2515625 0.49 0.3440625 0.518125 0.3784375 0.559375 0.4046875 0.56421875 0.40625 0.694625 0.40625 0.704375 0.4021875 0.726875 0.3871875 0.74875 0.3628125 0.76125 0.3440625 0.765625 0.331484375 0.765625 0.23765625 0.7575 0.2153125 0.73375 0.1753125 0.685625 0.1296875 0.645625 0.1096875
47 0.7315625 0 0.7315625 0.0115625 0.7415625 0.0340625 0.7871875 0.0734375 0.8278125 0.09375 0.9535 0.09375 0.984375 0.08803240625 0.984375 0 0.7315625 0
