47 0.171736671875 0.935964890625 0.3219513125 0.875274234375 0.339258640625 0.863366421875 0.384303625 0.814271546875 0.3956724375 0.784015734375 0.370991796875 0.722929 0.35949128125 0.715319421875 0.31443725 0.70599734375 0.2655125 0.71003559375 0.2129681875 0.730141390625 0.16337965625 0.76590509375 0.11805659375 0.81848275 0.1043738125 0.855524390625 0.13215475 0.924284640625 0.169869984375 0.93629778125 0.171736671875 0.935964890625
47 0.116106421875 0.33954740625 0.083297828125 0.361228984375 0.056752109375 0.40397315625 0.04743 0.4490271875 0.049712296875 0.493605765625 0.0567945 0.527819 0.08565096875 0.59367990625 0.109737390625 0.62270821875 0.129521703125 0.63830778125 0.178733921875 0.661397609375 0.1841221875 0.661327125 0.2564894375 0.632088859375 0.2608283125 0.628229328125 0.2670335625 0.576851140625 0.282369984375 0.536950609375 0.280716765625 0.506442171875 0.276180625 0.488263109375 0.251377421875 0.426873046875 0.244017078125 0.41004590625 0.2107995 0.3695399375 0.168728484375 0.34187965625 0.116106421875 0.33954740625
47 0.316437046875 0.515603171875 0.292291640625 0.5253585625 0.2699605 0.55628865625 0.262745703125 0.59543565625 0.264998828125 0.63159996875 0.281417015625 0.68057853125 0.294060140625 0.700748546875 0.331506890625 0.733647578125 0.3589533125 0.74235971875 0.404287609375 0.72404346875 0.4128403125 0.70415715625 0.438244546875 0.6669298125 0.4356298125 0.632651171875 0.419897265625 0.59371175 0.3981204375 0.587084 0.368253703125 0.564604125 0.33540203125 0.51805209375 0.316437046875 0.515603171875
47 0.55547971875 1 0.563663046875 0.99669371875 0.572444546875 0.989354046875 0.592185796875 0.936719984375 0.592976625 0.88584415625 0.581709515625 0.8273694375 0.54324734375 0.732172203125 0.537283453125 0.7229725 0.5012121875 0.696258578125 0.459009265625 0.686346296875 0.431000578125 0.69766253125 0.40755715625 0.74252371875 0.40201015625 0.816386296875 0.41254528125 0.898075578125 0.434816703125 0.961541375 0.466491125 1 0.55547971875 1
47 0.14813434375 0.13449328125 0.129579 0.138619703125 0.104282390625 0.151087140625 0.082107515625 0.171281109375 0.06648103125 0.197255421875 0.105780625 0.29035428125 0.14657371875 0.312070921875 0.195882046875 0.319533734375 0.318293 0.2700765 0.32730553125 0.260958265625 0.33888090625 0.226347515625 0.316242234375 0.170314859375 0.30458328125 0.165093859375 0.277999375 0.141006765625 0.219794671875 0.132504 0.14813434375 0.13449328125
47 0.48377175 0.073317109375 0.43840821875 0.044459265625 0.4105729375 0.03604465625 0.379535234375 0.0384734375 0.331727328125 0.057789078125 0.300860078125 0.081495 0.27587296875 0.1134981875 0.262560875 0.151457359375 0.28764678125 0.2177181875 0.297455984375 0.229483671875 0.3219766875 0.2442930625 0.35087046875 0.25115653125 0.37068965625 0.248906875 0.46433634375 0.21107115625 0.490113984375 0.187034203125 0.510808734375 0.144407015625 0.50520215625 0.1034185 0.48377175 0.073317109375
47 0.483149359375 0.31230671875 0.48287128125 0.315789484375 0.473873953125 0.328974171875 0.45504053125 0.336583375 0.45133575 0.342012359375 0.45406725 0.348773078125 0.44755025 0.36601128125 0.45939121875 0.364035890625 0.46332028125 0.367504078125 0.443513578125 0.38730296875 0.43008484375 0.391605078125 0.42913846875 0.397604796875 0.45633234375 0.402346375 0.4810728125 0.396844484375 0.493945390625 0.399507953125 0.544538625 0.3745730625 0.561308828125 0.3576861875 0.582339984375 0.328404796875 0.58842259375 0.301749359375 0.572406265625 0.262107546875 0.545381671875 0.2411008125 0.51777740625 0.240035875 0.475457078125 0.25713440625 0.470160125 0.2759861875 0.4753450625 0.292990390625 0.47289615625 0.311955390625 0.483149359375 0.31230671875
47 0.494364203125 0.255253234375 0.50214159375 0.280759546875 0.523374640625 0.29577378125 0.550908828125 0.29405834375 0.60752053125 0.27118571875 0.624785375 0.2548011875 0.64397759375 0.225139296875 0.646387609375 0.19495525 0.63762078125 0.17325659375 0.6162723125 0.1565663125 0.584090859375 0.1499076875 0.551384671875 0.173233109375 0.494364203125 0.255253234375
47 0.60158384375 0.0625116875 0.597098625 0.066009046875 0.60451271875 0.0843595625 0.600839359375 0.1128070625 0.583764171875 0.139366671875 0.554848 0.16790165625 0.5084888125 0.186631984375 0.50870259375 0.18785628125 0.511629234375 0.19509996875 0.543208921875 0.2141726875 0.580485546875 0.19798846875 0.596565078125 0.21901703125 0.61877140625 0.221841578125 0.651926125 0.2163105 0.6810665625 0.1966726875 0.698253890625 0.174561671875 0.706107484375 0.152289546875 0.7049451875 0.131338234375 0.699248109375 0.1172374375 0.688211390625 0.09548203125 0.666476 0.075053390625 0.633401984375 0.06201453125 0.60158384375 0.0625116875
47 0.694760734375 0.227091046875 0.72309090625 0.252719546875 0.7360555 0.309834296875 0.7471704375 0.315876140625 0.76603225 0.30825546875 0.76776634375 0.3062909375 0.774000234375 0.3050361875 0.78571078125 0.300304828125 0.79495571875 0.28182403125 0.787463859375 0.24103546875 0.79327334375 0.2429013125 0.815618359375 0.271790578125 0.84327571875 0.270727546875 0.842759625 0.2638888125 0.81484371875 0.194794515625 0.7955278125 0.1678411875 0.74429646875 0.12028896875 0.712653078125 0.1107446875 0.6931450625 0.1186264375 0.683464609375 0.14907965625 0.684371421875 0.187473125 0.690458640625 0.213662296875 0.694760734375 0.227091046875
47 0.92203215625 0.36277084375 0.9034920625 0.3154921875 0.881161640625 0.2908100625 0.852670390625 0.274515296875 0.823461890625 0.274519828125 0.803004078125 0.2878409375 0.79223359375 0.3056741875 0.77446840625 0.314537 0.759659 0.339057703125 0.75048340625 0.370570859375 0.7525316875 0.403447515625 0.7408245625 0.430085234375 0.738453421875 0.47148828125 0.7518866875 0.4963946875 0.792216296875 0.5239159375 0.79484990625 0.5582413125 0.82967696875 0.616634328125 0.844383625 0.618275890625 0.867095234375 0.585506859375 0.8791384375 0.600021015625 0.8970521875 0.6092141875 0.944548890625 0.59002428125 0.94506253125 0.589395453125 0.95055053125 0.554316546875 0.9461609375 0.515645 0.92817703125 0.461400796875 0.937893515625 0.4743271875 0.941551953125 0.46947865625 0.95782434375 0.476385875 0.9783113125 0.471479015625 0.989667125 0.4550945 0.994628109375 0.435395421875 0.994540359375 0.4310071875 0.95941434375 0.344067234375 0.9507580625 0.335155328125 0.907369921875 0.31813846875 0.923949203125 0.35778328125 0.92203215625 0.36277084375
47 1 0.73649325 0.961005546875 0.639978578125 0.959110109375 0.638067890625 0.931043078125 0.632555609375 0.9121364375 0.646935234375 0.8882694375 0.625401734375 0.8650169375 0.61373121875 0.845290953125 0.6149601875 0.83062803125 0.62594003125 0.796298125 0.59936515625 0.800819640625 0.6202886875 0.785468640625 0.655982078125 0.786492796875 0.67242040625 0.7797320625 0.675151921875 0.76588846875 0.69928240625 0.7513720625 0.696721359375 0.74326503125 0.701682015625 0.74257696875 0.726395578125 0.734703921875 0.743058171875 0.755131890625 0.776935 0.748239265625 0.797414515625 0.7364738125 0.807223703125 0.72466459375 0.804411484375 0.720947828125 0.79243146875 0.723435625 0.784685484375 0.708860890625 0.76529590625 0.69343765625 0.72434140625 0.6889745 0.72024640625 0.6775749375 0.724009515625 0.6559763125 0.68723525 0.6402746875 0.677569609375 0.622480328125 0.67801815625 0.597807921875 0.70315334375 0.587242265625 0.724274265625 0.579822640625 0.76013359375 0.584855875 0.817082390625 0.59527434375 0.86511459375 0.610873234375 0.900942484375 0.626413796875 0.919941859375 0.60339528125 0.91997328125 0.591805484375 0.924655859375 0.590093265625 0.93293109375 0.595346578125 0.941762484375 0.606175390625 0.94075778125 0.6179991875 0.947777125 0.641968921875 0.943148359375 0.654187796875 0.95253590625 0.666245578125 0.9712571875 0.672816046875 0.96944515625 0.702756359375 0.957348484375 0.711624375 0.9487099375 0.724970140625 0.94837353125 0.918616359375 0.870135390625 0.9314500625 0.8615798125 0.942191359375 0.8353323125 0.9499470625 0.84062484375 0.9640538125 0.8366105625 0.993350484375 0.806236625 1 0.78339915625 1 0.73649325
