47 0.44835865625 0.193479609375 0.432516484375 0.2551411875 0.427781015625 0.2556223125 0.430198921875 0.2664301875 0.420359453125 0.27188428125 0.422658625 0.27989959375 0.4254573125 0.273346078125 0.42994303125 0.280149359375 0.42447665625 0.283179421875 0.430168265625 0.298604015625 0.427476046875 0.320819625 0.39885634375 0.285947453125 0.346796734375 0.259066046875 0.322275828125 0.254793296875 0.2307273125 0.2598053125 0.19829759375 0.273493828125 0.181529953125 0.28707584375 0.146283140625 0.326622171875 0.129503234375 0.353073734375 0.114641734375 0.404901984375 0.1142486875 0.435132890625 0.128768453125 0.487110546875 0.15761953125 0.534002609375 0.19655984375 0.568156140625 0.248744328125 0.59139534375 0.26659296875 0.590076828125 0.298428953125 0.562425515625 0.301583890625 0.5642496875 0.30206503125 0.56898515625 0.275339171875 0.585228734375 0.25090634375 0.615922375 0.237150375 0.654275078125 0.230623625 0.7507904375 0.241875828125 0.79171659375 0.25860053125 0.823177921875 0.28722025 0.85805009375 0.315977109375 0.87641053125 0.377513796875 0.89589490625 0.421826265625 0.898486765625 0.429477140625 0.896389609375 0.524409828125 0.8437675625 0.527386640625 0.841402890625 0.566044296875 0.789961546875 0.57541490625 0.7669024375 0.589439046875 0.70196103125 0.586196015625 0.66517046875 0.57033321875 0.621083234375 0.542444390625 0.583662125 0.501923546875 0.551813890625 0.493545859375 0.552170140625 0.4882105 0.54512321875 0.461390421875 0.532835171875 0.4209699375 0.523083796875 0.409431171875 0.528050640625 0.4038521875 0.521853375 0.394868484375 0.52111634375 0.4238935 0.512888078125 0.44931925 0.4594915625 0.454822421875 0.41785290625 0.439672109375 0.39052103125 0.432668140625 0.35081303125 0.440908671875 0.366968515625 0.44416396875 0.390889546875 0.458827 0.419920703125 0.484910046875 0.4411924375 0.5202326875 0.449482046875 0.55034484375 0.44708253125 0.5876349375 0.429270671875 0.62409378125 0.39191090625 0.654123984375 0.34811021875 0.672746453125 0.299199421875 0.6765319375 0.276377796875 0.673155171875 0.2322555625 0.618979421875 0.1345199375 0.598249890625 0.11968328125 0.567906375 0.11006290625 0.537675453125 0.109669875 0.5035464375 0.122871125 0.483617734375 0.14106375 0.44835865625 0.193479609375
47 0.479928703125 0.317470109375 0.493123828125 0.358033890625 0.530946328125 0.4185325 0.574009984375 0.45754640625 0.644161859375 0.48225965625 0.667643234375 0.47853346875 0.68592825 0.468397921875 0.715949484375 0.446754703125 0.7685798125 0.42258340625 0.795474359375 0.407675515625 0.805598 0.39706171875 0.8183733125 0.368542359375 0.825450875 0.331033171875 0.824013625 0.31039196875 0.808001421875 0.295686 0.864446390625 0.3072738125 0.92187815625 0.30259353125 0.954419921875 0.2884625625 0.85519521875 0.109456484375 0.732475140625 0.177481328125 0.731013359375 0.1825791875 0.7259155 0.18111740625 0.479928703125 0.317470109375
47 1 0.5535366875 0.997002328125 0.556079796875 0.966972109375 0.59988046875 0.944214046875 0.6568004375 0.936043203125 0.694915640625 0.938905453125 0.749067578125 0.95926009375 0.793523328125 0.976365578125 0.80762328125 1 0.7944404375 1 0.5535366875
47 0.709358609375 0.80163215625 0.717586890625 0.830657171875 0.685763171875 0.84543896875 0.682964484375 0.851992484375 0.695547453125 0.89789775 0.7197879375 0.941628734375 0.7245959375 0.94718146875 0.82440040625 0.891858953125 0.72882221875 0.719431328125 0.72145209375 0.72418359375 0.70831440625 0.750760046875 0.709358609375 0.80163215625
47 0.629308796875 1 0.659862578125 0.983063765625 0.6591971875 0.980574203125 0.6010633125 0.875697921875 0.57111053125 0.856469140625 0.540160984375 0.8457555 0.51648971875 0.841726375 0.48188571875 0.843757375 0.44593865625 0.8536788125 0.427353 0.863981015625 0.400377375 0.887509 0.375457296875 0.919901921875 0.354392390625 0.983743921875 0.35450290625 1 0.629308796875 1
47 0.288508484375 1 0.299539234375 0.98985325 0.32191653125 0.95029465625 0.327854328125 0.8984821875 0.295159984375 0.83950003125 0.285361234375 0.834069703125 0.224461203125 0.783504765625 0.2117165625 0.779850296875 0.191437734375 0.78323046875 0.191605546875 0.73454490625 0.184239171875 0.692893984375 0.159879953125 0.6463704375 0.128224046875 0.612466671875 0.135027328125 0.607980953125 0.137588515625 0.5958423125 0.129259890625 0.5447204375 0.119444953125 0.52443546875 0.09300565625 0.494786046875 0.064248796875 0.476425609375 0.011814546875 0.460470828125 0 0.46131671875 0 0.629308796875 0.2054775 1 0.288508484375 1
47 0.375658109375 0 0.23681990625 0.077421765625 0.2754981875 0.131729234375 0.291148015625 0.14449228125 0.316880953125 0.150951578125 0.334123578125 0.148539796875 0.3495604375 0.12997865625 0.401550359375 0.102589375 0.431425015625 0.094604734375 0.461856203125 0.092385671875 0.491669640625 0.0758598125 0.501881859375 0.054120671875 0.503675703125 0.02319396875 0.490819078125 0 0.375658109375 0
47 0.211016734375 0.335759328125 0.2234419375 0.292427515625 0.223347703125 0.263895890625 0.20581015625 0.193582328125 0.20393065625 0.159251640625 0.17559959375 0.108141046875 0.018270328125 0.195350078125 0.1399126875 0.413761140625 0.170696984375 0.396697125 0.191681765625 0.36791475 0.211016734375 0.335759328125
47 0.350439765625 0.1309204375 0.331473328125 0.158584015625 0.3212469375 0.187834265625 0.31866734375 0.219277203125 0.3247029375 0.255949015625 0.3500366875 0.299073984375 0.415653796875 0.368462078125 0.4569178125 0.384891875 0.505722125 0.387852234375 0.510716078125 0.38687053125 0.624771953125 0.323648328125 0.63132996875 0.315368296875 0.643736765625 0.29134078125 0.651051828125 0.25941671875 0.652894390625 0.23695746875 0.650622859375 0.223835359375 0.605134078125 0.1417714375 0.587195328125 0.12616821875 0.547030734375 0.102697671875 0.48282021875 0.086124609375 0.438139234375 0.08802459375 0.408264578125 0.096009234375 0.350439765625 0.1309204375
47 0.587704625 0 0.630821828125 0.05232121875 0.69623609375 0.0160615 0.6873330625 0 0.587704625 0
