106 0.8843749999999999 0.3265625 0.22109374999999998 0.38203125000000004
106 0.1796875 0.428125 0.19609374999999998 0.23281250000000003
106 0.49296875 0.44296875 0.20781250000000007 0.29374999999999996
106 0.70703125 0.47578125 0.23203125000000002 0.37265625
106 0.5 0.509375 1.0 0.98125
106 0.09140625 0.6546875 0.1828125 0.27656250000000004
106 0.871875 0.70703125 0.24765625000000002 0.321875
106 0.58125 0.7578125 0.21484375 0.33046875
106 0.31328125 0.859375 0.22187499999999996 0.28046874999999993
106 0.13203125 0.8734375000000001 0.1796875 0.25234375
106 0.68671875 0.1703125 0.18828125000000007 0.28203125
